accuracy	0.547806	0.511778	0.551501	0.546420	0.632333	0.557506	0.555196	0.548268	0.497921	0.635104	0.598152	0.556582	0.678522	0.564896	0.513164	0.545035	0.541801	0.544111	0.552425	0.555658
recall	0.504636	0.548335	0.504264	0.502111	0.582157	0.504342	0.504725	0.500000	0.543735	0.588439	0.625307	0.508791	0.671243	0.505591	0.553953	0.503606	0.505688	0.584341	0.502660	0.502685
precision	0.727526	0.680501	0.691632	0.689478	0.670475	0.694651	0.731240	0.274134	0.655260	0.684560	0.664515	0.750245	0.682096	0.687776	0.676187	0.716244	0.681551	0.662366	0.704290	0.705912
f1score	0.363057	0.426225	0.364688	0.357946	0.546698	0.367325	0.366313	0.354117	0.417603	0.552319	0.582046	0.374101	0.670344	0.373335	0.436402	0.360050	0.363877	0.501349	0.361446	0.362835
mcc	0.064955	0.186811	0.057171	0.040003	0.236692	0.058143	0.066109	0.000000	0.164807	0.255518	0.287158	0.093806	0.353173	0.064804	0.194996	0.055849	0.064271	0.234043	0.046625	0.047027
spd0-0	0.993721	0.056897	0.993127	0.996562	0.838184	0.993111	0.993612	1.000000	0.046884	0.839725	0.213372	0.989229	0.580589	0.990665	0.050779	0.994842	0.990390	0.123563	0.995968	0.995984
spd0-1	1.000000	0.131765	1.000000	1.000000	0.959732	1.000000	1.000000	1.000000	0.194712	0.964115	0.400000	1.000000	0.806452	1.000000	0.210648	1.000000	1.000000	0.263529	1.000000	1.000000
spd0	0.006279	0.074868	0.006873	0.003438	0.121548	0.006889	0.006388	0.000000	0.147828	0.124390	0.186628	0.010771	0.225862	0.009335	0.159869	0.005158	0.009610	0.139966	0.004032	0.004016
aod0-0	1.986907	0.111247	1.985911	1.992949	1.658223	1.985521	1.986669	2.000000	0.090047	1.665379	0.415749	1.977243	1.160985	1.980434	0.097226	1.989269	1.980265	0.237696	1.991568	1.991576
aod0-1	2.000000	0.227084	2.000000	2.000000	1.892427	2.000000	2.000000	2.000000	0.344039	1.902093	0.702928	2.000000	1.525915	2.000000	0.368607	2.000000	2.000000	0.452727	2.000000	2.000000
aod0	0.006546	0.057918	0.007044	0.003526	0.117102	0.007239	0.006666	0.000000	0.126996	0.118357	0.143590	0.011379	0.182465	0.009783	0.135691	0.005366	0.009868	0.107515	0.004216	0.004212
eod0-0	0.998912	0.098214	0.997788	0.998894	0.915701	0.997852	0.998894	1.000000	0.075431	0.926518	0.317829	0.998929	0.748268	0.996725	0.083696	0.998907	0.996736	0.188375	0.998912	0.998920
eod0-1	1.000000	0.172662	1.000000	1.000000	0.993056	1.000000	1.000000	1.000000	0.248148	0.986063	0.506849	1.000000	0.901754	1.000000	0.295880	1.000000	1.000000	0.352727	1.000000	1.000000
eod0	0.001088	0.074448	0.002212	0.001106	0.077355	0.002148	0.001106	0.000000	0.172717	0.059545	0.189020	0.001071	0.153486	0.003275	0.212184	0.001093	0.003264	0.164353	0.001088	0.001080
spd1-0	0.992292	0.049261	0.992403	0.995742	0.828511	0.992938	0.992215	1.000000	0.051372	0.825000	0.213986	0.987106	0.579700	0.989510	0.056068	0.993680	0.990278	0.107975	0.995813	0.995091
spd1-1	1.000000	0.114247	0.998605	1.000000	0.929144	0.997330	1.000000	1.000000	0.120968	0.940690	0.325170	0.998700	0.723099	0.998639	0.132275	1.000000	0.995862	0.232620	0.998634	1.000000
spd1	0.007708	0.064986	0.006202	0.004258	0.100633	0.004392	0.007785	0.000000	0.069595	0.115690	0.111184	0.011594	0.143399	0.009129	0.076207	0.006320	0.005584	0.124646	0.002821	0.004909
aod1-0	1.984320	0.097545	1.984130	1.991311	1.643034	1.985388	1.983830	2.000000	0.098105	1.638708	0.416944	1.973912	1.163702	1.978291	0.109356	1.987233	1.980339	0.205648	1.991202	1.989847
aod1-1	2.000000	0.197469	1.997647	2.000000	1.833508	1.994351	2.000000	2.000000	0.222329	1.859353	0.593123	1.996528	1.381806	1.996364	0.233580	2.000000	1.990877	0.427157	1.997727	2.000000
aod1	0.007840	0.049962	0.006759	0.004345	0.095237	0.004481	0.008085	0.000000	0.062112	0.110322	0.088090	0.011308	0.109052	0.009036	0.062112	0.006383	0.005269	0.110755	0.003262	0.005076
eod1-0	0.998626	0.081831	0.998686	0.998621	0.915900	0.998643	0.998645	1.000000	0.086093	0.923584	0.324433	0.998586	0.757241	0.996016	0.094650	0.998613	0.997264	0.173684	1.000000	0.998658
eod1-1	1.000000	0.169978	0.997647	1.000000	0.962185	0.997835	1.000000	1.000000	0.162528	0.967880	0.430493	1.000000	0.835681	1.000000	0.189956	1.000000	0.997680	0.315315	0.997727	1.000000
eod1	0.001374	0.088147	0.001039	0.001379	0.046285	0.000808	0.001355	0.000000	0.076436	0.044296	0.106061	0.001414	0.078439	0.003984	0.095306	0.001387	0.000416	0.141631	0.002273	0.001342
spd2-0	0.994155	0.004179	0.993593	0.997013	0.844666	0.993560	0.993522	1.000000	0.017069	0.841138	0.164713	0.989254	0.584400	0.991701	0.018322	0.994633	0.990783	0.077693	0.995885	0.995803
spd2-1	0.997797	0.302041	0.997768	0.997963	0.932462	0.997812	1.000000	1.000000	0.287554	0.943515	0.575163	0.997959	0.785235	0.995816	0.312896	1.000000	0.997669	0.418455	1.000000	1.000000
spd2	0.003642	0.297862	0.004174	0.000950	0.087796	0.004252	0.006478	0.000000	0.270485	0.102377	0.410451	0.008705	0.200834	0.004115	0.294575	0.005367	0.006886	0.340762	0.004115	0.004197
aod2-0	1.988206	0.008343	1.986964	1.994005	1.677718	1.986805	1.986720	2.000000	0.033724	1.673084	0.325687	1.978051	1.175611	1.982947	0.036299	1.989077	1.981404	0.152082	1.991548	1.991435
aod2-1	1.992958	0.501674	1.993007	1.993506	1.824784	1.993007	2.000000	2.000000	0.484785	1.843095	1.022222	1.993711	1.445915	1.986301	0.527552	2.000000	1.993197	0.745626	2.000000	2.000000
aod2	0.002376	0.246665	0.003021	0.000249	0.073533	0.003101	0.006640	0.000000	0.225530	0.085006	0.348268	0.007830	0.135152	0.001677	0.245627	0.005461	0.005897	0.296772	0.004226	0.004283
eod2-0	0.998844	0.005945	0.997730	0.998812	0.924259	0.997740	0.998856	1.000000	0.024027	0.927765	0.251435	0.998833	0.750297	0.996595	0.032710	0.998833	0.996591	0.128995	0.998865	0.998833
eod2-1	1.000000	0.393393	1.000000	1.000000	0.960123	1.000000	1.000000	1.000000	0.358025	0.973529	0.666667	1.000000	0.883871	1.000000	0.386707	1.000000	1.000000	0.484756	1.000000	1.000000
eod2	0.001156	0.387448	0.002270	0.001188	0.035864	0.002260	0.001144	0.000000	0.333997	0.045764	0.415232	0.001167	0.133574	0.003405	0.353997	0.001167	0.003409	0.355761	0.001135	0.001167
wcspd-000	0.989733	0.000000	0.990020	0.994726	0.782241	0.989648	0.988433	1.000000	0.000000	0.775051	0.118135	0.982328	0.506404	0.985582	0.000000	0.990586	0.986220	0.050686	0.993691	0.992806
wcspd-010	1.000000	0.000000	0.997326	1.000000	0.893401	0.997531	1.000000	1.000000	0.000000	0.911227	0.152672	0.997573	0.630027	1.000000	0.000000	1.000000	0.995098	0.067797	0.997531	1.000000
wcspd-100	1.000000	0.033333	1.000000	1.000000	0.942731	1.000000	1.000000	1.000000	0.075472	0.961538	0.324074	1.000000	0.787037	1.000000	0.084112	1.000000	1.000000	0.159483	1.000000	1.000000
wcspd-110	1.000000	0.000000	1.000000	1.000000	0.971223	1.000000	1.000000	1.000000	0.107438	0.949153	0.280303	1.000000	0.745614	1.000000	0.100000	1.000000	1.000000	0.177570	1.000000	1.000000
wcspd-001	0.994975	0.221675	0.994652	0.995413	0.887850	1.000000	1.000000	1.000000	0.172414	0.893519	0.443902	0.994949	0.666667	0.994898	0.193237	1.000000	1.000000	0.235294	1.000000	1.000000
wcspd-011	1.000000	0.284211	1.000000	1.000000	0.963415	0.994152	1.000000	1.000000	0.261111	0.982353	0.649682	1.000000	0.844156	0.994444	0.269663	1.000000	0.993750	0.517045	1.000000	1.000000
wcspd-101	1.000000	0.545455	1.000000	1.000000	1.000000	1.000000	1.000000	1.000000	0.564103	0.973684	0.704545	1.000000	0.854167	1.000000	0.600000	1.000000	1.000000	0.588235	1.000000	1.000000
wcspd-111	1.000000	0.484375	1.000000	1.000000	0.980392	1.000000	1.000000	1.000000	0.681818	1.000000	0.754717	1.000000	0.964286	1.000000	0.735849	1.000000	1.000000	0.692308	1.000000	1.000000
wcspd	0.010267	0.545455	0.009980	0.005274	0.217759	0.010352	0.011567	0.000000	0.681818	0.224949	0.636582	0.017672	0.457882	0.014418	0.735849	0.009414	0.013780	0.641621	0.006309	0.007194
wcaod-000	1.980630	0.000000	1.980900	1.989943	1.572391	1.980249	1.978058	2.000000	0.000000	1.562130	0.246144	1.966639	1.056418	1.972168	0.000000	1.982148	1.973640	0.104465	1.988095	1.986166
wcaod-010	2.000000	0.000000	1.994792	2.000000	1.772403	1.995690	2.000000	2.000000	0.000000	1.814146	0.293422	1.994536	1.241294	2.000000	0.000000	2.000000	1.990101	0.129816	1.995536	2.000000
wcaod-100	2.000000	0.063792	2.000000	2.000000	1.853373	2.000000	2.000000	2.000000	0.135062	1.903640	0.577778	2.000000	1.532021	2.000000	0.148208	2.000000	2.000000	0.275466	2.000000	2.000000
wcaod-110	2.000000	0.000000	2.000000	2.000000	1.934380	2.000000	2.000000	2.000000	0.211996	1.878141	0.518032	2.000000	1.433789	2.000000	0.184363	2.000000	2.000000	0.319767	2.000000	2.000000
wcaod-001	1.986842	0.406162	1.985507	1.987805	1.758494	2.000000	2.000000	2.000000	0.295521	1.753676	0.799606	1.987013	1.274453	1.985075	0.351969	2.000000	2.000000	0.419118	2.000000	2.000000
wcaod-011	2.000000	0.427258	2.000000	2.000000	1.857143	1.980392	2.000000	2.000000	0.459188	1.943468	1.184415	2.000000	1.584098	1.981481	0.403101	2.000000	1.980000	0.930579	2.000000	2.000000
wcaod-101	2.000000	0.805000	2.000000	2.000000	2.000000	2.000000	2.000000	2.000000	0.799107	1.857143	1.152778	2.000000	1.393162	2.000000	0.866667	2.000000	2.000000	0.625000	2.000000	2.000000
wcaod-111	2.000000	0.894419	2.000000	2.000000	1.916667	2.000000	2.000000	2.000000	1.269841	2.000000	1.422078	2.000000	1.836735	2.000000	1.366300	2.000000	2.000000	1.384615	2.000000	2.000000
wcaod	0.009685	0.447210	0.009550	0.006098	0.213805	0.009876	0.010971	0.000000	0.634921	0.218935	0.587967	0.016680	0.390159	0.013916	0.683150	0.008926	0.013180	0.640075	0.005952	0.006917
wceod-000	0.997773	0.000000	0.997881	0.997680	0.890110	0.997792	0.997743	1.000000	0.000000	0.894168	0.188341	0.997768	0.699774	0.993363	0.000000	0.997743	0.995781	0.086283	1.000000	0.997817
wceod-010	1.000000	0.000000	0.994792	1.000000	0.926724	0.995690	1.000000	1.000000	0.000000	0.947867	0.227488	1.000000	0.741294	1.000000	0.000000	1.000000	0.995536	0.109091	0.995536	1.000000
wceod-100	1.000000	0.036765	1.000000	1.000000	0.992908	1.000000	1.000000	1.000000	0.095588	0.992248	0.429630	1.000000	0.869231	1.000000	0.137097	1.000000	1.000000	0.242857	1.000000	1.000000
wceod-110	1.000000	0.000000	1.000000	1.000000	0.987952	1.000000	1.000000	1.000000	0.119403	0.963855	0.367089	1.000000	0.880597	1.000000	0.148649	1.000000	1.000000	0.250000	1.000000	1.000000
wceod-001	1.000000	0.310924	1.000000	1.000000	0.907143	1.000000	1.000000	1.000000	0.242188	0.941176	0.553030	1.000000	0.787611	1.000000	0.251969	1.000000	1.000000	0.286765	1.000000	1.000000
wceod-011	1.000000	0.369565	1.000000	1.000000	1.000000	1.000000	1.000000	1.000000	0.302326	0.992248	0.719298	1.000000	0.917431	1.000000	0.333333	1.000000	1.000000	0.603306	1.000000	1.000000
wceod-101	1.000000	0.680000	1.000000	1.000000	1.000000	1.000000	1.000000	1.000000	0.656250	1.000000	0.777778	1.000000	0.948718	1.000000	0.666667	1.000000	1.000000	0.625000	1.000000	1.000000
wceod-111	1.000000	0.509804	1.000000	1.000000	1.000000	1.000000	1.000000	1.000000	0.714286	1.000000	0.785714	1.000000	0.979592	1.000000	0.794872	1.000000	1.000000	0.692308	1.000000	1.000000
wceod	0.002227	0.680000	0.005208	0.002320	0.109890	0.004310	0.002257	0.000000	0.714286	0.105832	0.597373	0.002232	0.279818	0.006637	0.794872	0.002257	0.004464	0.606025	0.004464	0.002183
