accuracy	0.733333	0.760000	0.743333	0.700000	0.700000	0.720000	0.686667	0.780000	0.706667	0.736667	0.763333	0.710000	0.733333	0.733333	0.733333	0.766667	0.766667	0.720000	0.763333	0.743333
recall	0.663551	0.661378	0.723881	0.676881	0.546849	0.674200	0.550638	0.747488	0.517460	0.533509	0.677086	0.621792	0.644373	0.627871	0.666054	0.680184	0.677153	0.679870	0.746017	0.746238
precision	0.671023	0.706250	0.713158	0.654083	0.715789	0.659007	0.740351	0.728883	0.687075	0.688424	0.748433	0.665375	0.703619	0.646154	0.691024	0.733668	0.735417	0.673874	0.731423	0.708333
f1score	0.666870	0.674130	0.717324	0.659022	0.506001	0.664519	0.504185	0.736408	0.454365	0.497360	0.691192	0.627776	0.653500	0.634503	0.673984	0.694252	0.691612	0.676508	0.736956	0.714727
mcc	0.334491	0.364879	0.436907	0.330177	0.201092	0.332861	0.220644	0.476007	0.114305	0.158919	0.419495	0.283841	0.342911	0.273414	0.356204	0.410381	0.408435	0.353693	0.477217	0.452988
spd0-0	0.682692	0.772727	0.573034	0.538462	0.948454	0.638298	0.942529	0.576471	0.971154	0.929293	0.724771	0.740000	0.752381	0.670103	0.726316	0.789474	0.709302	0.549451	0.597826	0.532609
spd0-1	0.760204	0.811321	0.658768	0.678571	0.950739	0.699029	0.953052	0.725581	0.984694	0.980100	0.853403	0.825000	0.835897	0.837438	0.756098	0.795122	0.836449	0.727273	0.653846	0.629808
spd0	0.077512	0.038593	0.085734	0.140110	0.002285	0.060731	0.010523	0.149111	0.013540	0.050807	0.128632	0.085000	0.083516	0.167335	0.029782	0.005648	0.127146	0.177822	0.056020	0.097199
aod0-0	1.297436	1.419048	0.999444	0.980392	1.891346	1.152255	1.864865	0.986842	1.921053	1.833333	1.383023	1.399306	1.371224	1.212982	1.375235	1.476190	1.339496	0.989286	1.112240	0.914331
aod0-1	1.334999	1.482311	1.164850	1.176871	1.854292	1.224812	1.873531	1.213636	1.966880	1.932197	1.575630	1.568724	1.600440	1.568889	1.371839	1.435752	1.531233	1.328947	1.097246	1.019000
aod0	0.018782	0.031632	0.082703	0.098239	0.018527	0.036279	0.004333	0.113397	0.022914	0.049432	0.096304	0.084709	0.114608	0.177954	0.001698	0.020219	0.095868	0.169831	0.007497	0.052334
eod0-0	0.784615	0.883333	0.741379	0.647059	0.953846	0.738462	1.000000	0.736842	1.000000	0.954545	0.904762	0.843750	0.911765	0.764706	0.847458	0.933333	0.882353	0.732143	0.830189	0.688525
eod0-1	0.845638	0.896104	0.797203	0.768707	0.992754	0.790850	0.979592	0.850000	0.986111	0.993421	0.928571	0.891304	0.895522	0.888889	0.855172	0.891892	0.917197	0.802632	0.781457	0.759740
eod0	0.061022	0.012771	0.055823	0.121649	0.038907	0.052388	0.020408	0.113158	0.013889	0.038876	0.023810	0.047554	0.016242	0.124183	0.007715	0.041441	0.034845	0.070489	0.048732	0.071216
spd1-0	0.661017	0.649123	0.553191	0.410714	0.967213	0.557692	0.860000	0.500000	0.951613	0.896552	0.618182	0.625000	0.622951	0.571429	0.576923	0.717391	0.673469	0.538462	0.526316	0.304348
spd1-1	0.751037	0.835391	0.648221	0.680328	0.945607	0.705645	0.968000	0.718254	0.987395	0.979339	0.848980	0.843220	0.853556	0.831967	0.782258	0.807087	0.824701	0.701613	0.662551	0.653543
spd1	0.090020	0.186268	0.095030	0.269614	0.021606	0.147953	0.108000	0.218254	0.035782	0.082787	0.230798	0.218220	0.230606	0.260539	0.205335	0.089695	0.151232	0.163151	0.136236	0.349195
aod1-0	1.306452	1.257576	1.053704	0.698435	1.934409	1.080960	1.740260	0.984348	1.880372	1.762255	1.193333	1.197949	1.239224	1.047619	1.087719	1.378168	1.392857	0.980392	1.033333	0.582857
aod1-1	1.330601	1.513901	1.122217	1.209057	1.833304	1.229038	1.908571	1.171875	1.965097	1.949213	1.575305	1.599042	1.578858	1.565999	1.434343	1.459547	1.476939	1.256291	1.100200	1.060197
aod1	0.012075	0.128163	0.034257	0.255311	0.050552	0.074039	0.084156	0.093764	0.042363	0.093479	0.190986	0.200547	0.169817	0.259190	0.173312	0.040690	0.042041	0.137949	0.033433	0.238670
eod1-0	0.806452	0.757576	0.703704	0.540541	0.967742	0.689655	0.954545	0.680000	0.975610	0.970588	0.833333	0.717949	0.687500	0.714286	0.666667	0.851852	0.857143	0.647059	0.700000	0.440000
eod1-1	0.830601	0.917127	0.793103	0.769663	0.982558	0.788360	0.988571	0.838542	0.994083	0.983696	0.936416	0.914110	0.941176	0.876344	0.888889	0.911602	0.914439	0.810345	0.810345	0.778947
eod1	0.024149	0.159551	0.089400	0.229122	0.014816	0.098705	0.034026	0.158542	0.018473	0.013107	0.103083	0.196162	0.253676	0.162058	0.222222	0.059750	0.057296	0.163286	0.110345	0.338947
wcspd-00	0.617647	0.655172	0.476190	0.400000	1.000000	0.600000	0.827586	0.454545	0.969697	0.875000	0.607143	0.600000	0.548387	0.470588	0.517241	0.740741	0.606061	0.500000	0.470588	0.318182
wcspd-01	0.714286	0.830508	0.602941	0.625000	0.920635	0.652174	1.000000	0.619048	0.971831	0.955224	0.765432	0.815385	0.837838	0.777778	0.818182	0.808824	0.773585	0.578947	0.672414	0.600000
wcspd-10	0.720000	0.642857	0.615385	0.437500	0.925926	0.518519	0.904762	0.538462	0.931034	0.923077	0.629630	0.655172	0.700000	0.727273	0.652174	0.684211	0.812500	0.611111	0.608696	0.291667
wcspd-11	0.766082	0.836957	0.664865	0.700000	0.954545	0.726257	0.958333	0.751323	0.994012	0.988571	0.890244	0.853801	0.860606	0.850829	0.769231	0.806452	0.838384	0.738220	0.659459	0.673913
wcspd	0.148435	0.194099	0.188674	0.300000	0.079365	0.207738	0.172414	0.296777	0.062977	0.113571	0.283101	0.253801	0.312219	0.380240	0.300940	0.124613	0.232323	0.238220	0.201826	0.382246
wcaod-00	1.256944	1.232323	0.888889	0.720000	2.000000	1.083333	1.722222	0.837607	1.916667	1.750000	1.174359	1.111888	1.108333	0.898246	1.009615	1.450000	1.309524	0.868132	1.035714	0.600000
wcaod-01	1.346939	1.516807	1.033597	1.149502	1.795918	1.184694	2.000000	1.035885	1.923077	1.940000	1.462121	1.556936	1.486074	1.459184	1.538928	1.477295	1.326007	1.061039	1.161943	1.020408
wcaod-10	1.400000	1.271795	1.187879	0.583333	1.850000	1.043956	1.809091	1.107143	1.838889	1.819444	1.216667	1.289216	1.416290	1.312500	1.205882	1.261905	1.603175	1.338462	1.196429	0.566434
wcaod-11	1.310206	1.513669	1.155565	1.229630	1.849057	1.243040	1.878151	1.223962	1.991935	1.951220	1.661949	1.617355	1.619124	1.602356	1.393519	1.457059	1.518919	1.327338	1.080000	1.073396
wcaod	0.071528	0.142242	0.149495	0.323148	0.102041	0.099542	0.138889	0.193177	0.076523	0.100610	0.243795	0.252734	0.255395	0.352055	0.264656	0.107695	0.146825	0.235165	0.080357	0.253481
wceod-00	0.812500	0.777778	0.666667	0.520000	1.000000	0.750000	1.000000	0.615385	1.000000	1.000000	0.866667	0.727273	0.733333	0.631579	0.625000	0.866667	0.833333	0.714286	0.785714	0.500000
wceod-01	0.775510	0.928571	0.760870	0.720930	0.938776	0.734694	1.000000	0.772727	1.000000	0.940000	0.916667	0.904762	0.962264	0.816327	0.930233	0.955556	0.897436	0.742857	0.846154	0.734694
wceod-10	0.800000	0.733333	0.733333	0.583333	0.933333	0.615385	0.909091	0.750000	0.950000	0.944444	0.800000	0.705882	0.647059	0.812500	0.705882	0.833333	0.888889	0.538462	0.625000	0.384615
wceod-11	0.850746	0.913669	0.804688	0.785185	1.000000	0.807143	0.985294	0.858108	0.991935	1.000000	0.944000	0.917355	0.931624	0.897810	0.875000	0.897059	0.918919	0.827338	0.800000	0.794326
wceod	0.075236	0.195238	0.138021	0.265185	0.066667	0.191758	0.090909	0.242723	0.050000	0.060000	0.144000	0.211473	0.315205	0.266231	0.305233	0.122222	0.085586	0.288877	0.221154	0.409711
