accuracy	0.664203	0.670670	0.683603	0.673903	0.683141	0.674365	0.664203	0.671594	0.666051	0.662818	0.672979	0.668822	0.676212	0.673903	0.678522	0.672517	0.666975	0.680831	0.666975	0.655427
recall	0.647119	0.657958	0.676717	0.661661	0.665650	0.661245	0.645754	0.651356	0.651089	0.648933	0.650774	0.653603	0.669834	0.661070	0.664696	0.659285	0.653948	0.662321	0.644748	0.641090
precision	0.676745	0.675669	0.680820	0.676644	0.677445	0.672781	0.670301	0.687702	0.665557	0.655984	0.688881	0.672331	0.678014	0.669468	0.681548	0.679288	0.678543	0.685110	0.684485	0.653163
f1score	0.641395	0.656074	0.677576	0.660833	0.667399	0.661756	0.642451	0.645248	0.650690	0.650084	0.644880	0.652000	0.669435	0.662198	0.664073	0.656893	0.649149	0.661451	0.637223	0.640652
mcc	0.322506	0.333156	0.357513	0.337974	0.342892	0.333827	0.315101	0.337104	0.316315	0.304836	0.337510	0.325396	0.347751	0.330432	0.345833	0.337981	0.331580	0.346683	0.326826	0.294006
spd0-0	0.686073	0.638506	0.572165	0.628653	0.626310	0.614237	0.677120	0.699373	0.636364	0.597023	0.706977	0.647392	0.584055	0.602100	0.636469	0.653868	0.664782	0.659770	0.716014	0.621343
spd0-1	0.803874	0.767059	0.658711	0.747619	0.722595	0.742317	0.767494	0.830097	0.740385	0.739234	0.815730	0.775561	0.721198	0.716186	0.750000	0.745238	0.795455	0.778824	0.818182	0.765403
spd0	0.117801	0.128553	0.086546	0.118966	0.096285	0.128080	0.090375	0.130725	0.104021	0.142211	0.108754	0.128169	0.137143	0.114086	0.113531	0.091370	0.130672	0.119053	0.102168	0.144060
aod0-0	1.357373	1.268011	1.132050	1.246062	1.219906	1.206358	1.339832	1.382650	1.254266	1.172569	1.398963	1.276897	1.167924	1.183138	1.253131	1.291204	1.317723	1.297602	1.414641	1.225304
aod0-1	1.549537	1.429110	1.188901	1.389592	1.332809	1.405585	1.449467	1.573232	1.398681	1.367104	1.544946	1.473726	1.328836	1.318903	1.419544	1.442865	1.523844	1.470303	1.573202	1.456618
aod0	0.096082	0.080550	0.028426	0.071765	0.056452	0.099613	0.054818	0.095291	0.072208	0.097267	0.072992	0.098415	0.080456	0.067883	0.083206	0.075831	0.103061	0.086351	0.079280	0.115657
eod0-0	0.829162	0.784598	0.738938	0.778761	0.766070	0.763695	0.814159	0.836757	0.778017	0.729499	0.849391	0.790150	0.745958	0.744541	0.786957	0.815301	0.810664	0.810549	0.855277	0.751620
eod0-1	0.891473	0.884892	0.780142	0.865455	0.861111	0.850746	0.865052	0.946565	0.837037	0.832753	0.910959	0.881890	0.845614	0.838384	0.880150	0.825581	0.909465	0.883636	0.904412	0.856618
eod0	0.062311	0.100294	0.041204	0.086693	0.095042	0.087051	0.050893	0.109808	0.059020	0.103253	0.061568	0.091740	0.099656	0.093842	0.093193	0.010281	0.098801	0.073087	0.049134	0.104998
spd1-0	0.654520	0.605911	0.531077	0.596877	0.586450	0.580508	0.650389	0.677918	0.596059	0.555556	0.677622	0.608883	0.561308	0.559441	0.594748	0.614466	0.638889	0.618913	0.690858	0.590463
spd1-1	0.813008	0.774194	0.705718	0.753968	0.759358	0.750334	0.780585	0.812921	0.771505	0.761379	0.829932	0.784135	0.717360	0.755102	0.779101	0.781377	0.787586	0.804813	0.825137	0.763194
spd1	0.158488	0.168282	0.174641	0.157091	0.172908	0.169825	0.130196	0.135002	0.175446	0.205824	0.152310	0.175253	0.156052	0.195661	0.184352	0.166910	0.148697	0.185900	0.134278	0.172731
aod1-0	1.303255	1.207032	1.042643	1.184390	1.148142	1.147437	1.286865	1.349714	1.174246	1.095216	1.340519	1.213755	1.126828	1.100731	1.178284	1.224708	1.272643	1.213150	1.367145	1.167289
aod1-1	1.565648	1.491500	1.362063	1.448406	1.440651	1.438180	1.513427	1.563895	1.484202	1.450882	1.605234	1.504418	1.369731	1.450751	1.493523	1.508076	1.533493	1.559151	1.601961	1.480920
aod1	0.131196	0.142234	0.159710	0.132008	0.146254	0.145371	0.113281	0.107091	0.154978	0.177833	0.132358	0.145331	0.121452	0.175010	0.157619	0.141684	0.130425	0.173001	0.117408	0.156816
eod1-0	0.793956	0.765603	0.712221	0.753103	0.741130	0.739484	0.799458	0.830345	0.729801	0.694335	0.825100	0.762376	0.735172	0.721116	0.750343	0.779473	0.804378	0.776316	0.834887	0.735570
eod1-1	0.922049	0.876380	0.814118	0.872247	0.863445	0.852814	0.870330	0.909091	0.896163	0.850107	0.930493	0.879418	0.830986	0.843478	0.899563	0.878319	0.877030	0.914414	0.920455	0.841060
eod1	0.128093	0.110776	0.101897	0.119143	0.122315	0.113329	0.070872	0.078746	0.166361	0.155772	0.105393	0.117042	0.095814	0.122363	0.149220	0.098846	0.072653	0.138099	0.085568	0.105489
spd2-0	0.669199	0.608955	0.527082	0.603943	0.586166	0.588407	0.647821	0.671412	0.596822	0.551867	0.683470	0.616119	0.566938	0.560759	0.605201	0.597496	0.636521	0.644497	0.697825	0.598321
spd2-1	0.856828	0.851020	0.825893	0.814664	0.869281	0.829322	0.869379	0.910230	0.873391	0.880753	0.899782	0.859184	0.782998	0.855649	0.852008	0.926230	0.899767	0.824034	0.877155	0.820926
spd2	0.187629	0.242065	0.298811	0.210721	0.283115	0.240914	0.221558	0.238818	0.276569	0.328886	0.216312	0.243064	0.216059	0.294890	0.246808	0.328734	0.263246	0.179538	0.179330	0.222604
aod2-0	1.335227	1.216614	1.045021	1.206108	1.150230	1.165642	1.287185	1.337913	1.185259	1.089955	1.360372	1.225286	1.140622	1.108212	1.206630	1.187833	1.268585	1.279332	1.385161	1.189611
aod2-1	1.622833	1.622559	1.569689	1.507823	1.651252	1.557369	1.663899	1.740858	1.667580	1.673061	1.741358	1.637937	1.446762	1.607980	1.607570	1.803945	1.759589	1.523330	1.685421	1.537296
aod2	0.143803	0.202972	0.262334	0.150857	0.250511	0.195864	0.188357	0.201473	0.241160	0.291553	0.190493	0.206326	0.153070	0.249884	0.200470	0.308056	0.245502	0.121999	0.150130	0.173842
eod2-0	0.810405	0.763377	0.696935	0.751781	0.737651	0.736723	0.787185	0.816803	0.737986	0.681716	0.835821	0.761960	0.731272	0.703746	0.762850	0.756126	0.795455	0.794521	0.838820	0.722287
eod2-1	0.932692	0.921922	0.898361	0.916914	0.929448	0.914013	0.934169	0.975758	0.935185	0.941176	0.941358	0.933535	0.877419	0.936747	0.924471	0.984177	0.943262	0.914634	0.945161	0.909091
eod2	0.122288	0.158545	0.201425	0.165132	0.191797	0.177290	0.146984	0.158955	0.197199	0.259461	0.105537	0.171574	0.146147	0.233001	0.161621	0.228051	0.147808	0.120114	0.106342	0.186804
wcspd-000	0.597536	0.540513	0.475050	0.535865	0.513742	0.516563	0.592008	0.608830	0.525336	0.469325	0.610363	0.546778	0.509360	0.485067	0.536201	0.530335	0.578740	0.565998	0.627760	0.531346
wcspd-010	0.753056	0.688172	0.593583	0.687657	0.677665	0.674074	0.706767	0.718833	0.696742	0.657963	0.773537	0.686893	0.640751	0.656676	0.693671	0.680412	0.691176	0.748184	0.782716	0.666667
wcspd-100	0.781818	0.704762	0.579186	0.686275	0.656388	0.678899	0.730088	0.780612	0.679245	0.668269	0.773148	0.726316	0.662037	0.651786	0.658879	0.684932	0.725490	0.702586	0.789238	0.687805
wcspd-110	0.768519	0.754237	0.658333	0.720000	0.705036	0.714286	0.737705	0.827338	0.694215	0.686441	0.803030	0.765766	0.657895	0.704000	0.753846	0.710526	0.805556	0.813084	0.795082	0.779661
wcspd-001	0.753769	0.778325	0.716578	0.724771	0.785047	0.730000	0.802030	0.857798	0.778325	0.773148	0.839024	0.757576	0.650794	0.770408	0.743961	0.877934	0.816216	0.715686	0.826484	0.711538
wcspd-011	0.952941	0.894737	0.912568	0.868132	0.945122	0.888889	0.931429	0.951087	0.938889	0.970588	0.961783	0.953125	0.857143	0.938889	0.921348	0.973404	0.968750	0.892045	0.919255	0.894737
wcspd-101	0.882353	0.848485	0.815789	0.897436	0.933333	0.906250	0.846154	0.911765	0.948718	0.921053	0.931818	0.782609	0.854167	0.820513	0.914286	0.861111	0.942857	0.941176	0.900000	0.900000
wcspd-111	0.921569	0.953125	0.950000	0.942308	0.941176	0.962963	0.928571	1.000000	0.977273	1.000000	0.924528	0.962963	0.964286	0.904762	1.000000	1.000000	0.959184	0.942308	0.954545	0.915254
wcspd	0.355405	0.412612	0.474950	0.406443	0.431380	0.446400	0.339420	0.391170	0.451937	0.530675	0.351421	0.416185	0.454926	0.453822	0.463799	0.469665	0.390010	0.376310	0.326785	0.383908
wcaod-000	1.216901	1.111684	0.971842	1.096447	1.039449	1.051715	1.205315	1.242028	1.064515	0.952106	1.244308	1.114777	1.060644	0.990055	1.090488	1.087178	1.180687	1.146442	1.274595	1.078556
wcaod-010	1.481074	1.363985	1.180575	1.355890	1.316624	1.307554	1.394850	1.412722	1.373751	1.293178	1.526848	1.346672	1.262872	1.284386	1.369755	1.328159	1.361801	1.479581	1.541387	1.321840
wcaod-100	1.529119	1.328498	1.059965	1.302016	1.220023	1.283298	1.395372	1.472287	1.296827	1.268865	1.488889	1.427898	1.265295	1.198214	1.262007	1.335271	1.394048	1.339441	1.534314	1.312624
wcaod-110	1.484572	1.454545	1.231350	1.380000	1.325947	1.401961	1.427782	1.595022	1.354339	1.240275	1.534273	1.418919	1.246427	1.348063	1.454633	1.380682	1.560309	1.580669	1.530405	1.507458
wcaod-001	1.440736	1.523810	1.364284	1.360294	1.512162	1.381810	1.551913	1.655846	1.504896	1.480147	1.627543	1.461629	1.243596	1.450307	1.430020	1.725455	1.599099	1.323529	1.601718	1.327920
wcaod-011	1.826087	1.699275	1.778689	1.645754	1.785714	1.683824	1.808540	1.822488	1.808026	1.894687	1.903917	1.860294	1.628542	1.806878	1.721964	1.909091	1.910909	1.674380	1.764326	1.689223
wcaod-101	1.626667	1.375000	1.331797	1.370588	1.760000	1.628205	1.435484	1.700000	1.714286	1.682028	1.625000	1.366071	1.393162	1.300000	1.733333	1.596364	1.850427	1.468750	1.666667	1.733333
wcaod-111	1.834091	1.883861	1.803922	1.776190	1.807692	1.892857	1.773737	2.000000	1.888889	2.000000	1.837662	1.833333	1.836735	1.707447	2.000000	2.000000	1.900000	1.820513	1.870588	1.790476
wcaod	0.308595	0.386088	0.416040	0.339872	0.384122	0.420571	0.301612	0.378986	0.412187	0.523947	0.329804	0.372758	0.388045	0.408412	0.454756	0.456411	0.365111	0.337035	0.297997	0.355960
wceod-000	0.748330	0.716553	0.673729	0.684455	0.676923	0.675497	0.758465	0.759009	0.668845	0.602592	0.778027	0.712054	0.695260	0.639381	0.696429	0.724605	0.763713	0.732301	0.796421	0.674672
wceod-010	0.878924	0.777778	0.713542	0.820755	0.767241	0.793103	0.798165	0.826923	0.844340	0.758294	0.900474	0.794760	0.751244	0.746411	0.823810	0.801843	0.785714	0.868182	0.883929	0.727723
wceod-100	0.854962	0.801471	0.714286	0.814516	0.801418	0.818182	0.823944	0.925620	0.757353	0.775194	0.859259	0.820755	0.776923	0.795775	0.806452	0.755725	0.858333	0.828571	0.867647	0.806452
wceod-110	0.919355	0.954545	0.766234	0.840000	0.879518	0.794118	0.859155	0.940476	0.835821	0.783133	0.949367	0.878378	0.820896	0.794872	0.918919	0.818182	0.951613	0.906250	0.905405	0.863014
wceod-001	0.861789	0.857143	0.813559	0.860294	0.850000	0.841270	0.885246	0.948529	0.851562	0.867647	0.901515	0.851240	0.769912	0.868217	0.842520	0.967213	0.882883	0.823529	0.892857	0.834586
wceod-011	1.000000	0.949275	0.959016	0.944000	1.000000	0.958333	0.975207	0.992701	0.984496	0.992248	0.973684	0.985294	0.917431	0.992063	0.977778	1.000000	0.990909	0.983471	0.990741	0.969925
wceod-101	0.960000	1.000000	0.903226	0.970588	0.960000	0.961538	0.935484	1.000000	1.000000	0.967742	1.000000	0.937500	0.948718	0.966667	0.933333	0.960000	0.961538	0.968750	1.000000	0.933333
wceod-111	0.925000	0.960784	0.970588	0.976190	0.974359	0.976190	0.955556	1.000000	1.000000	1.000000	0.928571	1.000000	0.979592	0.957447	1.000000	1.000000	0.971429	0.974359	0.970588	0.933333
wceod	0.251670	0.283447	0.296859	0.291736	0.323077	0.300694	0.216742	0.240991	0.331155	0.397408	0.221973	0.287946	0.284332	0.352683	0.303571	0.275395	0.227196	0.251170	0.203579	0.295252
