accuracy	0.663279	0.665589	0.684065	0.665127	0.672979	0.677136	0.663741	0.672055	0.663279	0.666513	0.682217	0.664665	0.664203	0.672517	0.666051	0.674365	0.665127	0.677136	0.671132	0.658199
recall	0.644725	0.649026	0.667422	0.647876	0.649221	0.655399	0.646002	0.653127	0.644696	0.645465	0.665063	0.645634	0.652083	0.650341	0.647111	0.657646	0.650999	0.658263	0.652736	0.637114
precision	0.680161	0.679122	0.693913	0.676939	0.670179	0.689940	0.668472	0.684514	0.667075	0.663665	0.688287	0.674957	0.680725	0.677081	0.677097	0.691317	0.679989	0.681340	0.679608	0.665346
f1score	0.637051	0.643141	0.665115	0.642559	0.649441	0.651235	0.643239	0.648451	0.642157	0.645338	0.663779	0.640713	0.644963	0.648310	0.642106	0.651724	0.644626	0.657046	0.649401	0.632259
mcc	0.322948	0.326765	0.360363	0.323512	0.318711	0.343607	0.313671	0.336180	0.310967	0.308593	0.352586	0.319247	0.331574	0.326328	0.322819	0.347334	0.329716	0.338819	0.331255	0.301139
spd0-0	0.700913	0.683333	0.671821	0.683668	0.663562	0.696900	0.671312	0.683970	0.664380	0.649113	0.654070	0.685941	0.673599	0.673279	0.688402	0.692264	0.677784	0.661494	0.673963	0.684452
spd0-1	0.828087	0.811765	0.766110	0.802381	0.780761	0.808511	0.756208	0.825243	0.795673	0.799043	0.791011	0.812968	0.811060	0.811530	0.798611	0.800000	0.818182	0.785882	0.799534	0.827014
spd0	0.127174	0.128431	0.094288	0.118713	0.117198	0.111611	0.084895	0.141272	0.131293	0.149930	0.136941	0.127027	0.137461	0.138251	0.110209	0.107736	0.140398	0.124388	0.125571	0.142562
aod0-0	1.387238	1.357815	1.331858	1.356980	1.297211	1.371520	1.328305	1.351562	1.310298	1.276905	1.291893	1.354532	1.347024	1.326496	1.358110	1.368457	1.343545	1.301614	1.329637	1.352307
aod0-1	1.601175	1.542333	1.419786	1.512351	1.468160	1.556307	1.423067	1.565598	1.534196	1.499854	1.485496	1.561439	1.539338	1.529341	1.542186	1.548091	1.582668	1.487273	1.533018	1.576127
aod0	0.106969	0.092259	0.043964	0.077686	0.085475	0.092393	0.047381	0.107018	0.111949	0.111474	0.096802	0.103454	0.096157	0.101423	0.092038	0.089817	0.119561	0.092829	0.101691	0.111910
eod0-0	0.842220	0.827009	0.831858	0.821903	0.791359	0.847476	0.807522	0.823784	0.806034	0.780618	0.808416	0.824411	0.824480	0.808952	0.830435	0.849180	0.825898	0.808396	0.820457	0.808855
eod0-1	0.910853	0.902878	0.872340	0.905455	0.895833	0.891791	0.858131	0.938931	0.862963	0.881533	0.897260	0.901575	0.901754	0.912458	0.887640	0.887597	0.909465	0.887273	0.889706	0.922794
eod0	0.068633	0.075869	0.040482	0.083552	0.104474	0.044315	0.050609	0.115148	0.056928	0.100915	0.088844	0.077164	0.077274	0.103506	0.057206	0.038417	0.083567	0.078877	0.069249	0.113939
spd1-0	0.671338	0.654469	0.637431	0.655075	0.628088	0.675141	0.644020	0.660338	0.632653	0.610417	0.621678	0.659742	0.654632	0.643357	0.646558	0.658708	0.656944	0.612562	0.651779	0.657784
spd1-1	0.829268	0.811828	0.796374	0.802910	0.800802	0.801068	0.772606	0.807537	0.798387	0.812414	0.800000	0.799740	0.799139	0.816327	0.829365	0.817814	0.795862	0.824866	0.790984	0.817321
spd1	0.157930	0.157359	0.158943	0.147836	0.172715	0.125927	0.128587	0.147199	0.165734	0.201997	0.178322	0.139998	0.144507	0.172970	0.182807	0.159106	0.138918	0.212305	0.139204	0.159537
aod1-0	1.336849	1.304521	1.256473	1.301462	1.234085	1.337369	1.274291	1.314732	1.248607	1.205336	1.226910	1.315768	1.313120	1.269934	1.282869	1.313294	1.308932	1.200895	1.288806	1.302329
aod1-1	1.602238	1.566828	1.545012	1.553184	1.530987	1.537588	1.495564	1.546872	1.537869	1.554396	1.543726	1.533546	1.543813	1.574901	1.604628	1.579041	1.548495	1.602270	1.525560	1.589844
aod1	0.132695	0.131153	0.144269	0.125861	0.148451	0.100110	0.110636	0.116070	0.144631	0.174530	0.158408	0.108889	0.115346	0.152484	0.160879	0.132874	0.119781	0.200687	0.118377	0.143758
eod1-0	0.811813	0.801664	0.808147	0.800000	0.766097	0.826323	0.791328	0.808276	0.757616	0.745718	0.786382	0.801980	0.813793	0.792829	0.788752	0.819695	0.816689	0.767105	0.797603	0.798658
eod1-1	0.930958	0.913907	0.901176	0.907489	0.894958	0.906926	0.865934	0.913420	0.923251	0.899358	0.903587	0.898129	0.894366	0.902174	0.930131	0.918142	0.888631	0.927928	0.902273	0.894040
eod1	0.119144	0.112243	0.093029	0.107489	0.128861	0.080603	0.074606	0.105144	0.165635	0.153640	0.117206	0.096149	0.080573	0.109345	0.141379	0.098447	0.071942	0.160823	0.104670	0.095382
spd2-0	0.698422	0.670448	0.644147	0.673835	0.653576	0.680328	0.640165	0.678529	0.655091	0.633076	0.640680	0.674030	0.675204	0.666864	0.683215	0.672033	0.673387	0.647440	0.665491	0.676859
spd2-1	0.825991	0.838776	0.866071	0.818737	0.814815	0.862144	0.865096	0.824635	0.815451	0.836820	0.836601	0.830612	0.800895	0.826360	0.807611	0.854508	0.825175	0.826180	0.821121	0.830986
spd2	0.127569	0.168328	0.221925	0.144902	0.161239	0.181817	0.224931	0.146106	0.160359	0.203744	0.195921	0.156582	0.125691	0.159496	0.124396	0.182475	0.151788	0.178741	0.155630	0.154127
aod2-0	1.393784	1.339676	1.279587	1.346034	1.287676	1.349597	1.271617	1.352230	1.302201	1.252248	1.274432	1.341420	1.356614	1.320791	1.363072	1.337166	1.342555	1.285334	1.320283	1.346375
aod2-1	1.539590	1.587709	1.643563	1.517284	1.512247	1.627990	1.668495	1.531950	1.524909	1.568244	1.574074	1.572764	1.488863	1.546625	1.499894	1.632249	1.577725	1.538971	1.549267	1.572825
aod2	0.072903	0.124016	0.181988	0.085625	0.112285	0.139196	0.198439	0.089860	0.111354	0.157998	0.149821	0.115672	0.066124	0.112917	0.068411	0.147542	0.117585	0.126819	0.114492	0.113225
eod2-0	0.834682	0.815696	0.805902	0.809976	0.787047	0.827119	0.783753	0.821470	0.789474	0.764108	0.801378	0.813302	0.826397	0.805902	0.823598	0.824971	0.823864	0.795662	0.809308	0.806301
eod2-1	0.919872	0.918919	0.944262	0.919881	0.895706	0.942675	0.918495	0.921212	0.898148	0.908824	0.907407	0.912387	0.890323	0.909639	0.894260	0.946203	0.904255	0.908537	0.912903	0.906158
eod2	0.085190	0.103223	0.138360	0.109905	0.108658	0.115557	0.134742	0.099742	0.108674	0.144715	0.106030	0.099084	0.063925	0.103736	0.070662	0.121232	0.080392	0.112874	0.103596	0.099857
wcspd-000	0.630390	0.605128	0.582834	0.609705	0.577167	0.625259	0.586751	0.617043	0.581179	0.549080	0.560622	0.618503	0.613793	0.590113	0.613851	0.604603	0.620079	0.555438	0.593060	0.611511
wcspd-010	0.775061	0.747312	0.727273	0.753149	0.753807	0.738272	0.704261	0.729443	0.749373	0.746736	0.735369	0.716019	0.750670	0.754768	0.787342	0.757732	0.723039	0.779661	0.745679	0.747312
wcspd-100	0.809091	0.771429	0.733032	0.754902	0.731278	0.770642	0.712389	0.780612	0.768868	0.745192	0.745370	0.789474	0.787037	0.772321	0.724299	0.767123	0.754902	0.724138	0.775785	0.770732
wcspd-110	0.796296	0.788136	0.733333	0.776000	0.762590	0.764706	0.713115	0.827338	0.735537	0.762712	0.772727	0.801802	0.763158	0.816000	0.807692	0.763158	0.833333	0.785047	0.762295	0.830508
wcspd-001	0.683417	0.743842	0.775401	0.715596	0.696262	0.770000	0.796954	0.715596	0.679803	0.703704	0.717073	0.712121	0.671958	0.724490	0.671498	0.760563	0.697297	0.696078	0.739726	0.711538
wcspd-011	0.947059	0.894737	0.939891	0.879121	0.902439	0.918129	0.914286	0.907609	0.905556	0.935294	0.942675	0.932292	0.883117	0.900000	0.887640	0.925532	0.906250	0.914773	0.881988	0.905263
wcspd-101	0.882353	0.818182	0.842105	0.897436	0.966667	0.937500	0.871795	0.852941	0.923077	0.921053	0.909091	0.760870	0.854167	0.820513	0.914286	0.833333	0.942857	0.941176	0.875000	0.925000
wcspd-111	0.941176	0.984375	0.975000	0.980769	0.941176	0.981481	0.946429	1.000000	0.977273	1.000000	0.924528	0.962963	0.964286	0.936508	1.000000	1.000000	0.959184	0.961538	0.954545	0.949153
wcspd	0.316669	0.379247	0.392166	0.371065	0.389500	0.356223	0.359678	0.382957	0.396094	0.450920	0.382053	0.344460	0.350493	0.346395	0.386149	0.395397	0.339105	0.406100	0.361486	0.337642
wcaod-000	1.282045	1.239140	1.186049	1.242650	1.164871	1.270077	1.194895	1.256757	1.176067	1.111632	1.145515	1.257330	1.267850	1.200296	1.245337	1.233588	1.262413	1.124895	1.204818	1.239195
wcaod-010	1.525893	1.479972	1.447573	1.488858	1.472009	1.431383	1.387450	1.428624	1.478484	1.467210	1.449716	1.401269	1.483628	1.482890	1.558816	1.482524	1.423719	1.542487	1.463817	1.480606
wcaod-100	1.582125	1.480723	1.386067	1.445968	1.381412	1.491543	1.357478	1.477355	1.517802	1.422333	1.419753	1.560872	1.532021	1.455342	1.411470	1.495056	1.461905	1.382609	1.508114	1.471127
wcaod-110	1.549790	1.535548	1.379040	1.500000	1.462995	1.504902	1.374482	1.601299	1.436153	1.431325	1.471220	1.513514	1.476342	1.569831	1.579633	1.482955	1.631136	1.526163	1.461712	1.615221
wcaod-001	1.276637	1.450980	1.469541	1.340746	1.319112	1.467610	1.553989	1.345588	1.282396	1.333824	1.327937	1.368359	1.287611	1.366192	1.274902	1.475860	1.337838	1.286765	1.410850	1.351178
wcaod-011	1.818022	1.675307	1.836066	1.671298	1.650273	1.748039	1.783747	1.708185	1.725946	1.798261	1.877601	1.809874	1.691335	1.687831	1.629974	1.777444	1.743636	1.737190	1.660727	1.724311
wcaod-101	1.626667	1.335000	1.364055	1.370588	1.800000	1.666667	1.467742	1.500000	1.683036	1.682028	1.597222	1.294643	1.393162	1.377778	1.733333	1.505455	1.850427	1.468750	1.583333	1.766667
wcaod-111	1.859091	1.980392	1.833333	1.900000	1.807692	1.916667	1.864646	2.000000	1.888889	2.000000	1.837662	1.833333	1.836735	1.832447	2.000000	2.000000	1.900000	1.897436	1.870588	1.834921
wcaod	0.291227	0.370626	0.325008	0.328675	0.321411	0.323295	0.334876	0.371622	0.356411	0.444184	0.366043	0.288001	0.284443	0.316075	0.377332	0.383206	0.318793	0.386270	0.332885	0.297863
wceod-000	0.777283	0.770975	0.769068	0.749420	0.720879	0.792494	0.753950	0.756757	0.723312	0.682505	0.733184	0.776786	0.792325	0.745575	0.770089	0.783296	0.797468	0.716814	0.758389	0.757642
wceod-010	0.896861	0.853535	0.854167	0.872642	0.836207	0.870690	0.807339	0.860577	0.900943	0.862559	0.867299	0.838428	0.855721	0.837321	0.904762	0.880184	0.825893	0.900000	0.861607	0.821782
wceod-100	0.885496	0.845588	0.842857	0.870968	0.858156	0.863636	0.809859	0.917355	0.794118	0.852713	0.851852	0.858491	0.869231	0.894366	0.822581	0.847328	0.866667	0.850000	0.852941	0.903226
wceod-110	0.919355	0.939394	0.844156	0.880000	0.891566	0.838235	0.845070	0.928571	0.880597	0.831325	0.924051	0.891892	0.880597	0.910256	0.918919	0.878788	0.935484	0.875000	0.878378	0.904110
wceod-001	0.829268	0.831933	0.889831	0.852941	0.778571	0.873016	0.860656	0.845588	0.789062	0.808824	0.848485	0.809917	0.787611	0.813953	0.787402	0.893443	0.810811	0.801471	0.828571	0.804511
wceod-011	0.991935	0.963768	0.983607	0.952000	0.983607	0.983333	0.950413	0.963504	0.961240	0.968992	0.947368	0.970588	0.935780	0.984127	0.955556	0.977444	0.963636	0.991736	0.981481	0.969925
wceod-101	0.960000	0.960000	0.935484	0.970588	1.000000	1.000000	0.967742	1.000000	0.968750	0.967742	0.972222	0.937500	0.948718	0.933333	0.933333	0.960000	0.961538	0.968750	1.000000	0.966667
wceod-111	0.950000	0.980392	1.000000	1.000000	0.974359	1.000000	0.955556	1.000000	1.000000	1.000000	0.928571	1.000000	0.979592	0.957447	1.000000	1.000000	0.971429	0.974359	0.970588	0.977778
wceod	0.214653	0.209417	0.230932	0.250580	0.279121	0.207506	0.213792	0.243243	0.276688	0.317495	0.239038	0.223214	0.191981	0.238552	0.229911	0.216704	0.173960	0.274921	0.241611	0.220136
