accuracy	0.651270	0.654965	0.664203	0.658199	0.669284	0.670208	0.647113	0.665589	0.654042	0.663279	0.666975	0.654965	0.654503	0.663741	0.659584	0.656351	0.649423	0.670208	0.661432	0.651270
recall	0.630511	0.633725	0.640024	0.638443	0.641546	0.644919	0.622528	0.644080	0.630466	0.636003	0.644170	0.632523	0.640320	0.638441	0.638154	0.634877	0.632276	0.647414	0.638308	0.625968
precision	0.672318	0.683335	0.693674	0.675839	0.669956	0.691282	0.663135	0.683974	0.665501	0.667084	0.682789	0.671938	0.678536	0.671677	0.675814	0.687998	0.672329	0.680356	0.679981	0.666302
f1score	0.618560	0.619615	0.627451	0.629454	0.639843	0.636532	0.611079	0.636028	0.622698	0.632345	0.637223	0.622824	0.628479	0.633595	0.629810	0.619833	0.619621	0.643067	0.629234	0.615779
mcc	0.299929	0.313155	0.329357	0.312050	0.310203	0.332989	0.282763	0.325619	0.293886	0.301490	0.324671	0.301899	0.316558	0.308331	0.311701	0.318476	0.301960	0.326110	0.315549	0.289474
spd0-0	0.713470	0.731034	0.741123	0.700287	0.674040	0.716418	0.725319	0.699373	0.702687	0.686892	0.700581	0.708050	0.694974	0.687281	0.695903	0.735817	0.705483	0.683908	0.708525	0.714859
spd0-1	0.900726	0.891765	0.871122	0.873810	0.870246	0.891253	0.862302	0.895631	0.870192	0.877990	0.865169	0.897756	0.884793	0.875831	0.893519	0.902381	0.911616	0.865882	0.890443	0.898104
spd0	0.187256	0.160730	0.129999	0.173523	0.196207	0.174835	0.136983	0.196259	0.167505	0.191099	0.164587	0.189706	0.189819	0.188550	0.197615	0.166564	0.206133	0.181974	0.181918	0.183245
aod0-0	1.413648	1.453887	1.472061	1.390551	1.318892	1.411537	1.437577	1.382524	1.388394	1.353063	1.386081	1.399910	1.389781	1.355118	1.373671	1.457338	1.400132	1.347041	1.399816	1.413577
aod0-1	1.761240	1.728748	1.673396	1.683386	1.669025	1.741310	1.685795	1.736132	1.702486	1.693672	1.676292	1.752611	1.718874	1.692641	1.751311	1.776773	1.790608	1.677576	1.741031	1.749216
aod0	0.173796	0.137430	0.100668	0.146417	0.175067	0.164886	0.124109	0.176804	0.157046	0.170305	0.145105	0.176351	0.164547	0.168761	0.188820	0.159718	0.195238	0.165268	0.170608	0.167820
eod0-0	0.842220	0.863839	0.879425	0.834071	0.798736	0.860365	0.849558	0.837838	0.832974	0.814696	0.843854	0.837259	0.839492	0.818777	0.833696	0.875410	0.838955	0.826695	0.846572	0.835853
eod0-1	0.961240	0.953237	0.936170	0.945455	0.958333	0.947761	0.906574	0.969466	0.914815	0.930314	0.924658	0.956693	0.940351	0.939394	0.951311	0.949612	0.967078	0.930909	0.944853	0.955882
eod0	0.119021	0.089398	0.056745	0.111384	0.159598	0.087396	0.057017	0.131628	0.081841	0.115617	0.080804	0.119434	0.100859	0.120617	0.117615	0.074203	0.128123	0.104214	0.098281	0.120029
spd1-0	0.690960	0.710063	0.713398	0.680625	0.648553	0.705508	0.707714	0.682138	0.682618	0.657639	0.676923	0.686963	0.681880	0.665734	0.672818	0.715590	0.697917	0.655610	0.695743	0.700561
spd1-1	0.861789	0.862903	0.873082	0.833333	0.839572	0.835781	0.839096	0.841184	0.834677	0.855172	0.846259	0.845254	0.840746	0.844898	0.851852	0.869096	0.833103	0.840909	0.840164	0.847091
spd1	0.170829	0.152840	0.159684	0.152709	0.191019	0.130273	0.131382	0.159047	0.152060	0.197534	0.169335	0.158291	0.158866	0.179164	0.179034	0.153506	0.135187	0.185299	0.144421	0.146530
aod1-0	1.376393	1.415964	1.410786	1.352936	1.275137	1.398958	1.402818	1.358156	1.349373	1.300813	1.338917	1.370477	1.367424	1.315561	1.335700	1.427449	1.391299	1.288584	1.377813	1.389002
aod1-1	1.680351	1.681436	1.711934	1.620474	1.621849	1.612343	1.647545	1.633051	1.621180	1.645062	1.649192	1.635568	1.637398	1.642490	1.656985	1.698051	1.633845	1.637595	1.632721	1.652588
aod1	0.151979	0.132736	0.150574	0.133769	0.173356	0.106692	0.122363	0.137448	0.135904	0.172125	0.155138	0.132545	0.134987	0.163465	0.160643	0.135301	0.121273	0.174505	0.127454	0.131793
eod1-0	0.824176	0.848821	0.862024	0.819310	0.785808	0.846676	0.842818	0.834483	0.801325	0.783926	0.826435	0.818953	0.833103	0.807437	0.810700	0.861304	0.844049	0.800000	0.830892	0.829530
eod1-1	0.939866	0.942605	0.948235	0.925110	0.915966	0.932900	0.896703	0.917749	0.936795	0.935760	0.926009	0.927235	0.917840	0.915217	0.938865	0.940265	0.902552	0.936937	0.934091	0.918322
eod1	0.115691	0.093784	0.086212	0.105800	0.130158	0.086225	0.053885	0.083266	0.135470	0.151834	0.099574	0.108282	0.084737	0.107780	0.128165	0.078962	0.058503	0.136937	0.103199	0.088792
spd2-0	0.732905	0.743881	0.743739	0.712664	0.689918	0.726581	0.728504	0.716489	0.720424	0.697688	0.711020	0.721194	0.722934	0.701245	0.717494	0.747168	0.725806	0.695703	0.728395	0.733813
spd2-1	0.810573	0.826531	0.852679	0.806517	0.806100	0.840263	0.843683	0.807933	0.787554	0.815900	0.821351	0.818367	0.771812	0.815900	0.799154	0.840164	0.813520	0.806867	0.803879	0.806841
spd2	0.077668	0.082650	0.108939	0.093853	0.116182	0.113682	0.115179	0.091444	0.067130	0.118211	0.110331	0.097173	0.048878	0.114655	0.081660	0.092996	0.087713	0.111164	0.075484	0.073028
aod2-0	1.463056	1.486669	1.480100	1.423788	1.361339	1.442779	1.449629	1.428486	1.433417	1.382100	1.415966	1.436383	1.451579	1.390744	1.431807	1.488455	1.447908	1.382764	1.447225	1.460801
aod2-1	1.509480	1.556225	1.620177	1.492427	1.491074	1.580910	1.622659	1.489302	1.472918	1.521611	1.539506	1.544833	1.418413	1.520053	1.483788	1.604798	1.556738	1.477952	1.507122	1.520246
aod2	0.023212	0.034778	0.070038	0.034320	0.064868	0.069065	0.086515	0.030408	0.019751	0.069756	0.061770	0.054225	0.016583	0.064654	0.025990	0.058172	0.054415	0.047594	0.029949	0.029723
eod2-0	0.855491	0.873960	0.880817	0.840855	0.816685	0.864407	0.850114	0.849475	0.845538	0.822799	0.851894	0.847141	0.862069	0.827469	0.850467	0.877480	0.857955	0.829909	0.856981	0.854142
eod2-1	0.903846	0.912913	0.927869	0.908012	0.889571	0.923567	0.899687	0.912121	0.867284	0.891176	0.895062	0.903323	0.870968	0.903614	0.885196	0.930380	0.890071	0.905488	0.903226	0.885630
eod2	0.048355	0.038953	0.047052	0.067157	0.072886	0.059160	0.049572	0.062646	0.021746	0.068377	0.043167	0.056182	0.008899	0.076146	0.034729	0.052900	0.032116	0.075579	0.046245	0.031488
wcspd-000	0.645791	0.666667	0.673653	0.635021	0.589852	0.655280	0.658254	0.637577	0.649431	0.603272	0.630052	0.641372	0.642365	0.607621	0.626443	0.666318	0.653543	0.600845	0.637224	0.661871
wcspd-010	0.806846	0.825269	0.823529	0.780856	0.776650	0.772840	0.789474	0.766578	0.781955	0.801567	0.783715	0.771845	0.806971	0.784741	0.800000	0.819588	0.772059	0.791768	0.809877	0.787634
wcspd-100	0.890909	0.866667	0.837104	0.833333	0.819383	0.876147	0.831858	0.857143	0.844340	0.850962	0.819444	0.884211	0.870370	0.852679	0.850467	0.885845	0.887255	0.814655	0.892377	0.868293
wcspd-110	0.916667	0.906780	0.908333	0.888000	0.913669	0.873950	0.885246	0.935252	0.867769	0.872881	0.909091	0.945946	0.885965	0.912000	0.915385	0.912281	0.925926	0.906542	0.868852	0.923729
wcspd-001	0.663317	0.738916	0.754011	0.697248	0.686916	0.730000	0.776650	0.697248	0.630542	0.671296	0.697561	0.702020	0.634921	0.714286	0.661836	0.741784	0.686486	0.681373	0.716895	0.677885
wcspd-011	0.935294	0.868421	0.928962	0.868132	0.896341	0.912281	0.885714	0.891304	0.894444	0.929412	0.929936	0.911458	0.844156	0.888889	0.876404	0.909574	0.887500	0.880682	0.863354	0.884211
wcspd-101	0.852941	0.818182	0.842105	0.897436	0.933333	0.906250	0.846154	0.852941	0.897436	0.921053	0.909091	0.760870	0.854167	0.794872	0.914286	0.833333	0.942857	0.941176	0.875000	0.900000
wcspd-111	0.941176	0.984375	0.975000	0.980769	0.941176	0.981481	0.946429	0.976744	0.977273	0.962963	0.905660	0.962963	0.964286	0.936508	1.000000	1.000000	0.959184	0.961538	0.954545	0.949153
wcspd	0.295386	0.317708	0.301347	0.345748	0.351324	0.326202	0.288174	0.339167	0.346731	0.359691	0.299884	0.321591	0.329365	0.328887	0.373557	0.333682	0.305640	0.360694	0.317321	0.287282
wcaod-000	1.311583	1.360582	1.365862	1.293317	1.189794	1.329448	1.337707	1.299244	1.312293	1.219778	1.283125	1.301852	1.324658	1.235050	1.270107	1.355066	1.328055	1.215031	1.292199	1.340141
wcaod-010	1.594002	1.638279	1.641655	1.545563	1.518252	1.503488	1.564043	1.509246	1.545480	1.576408	1.548070	1.517074	1.599850	1.546333	1.584556	1.612957	1.527562	1.567758	1.595797	1.562318
wcaod-100	1.751951	1.683227	1.623192	1.623790	1.555006	1.718464	1.635144	1.646942	1.664474	1.656658	1.592593	1.755391	1.717710	1.649090	1.668817	1.745749	1.744048	1.581056	1.761410	1.700916
wcaod-110	1.809958	1.792541	1.774992	1.740000	1.803141	1.730392	1.753107	1.855195	1.718076	1.687091	1.786004	1.864865	1.742458	1.799782	1.816602	1.814394	1.831697	1.797965	1.703266	1.808524
wcaod-001	1.239089	1.439076	1.429624	1.301650	1.292085	1.387387	1.505792	1.296808	1.187708	1.266912	1.285388	1.351830	1.212739	1.343515	1.259154	1.440281	1.319820	1.242647	1.358590	1.281103
wcaod-011	1.801893	1.603122	1.819672	1.655298	1.642077	1.728431	1.732170	1.672309	1.710442	1.773870	1.845573	1.748950	1.584098	1.661376	1.599311	1.744224	1.705455	1.638017	1.613732	1.674185
wcaod-101	1.515556	1.335000	1.364055	1.370588	1.760000	1.628205	1.435484	1.500000	1.651786	1.682028	1.597222	1.294643	1.393162	1.266667	1.733333	1.505455	1.850427	1.468750	1.583333	1.733333
wcaod-111	1.859091	1.980392	1.833333	1.900000	1.807692	1.916667	1.864646	1.969697	1.888889	1.954545	1.813853	1.833333	1.836735	1.832447	2.000000	2.000000	1.900000	1.897436	1.870588	1.834921
wcaod	0.310001	0.322696	0.234639	0.303341	0.308949	0.293610	0.263470	0.336445	0.350590	0.367384	0.281224	0.285111	0.311998	0.298698	0.370423	0.322467	0.290090	0.341203	0.289194	0.276909
wceod-000	0.783964	0.823129	0.843220	0.774942	0.727473	0.816777	0.823928	0.786036	0.788671	0.734341	0.793722	0.790179	0.819413	0.761062	0.779018	0.830700	0.820675	0.754425	0.794183	0.810044
wceod-010	0.905830	0.914141	0.921875	0.891509	0.857759	0.896552	0.862385	0.870192	0.919811	0.919431	0.905213	0.877729	0.890547	0.856459	0.914286	0.917051	0.848214	0.904545	0.910714	0.856436
wceod-100	0.954198	0.926471	0.907143	0.911290	0.950355	0.939394	0.873239	0.966942	0.875000	0.922481	0.888889	0.933962	0.915385	0.929577	0.935484	0.938931	0.958333	0.907143	0.933824	0.935484
wceod-110	0.983871	0.984848	0.961039	0.960000	0.963855	0.926471	0.929577	0.964286	0.940299	0.915663	0.974684	0.972973	0.955224	0.948718	0.959459	0.939394	0.983871	0.937500	0.932432	0.986301
wceod-001	0.804878	0.831933	0.864407	0.838235	0.778571	0.833333	0.852459	0.845588	0.734375	0.779412	0.833333	0.793388	0.752212	0.806202	0.771654	0.868852	0.792793	0.801471	0.814286	0.774436
wceod-011	0.975806	0.949275	0.967213	0.936000	0.975410	0.983333	0.917355	0.948905	0.945736	0.968992	0.938596	0.963235	0.917431	0.976190	0.948148	0.962406	0.945455	0.983471	0.972222	0.954887
wceod-101	0.960000	0.960000	0.935484	0.970588	0.960000	0.961538	0.935484	1.000000	0.937500	0.967742	0.972222	0.937500	0.948718	0.933333	0.933333	0.960000	0.961538	0.968750	1.000000	0.933333
wceod-111	0.950000	0.980392	1.000000	1.000000	0.974359	1.000000	0.955556	0.969697	1.000000	0.954545	0.904762	1.000000	0.979592	0.957447	1.000000	1.000000	0.971429	0.974359	0.970588	0.977778
wceod	0.199907	0.161719	0.156780	0.225058	0.247937	0.183223	0.131628	0.213964	0.265625	0.234651	0.180962	0.209821	0.227379	0.215129	0.228346	0.169300	0.191078	0.229046	0.205817	0.211865
