accuracy	0.647575	0.644804	0.646189	0.644342	0.655427	0.648499	0.652194	0.650808	0.636952	0.648499	0.647113	0.652194	0.641570	0.656813	0.670670	0.642494	0.654503	0.651270	0.651270	0.635566
recall	0.628656	0.628602	0.624384	0.628709	0.628612	0.626023	0.631236	0.631140	0.621006	0.625321	0.629576	0.631725	0.629037	0.635535	0.651414	0.624267	0.640352	0.631122	0.631036	0.614171
precision	0.661173	0.652748	0.660126	0.648409	0.651822	0.655287	0.660596	0.659862	0.633729	0.644272	0.647807	0.662822	0.654868	0.656905	0.683677	0.655940	0.667147	0.652479	0.659149	0.637810
f1score	0.619509	0.622160	0.614247	0.624219	0.626657	0.619467	0.624901	0.624506	0.619235	0.623488	0.626638	0.624496	0.620072	0.633320	0.646326	0.614336	0.633438	0.627953	0.624904	0.607805
mcc	0.288000	0.280313	0.282256	0.276417	0.279472	0.279784	0.290351	0.289582	0.254417	0.268926	0.276782	0.292901	0.282727	0.291658	0.333534	0.278412	0.306329	0.282795	0.288820	0.250870
spd0-0	0.710616	0.683333	0.721077	0.669341	0.684517	0.698622	0.704413	0.696520	0.639794	0.668002	0.661628	0.704082	0.685153	0.674446	0.693595	0.711175	0.684002	0.678161	0.699309	0.686173
spd0-1	0.801453	0.781176	0.818616	0.759524	0.789709	0.820331	0.774266	0.800971	0.757212	0.789474	0.761798	0.805486	0.790323	0.762749	0.796296	0.800000	0.787879	0.760000	0.778555	0.822275
spd0	0.090836	0.097843	0.097539	0.090183	0.105192	0.121709	0.069853	0.104451	0.117417	0.121471	0.100170	0.101405	0.105169	0.088304	0.102701	0.088825	0.103877	0.081839	0.079246	0.136102
aod0-0	1.408432	1.359259	1.433345	1.329739	1.343778	1.380305	1.396242	1.379398	1.264804	1.316883	1.310719	1.392818	1.370162	1.331585	1.368322	1.410231	1.357634	1.339879	1.383221	1.358572
aod0-1	1.548237	1.479543	1.561604	1.433856	1.493318	1.574964	1.459848	1.518880	1.452917	1.510812	1.440975	1.543896	1.498151	1.420875	1.529179	1.548091	1.501816	1.423030	1.491851	1.580735
aod0	0.069902	0.060142	0.064130	0.052058	0.074770	0.097329	0.031803	0.069741	0.094057	0.096964	0.065128	0.075539	0.063994	0.044645	0.080429	0.068930	0.072091	0.041576	0.054315	0.111082
eod0-0	0.834603	0.803571	0.840708	0.788717	0.792413	0.813104	0.824115	0.812973	0.753233	0.785942	0.780731	0.826552	0.809469	0.791485	0.836957	0.829508	0.811752	0.791173	0.822633	0.789417
eod0-1	0.883721	0.874101	0.890071	0.854545	0.895833	0.910448	0.875433	0.912214	0.829630	0.846690	0.852740	0.897638	0.880702	0.875421	0.898876	0.887597	0.913580	0.876364	0.867647	0.900735
eod0	0.049118	0.070529	0.049363	0.065829	0.103420	0.097344	0.051317	0.099241	0.076397	0.060747	0.072009	0.071085	0.071233	0.083936	0.061920	0.058089	0.101828	0.085190	0.045014	0.111318
spd1-0	0.681149	0.651654	0.710635	0.648687	0.663373	0.683616	0.680113	0.665963	0.614356	0.634722	0.641259	0.677650	0.674387	0.652448	0.660752	0.684691	0.660417	0.649259	0.676902	0.663394
spd1-1	0.818428	0.799731	0.799163	0.757937	0.787433	0.795728	0.791223	0.812921	0.754032	0.804138	0.761905	0.804941	0.773314	0.771429	0.813492	0.812416	0.787586	0.779412	0.789617	0.807848
spd1	0.137279	0.148077	0.088528	0.109249	0.124060	0.112112	0.111110	0.146957	0.139676	0.169416	0.120646	0.127291	0.098927	0.118981	0.152740	0.127725	0.127170	0.130153	0.112716	0.144454
aod1-0	1.357163	1.299723	1.408361	1.289792	1.307570	1.356432	1.347949	1.326930	1.213993	1.255675	1.269626	1.352127	1.352084	1.289583	1.310205	1.366280	1.316579	1.279630	1.341457	1.315464
aod1-1	1.585654	1.544503	1.556148	1.469426	1.513130	1.543448	1.536856	1.566684	1.463376	1.551956	1.478509	1.543255	1.500217	1.490000	1.578427	1.575183	1.525925	1.512210	1.527895	1.582125
aod1	0.114246	0.122390	0.073894	0.089817	0.102780	0.093508	0.094453	0.119877	0.124692	0.148141	0.104442	0.095564	0.074066	0.100208	0.134111	0.104451	0.104673	0.116290	0.093219	0.133331
eod1-0	0.804945	0.771151	0.830486	0.775172	0.783180	0.810041	0.811653	0.790345	0.724503	0.754941	0.770360	0.799151	0.811034	0.788845	0.817558	0.805825	0.797538	0.769737	0.798935	0.783893
eod1-1	0.910913	0.898455	0.891765	0.850220	0.869748	0.874459	0.876923	0.904762	0.848758	0.873662	0.845291	0.904366	0.854460	0.850000	0.903930	0.900442	0.893271	0.880631	0.890909	0.865342
eod1	0.105968	0.127304	0.061279	0.075048	0.086568	0.064418	0.065270	0.114417	0.124255	0.118721	0.074931	0.105215	0.043426	0.061155	0.086372	0.094617	0.095734	0.110894	0.091974	0.081450
spd2-0	0.698422	0.658507	0.702388	0.644564	0.671161	0.689110	0.680801	0.672005	0.620365	0.635448	0.634818	0.678209	0.675786	0.635448	0.674941	0.666667	0.669931	0.660388	0.672546	0.669664
spd2-1	0.839207	0.853061	0.883929	0.830957	0.836601	0.846827	0.856531	0.872651	0.815451	0.889121	0.858388	0.875510	0.823266	0.895397	0.854123	0.940574	0.836830	0.817597	0.870690	0.857143
spd2	0.140785	0.194554	0.181541	0.186393	0.165441	0.157717	0.175730	0.200647	0.195086	0.253674	0.223570	0.197301	0.147480	0.259950	0.179182	0.273907	0.166899	0.157208	0.198144	0.187479
aod2-0	1.394043	1.315945	1.398287	1.287668	1.325092	1.369441	1.353827	1.339671	1.234084	1.258919	1.264337	1.350366	1.356973	1.259364	1.346158	1.327717	1.335992	1.313242	1.336015	1.333432
aod2-1	1.597192	1.645760	1.706936	1.580928	1.591886	1.609505	1.648712	1.682632	1.556555	1.710656	1.648148	1.684984	1.574076	1.718931	1.642760	1.847292	1.605225	1.522579	1.669208	1.642248
aod2	0.101574	0.164908	0.154324	0.146630	0.133397	0.120032	0.147442	0.171481	0.161236	0.225869	0.191906	0.167309	0.108551	0.229783	0.148301	0.259787	0.134617	0.104668	0.166597	0.154408
eod2-0	0.823121	0.785969	0.822928	0.766033	0.789243	0.805650	0.808924	0.800467	0.732265	0.748307	0.757750	0.805134	0.807372	0.759364	0.830607	0.791132	0.807955	0.777397	0.794552	0.773629
eod2-1	0.907051	0.906907	0.937705	0.899110	0.892638	0.917197	0.912226	0.924242	0.873457	0.935294	0.907407	0.936556	0.880645	0.951807	0.903323	0.981013	0.911348	0.899390	0.941935	0.917889
eod2	0.083930	0.120938	0.114776	0.133077	0.103395	0.111548	0.103301	0.123776	0.141191	0.186987	0.149658	0.131422	0.073273	0.192443	0.072716	0.189881	0.103393	0.121993	0.147384	0.144260
wcspd-000	0.635524	0.590769	0.662675	0.593882	0.608879	0.633540	0.636172	0.607803	0.558428	0.560327	0.583420	0.629938	0.630542	0.583934	0.614900	0.606695	0.624016	0.604013	0.608833	0.605344
wcspd-010	0.782396	0.755376	0.729947	0.710327	0.738579	0.738272	0.734336	0.745358	0.694236	0.736292	0.694656	0.725728	0.729223	0.689373	0.749367	0.739691	0.720588	0.736077	0.758025	0.720430
wcspd-100	0.781818	0.742857	0.791855	0.705882	0.757709	0.793578	0.730088	0.755102	0.693396	0.740385	0.685185	0.731579	0.777778	0.732143	0.724299	0.757991	0.730392	0.732759	0.753363	0.770732
wcspd-110	0.777778	0.762712	0.783333	0.720000	0.762590	0.781513	0.762295	0.805755	0.743802	0.745763	0.750000	0.828829	0.710526	0.704000	0.807692	0.745614	0.796296	0.710280	0.737705	0.864407
wcspd-001	0.758794	0.817734	0.828877	0.775229	0.761682	0.770000	0.796954	0.807339	0.733990	0.814815	0.795122	0.808081	0.730159	0.852041	0.763285	0.915493	0.735135	0.715686	0.849315	0.783654
wcspd-011	0.911765	0.873684	0.912568	0.846154	0.890244	0.888889	0.902857	0.934783	0.850000	0.947059	0.885350	0.921875	0.883117	0.938889	0.910112	0.952128	0.912500	0.897727	0.881988	0.926316
wcspd-101	0.882353	0.848485	0.921053	0.974359	0.966667	0.906250	0.871795	0.911765	0.948718	0.947368	0.977273	0.891304	0.916667	0.897436	0.914286	0.944444	0.914286	0.941176	0.925000	0.900000
wcspd-111	0.882353	0.906250	0.975000	0.903846	0.901961	0.962963	0.910714	0.906977	0.931818	0.962963	0.924528	0.944444	0.892857	0.904762	0.981132	1.000000	0.918367	0.865385	0.886364	0.864407
wcspd	0.276241	0.315481	0.312325	0.380477	0.357787	0.329423	0.274542	0.326980	0.390290	0.402636	0.393853	0.314507	0.286125	0.354955	0.366232	0.393305	0.294352	0.337164	0.316167	0.320971
wcaod-000	1.289634	1.204629	1.340006	1.208233	1.226776	1.281799	1.290881	1.235756	1.128347	1.133209	1.184751	1.277585	1.294515	1.185879	1.250340	1.231942	1.265029	1.217440	1.232809	1.223920
wcaod-010	1.542022	1.497214	1.453640	1.405227	1.444285	1.447553	1.449997	1.468565	1.374079	1.451477	1.371621	1.424225	1.442989	1.360336	1.484813	1.453984	1.416343	1.457489	1.492502	1.431101
wcaod-100	1.525517	1.424285	1.536155	1.347581	1.442108	1.525370	1.385647	1.430964	1.336300	1.434207	1.288889	1.439802	1.504830	1.381656	1.399283	1.476058	1.395238	1.400621	1.471349	1.488252
wcaod-110	1.511921	1.477855	1.498037	1.393333	1.462995	1.539216	1.481083	1.540476	1.465451	1.423752	1.470504	1.567568	1.374087	1.314239	1.575290	1.441288	1.544180	1.355378	1.399212	1.695586
wcaod-001	1.448866	1.619048	1.614468	1.489598	1.470077	1.478764	1.553989	1.574964	1.423542	1.577206	1.528746	1.591499	1.419422	1.646072	1.484646	1.816159	1.423423	1.323529	1.642948	1.504662
wcaod-011	1.769635	1.634337	1.778689	1.623298	1.680718	1.695098	1.756964	1.786613	1.624715	1.847041	1.740718	1.753151	1.730479	1.817460	1.738846	1.847027	1.752727	1.722314	1.689553	1.804511
wcaod-101	1.697778	1.460000	1.571429	1.970588	1.800000	1.628205	1.560484	1.758333	1.825893	1.824885	1.875000	1.683036	1.726496	1.633333	1.900000	1.818182	1.739316	1.468750	1.750000	1.666667
wcaod-111	1.718182	1.825038	1.970588	1.728571	1.756410	1.892857	1.682828	1.809091	1.749206	1.954545	1.770563	1.750000	1.632653	1.707447	1.974359	2.000000	1.800000	1.615385	1.641176	1.625397
wcaod	0.240001	0.310204	0.315291	0.381177	0.286612	0.305529	0.233041	0.286668	0.348773	0.410668	0.345125	0.237783	0.217982	0.315791	0.362009	0.384029	0.267486	0.252437	0.258596	0.290296
wceod-000	0.763920	0.723356	0.796610	0.716937	0.731868	0.759382	0.781038	0.731982	0.677560	0.684665	0.710762	0.767857	0.778781	0.723451	0.796875	0.742664	0.759494	0.712389	0.742729	0.724891
wceod-010	0.896861	0.853535	0.843750	0.816038	0.814655	0.823276	0.825688	0.841346	0.801887	0.829384	0.805687	0.834061	0.820896	0.746411	0.852381	0.834101	0.834821	0.840909	0.857143	0.772277
wceod-100	0.862595	0.816176	0.857143	0.822581	0.872340	0.909091	0.838028	0.884298	0.757353	0.813953	0.807407	0.820755	0.876923	0.845070	0.854839	0.839695	0.883333	0.857143	0.816176	0.870968
wceod-110	0.903226	0.939394	0.870130	0.813333	0.891566	0.852941	0.873239	0.940476	0.835821	0.795181	0.810127	0.918919	0.820896	0.846154	0.932432	0.878788	0.935484	0.843750	0.878378	0.917808
wceod-001	0.869919	0.857143	0.889831	0.867647	0.821429	0.857143	0.860656	0.867647	0.796875	0.889706	0.871212	0.851240	0.814159	0.914729	0.834646	0.959016	0.828829	0.823529	0.921429	0.864662
wceod-011	0.943548	0.942029	0.959016	0.904000	0.942623	0.950000	0.942149	0.978102	0.899225	0.968992	0.903509	0.985294	0.908257	0.984127	0.948148	0.992481	0.972727	0.958678	0.953704	0.962406
wceod-101	0.920000	0.960000	1.000000	0.970588	1.000000	0.961538	0.935484	0.958333	0.968750	0.967742	1.000000	0.968750	0.948718	0.966667	0.900000	1.000000	0.961538	0.968750	1.000000	0.966667
wceod-111	0.900000	0.901961	0.970588	0.928571	0.923077	0.976190	0.955556	0.909091	0.971429	0.954545	0.952381	1.000000	0.918367	0.957447	0.974359	1.000000	0.942857	0.923077	0.941176	0.911111
wceod	0.179629	0.236644	0.203390	0.253651	0.268132	0.216809	0.174517	0.246120	0.293869	0.284327	0.289238	0.232143	0.169937	0.260676	0.177484	0.257336	0.213234	0.256361	0.257271	0.241776
