accuracy	0.657275	0.667898	0.690993	0.656351	0.681755	0.677598	0.662356	0.673441	0.665127	0.665127	0.680831	0.548730	0.679908	0.676674	0.677598	0.676212	0.663741	0.680370	0.662356	0.652656
recall	0.637415	0.653358	0.679005	0.632347	0.671840	0.662555	0.643125	0.656011	0.648958	0.639629	0.661575	0.500000	0.672722	0.658119	0.660163	0.665728	0.648821	0.660645	0.638960	0.630411
precision	0.676969	0.676409	0.693048	0.691948	0.674507	0.678315	0.669588	0.682489	0.665862	0.666847	0.691034	0.274365	0.683398	0.677006	0.687504	0.678410	0.681247	0.686653	0.682136	0.660726
f1score	0.627404	0.649814	0.679382	0.615589	0.672809	0.662563	0.639062	0.652790	0.647967	0.637268	0.658812	0.354310	0.671911	0.658070	0.657128	0.665238	0.641169	0.659082	0.629580	0.624071
mcc	0.311886	0.328960	0.371788	0.318772	0.346337	0.340505	0.311591	0.337463	0.314365	0.305265	0.351377	0.000000	0.355960	0.334593	0.346590	0.343904	0.328472	0.346323	0.318180	0.289554
spd0-0	0.718037	0.661494	0.623711	0.758739	0.565774	0.626866	0.683508	0.668568	0.640366	0.683457	0.676163	1.000000	0.601386	0.645858	0.675130	0.615473	0.689090	0.666667	0.725806	0.689042
spd0-1	0.830508	0.781176	0.720764	0.873810	0.702461	0.782506	0.778781	0.810680	0.781250	0.825359	0.802247	1.000000	0.716590	0.776053	0.780093	0.738095	0.825758	0.804706	0.834499	0.860190
spd0	0.112472	0.119682	0.097052	0.115070	0.136687	0.155640	0.095273	0.142111	0.140884	0.141901	0.126084	0.000000	0.115203	0.130196	0.104963	0.122622	0.136668	0.138039	0.108692	0.171148
aod0-0	1.422241	1.314097	1.235028	1.508024	1.096504	1.231419	1.353046	1.320473	1.261949	1.345982	1.336306	2.000000	1.202579	1.270666	1.330106	1.213951	1.366456	1.310989	1.434498	1.362099
aod0-1	1.607627	1.466721	1.311125	1.673605	1.304376	1.488060	1.469802	1.534148	1.499391	1.567226	1.511953	2.000000	1.321818	1.450457	1.496016	1.424347	1.595013	1.537576	1.617788	1.654510
aod0	0.092693	0.076312	0.038048	0.082791	0.103936	0.128320	0.058378	0.106837	0.118721	0.110622	0.087823	0.000000	0.059619	0.089896	0.082955	0.105198	0.114279	0.113293	0.091645	0.146205
eod0-0	0.852013	0.805804	0.792035	0.884956	0.715490	0.777658	0.816372	0.810811	0.784483	0.812567	0.828350	1.000000	0.769053	0.788210	0.828261	0.781421	0.833515	0.820237	0.862894	0.808855
eod0-1	0.910853	0.888489	0.843972	0.956364	0.826389	0.888060	0.878893	0.927481	0.855556	0.895470	0.904110	1.000000	0.838596	0.885522	0.883895	0.825581	0.921811	0.890909	0.904412	0.941176
eod0	0.058840	0.082686	0.051936	0.071408	0.110899	0.110401	0.062521	0.116670	0.071073	0.082904	0.075760	0.000000	0.069543	0.097312	0.055634	0.044161	0.088296	0.070672	0.041517	0.132321
spd1-0	0.694464	0.631246	0.596685	0.762243	0.524347	0.604520	0.664544	0.642757	0.617875	0.654861	0.646853	1.000000	0.572888	0.624476	0.638751	0.574438	0.665278	0.625265	0.706211	0.685835
spd1-1	0.826558	0.787634	0.735007	0.816138	0.725936	0.757009	0.775266	0.796770	0.762097	0.822069	0.809524	1.000000	0.733142	0.767347	0.802910	0.763833	0.811034	0.823529	0.827869	0.792963
spd1	0.132094	0.156389	0.138322	0.053895	0.201589	0.152490	0.110722	0.154013	0.144222	0.167208	0.162671	0.000000	0.160254	0.142871	0.164159	0.189394	0.145757	0.198265	0.121658	0.107129
aod1-0	1.383603	1.257920	1.173990	1.517096	1.024302	1.195656	1.315230	1.279252	1.218491	1.294487	1.277774	2.000000	1.150109	1.231095	1.266495	1.144656	1.325560	1.225611	1.398595	1.358795
aod1-1	1.594085	1.517262	1.415761	1.576319	1.362920	1.446363	1.504636	1.529556	1.463076	1.578059	1.561857	2.000000	1.402266	1.473241	1.543375	1.465589	1.582666	1.600018	1.607659	1.543664
aod1	0.105241	0.129671	0.120886	0.029612	0.169309	0.125353	0.094703	0.125152	0.122293	0.141786	0.142041	0.000000	0.126078	0.121073	0.138440	0.160466	0.128553	0.187203	0.104532	0.092434
eod1-0	0.822802	0.783634	0.776610	0.885517	0.676741	0.761194	0.813008	0.798621	0.747020	0.787879	0.806409	1.000000	0.751724	0.783533	0.791495	0.739251	0.826265	0.784211	0.842876	0.822819
eod1-1	0.933185	0.891832	0.854118	0.927313	0.844538	0.867965	0.861538	0.896104	0.891648	0.903640	0.914798	1.000000	0.845070	0.858696	0.919214	0.873894	0.895592	0.925676	0.922727	0.865342
eod1	0.110383	0.108198	0.077508	0.041796	0.167797	0.106771	0.048530	0.097483	0.144628	0.115761	0.108390	0.000000	0.093346	0.075163	0.127719	0.134643	0.069326	0.141465	0.079851	0.042523
spd2-0	0.701344	0.635821	0.590565	0.741338	0.538687	0.596019	0.648410	0.654211	0.623896	0.660344	0.655334	1.000000	0.585565	0.625963	0.651891	0.559928	0.678571	0.654503	0.708995	0.676859
spd2-1	0.883260	0.853061	0.841518	0.916497	0.799564	0.886214	0.901499	0.841336	0.826180	0.889121	0.875817	1.000000	0.774049	0.838912	0.854123	0.911885	0.857809	0.836910	0.887931	0.875252
spd2	0.181916	0.217240	0.250953	0.175159	0.260877	0.290196	0.253089	0.187125	0.202284	0.228778	0.220483	0.000000	0.188485	0.212949	0.202231	0.351957	0.179237	0.182407	0.178936	0.198393
aod2-0	1.399694	1.270362	1.171738	1.481152	1.055390	1.180927	1.288330	1.303640	1.239454	1.307041	1.303728	2.000000	1.177940	1.238774	1.300094	1.112531	1.352974	1.299253	1.407994	1.346838
aod2-1	1.688155	1.632295	1.596354	1.751397	1.472969	1.674447	1.747141	1.559874	1.560120	1.697741	1.677160	2.000000	1.413492	1.560860	1.606570	1.768546	1.650166	1.562610	1.708085	1.672118
aod2	0.144230	0.180967	0.212308	0.135123	0.208790	0.246760	0.229406	0.128117	0.160333	0.195350	0.186716	0.000000	0.117776	0.161043	0.153238	0.328007	0.148596	0.131679	0.150046	0.162640
eod2-0	0.834682	0.788347	0.765040	0.868171	0.689352	0.743503	0.788330	0.795799	0.764302	0.788939	0.816303	1.000000	0.751486	0.767310	0.806075	0.722287	0.827273	0.805936	0.843360	0.798133
eod2-1	0.948718	0.918919	0.918033	0.985163	0.886503	0.968153	0.949843	0.942424	0.898148	0.944118	0.929012	1.000000	0.880645	0.930723	0.930514	0.977848	0.929078	0.917683	0.954839	0.941349
eod2	0.114036	0.130572	0.152993	0.116992	0.197151	0.224650	0.161514	0.146625	0.133846	0.155179	0.112709	0.000000	0.129159	0.163413	0.124439	0.255561	0.101805	0.111747	0.111479	0.143216
wcspd-000	0.638604	0.558974	0.546906	0.712025	0.448203	0.523810	0.599369	0.591376	0.562565	0.586912	0.579275	1.000000	0.524138	0.564367	0.591815	0.476987	0.622047	0.570222	0.641430	0.630010
wcspd-010	0.770171	0.736559	0.628342	0.722922	0.647208	0.651852	0.686717	0.702918	0.676692	0.738903	0.743003	1.000000	0.680965	0.673025	0.726582	0.657216	0.732843	0.757869	0.780247	0.669355
wcspd-100	0.813636	0.742857	0.665158	0.838235	0.616740	0.715596	0.738938	0.750000	0.726415	0.778846	0.754630	1.000000	0.657407	0.745536	0.700935	0.675799	0.769608	0.728448	0.811659	0.800000
wcspd-110	0.777778	0.762712	0.700000	0.864000	0.719424	0.773109	0.737705	0.827338	0.760331	0.805085	0.787879	1.000000	0.684211	0.752000	0.784615	0.701754	0.833333	0.841121	0.811475	0.872881
wcspd-001	0.793970	0.832512	0.732620	0.876147	0.705607	0.820000	0.847716	0.743119	0.709360	0.796296	0.790244	1.000000	0.671958	0.750000	0.743961	0.859155	0.735135	0.705882	0.844749	0.778846
wcspd-011	0.958824	0.857895	0.923497	0.939560	0.865854	0.923977	0.948571	0.918478	0.900000	0.970588	0.955414	1.000000	0.831169	0.916667	0.926966	0.957447	0.950000	0.926136	0.925466	0.931579
wcspd-101	0.941176	0.818182	0.842105	0.948718	0.933333	0.937500	0.897436	0.852941	0.923077	0.921053	0.931818	1.000000	0.833333	0.794872	0.914286	0.861111	0.942857	0.970588	0.900000	0.975000
wcspd-111	0.941176	0.921875	0.975000	0.980769	0.901961	0.981481	0.946429	1.000000	0.977273	0.981481	0.924528	1.000000	0.910714	0.920635	1.000000	1.000000	0.959184	0.961538	0.954545	0.966102
wcspd	0.320220	0.362901	0.428094	0.268744	0.485130	0.457672	0.349202	0.408624	0.414708	0.394569	0.376139	0.000000	0.386576	0.356268	0.408185	0.523013	0.337136	0.400366	0.313115	0.344990
wcaod-000	1.297283	1.147762	1.115342	1.445323	0.907858	1.065618	1.220250	1.206298	1.139374	1.188274	1.183036	2.000000	1.092468	1.149556	1.202493	0.979446	1.266368	1.155484	1.301401	1.276080
wcaod-010	1.515141	1.459770	1.248855	1.426058	1.246275	1.259941	1.355340	1.380547	1.332862	1.454067	1.463934	2.000000	1.345048	1.319272	1.434878	1.278007	1.446429	1.498398	1.535862	1.327723
wcaod-100	1.593361	1.411963	1.226896	1.627419	1.151658	1.364165	1.409457	1.417631	1.410991	1.506035	1.439506	2.000000	1.257603	1.402783	1.358961	1.312543	1.490476	1.400932	1.591785	1.540920
wcaod-110	1.506311	1.473776	1.316823	1.680000	1.367470	1.514706	1.427782	1.595022	1.488115	1.524613	1.508956	2.000000	1.303906	1.433442	1.526062	1.359848	1.625526	1.642805	1.572072	1.700761
wcaod-001	1.525888	1.640756	1.395726	1.694943	1.333398	1.563707	1.661639	1.389706	1.356875	1.537500	1.508925	2.000000	1.287611	1.397779	1.425394	1.687083	1.414414	1.294118	1.641320	1.491328
wcaod-011	1.847826	1.588629	1.795082	1.807018	1.554254	1.756373	1.853841	1.736760	1.706338	1.894687	1.895145	2.000000	1.526606	1.732804	1.729371	1.854545	1.850909	1.773554	1.773585	1.781955
wcaod-101	1.848889	1.335000	1.364055	1.600000	1.760000	1.666667	1.500000	1.500000	1.794643	1.682028	1.625000	2.000000	1.282051	1.266667	1.733333	1.596364	1.850427	1.968750	1.666667	1.900000
wcaod-111	1.859091	1.844646	1.833333	1.900000	1.698718	1.916667	1.864646	2.000000	1.888889	1.900000	1.837662	2.000000	1.653061	1.769947	2.000000	2.000000	1.900000	1.897436	1.870588	1.906349
wcaod	0.280904	0.348442	0.358996	0.236971	0.426071	0.425524	0.322198	0.396851	0.374758	0.355863	0.356055	0.000000	0.280297	0.310195	0.398754	0.510277	0.316816	0.406633	0.284594	0.315135
wceod-000	0.777283	0.730159	0.743644	0.839907	0.604396	0.677704	0.767494	0.736486	0.710240	0.730022	0.753363	1.000000	0.720090	0.725664	0.758929	0.663657	0.799578	0.743363	0.805369	0.775109
wceod-010	0.896861	0.833333	0.770833	0.858491	0.758621	0.780172	0.775229	0.812500	0.830189	0.843602	0.881517	1.000000	0.781095	0.755981	0.861905	0.792627	0.821429	0.881818	0.883929	0.727723
wceod-100	0.885496	0.830882	0.807143	0.927419	0.744681	0.840909	0.838028	0.884298	0.779412	0.860465	0.859259	1.000000	0.769231	0.866197	0.814516	0.755725	0.883333	0.835714	0.867647	0.911290
wceod-110	0.919355	0.954545	0.805195	0.960000	0.867470	0.867647	0.859155	0.940476	0.895522	0.867470	0.924051	1.000000	0.835821	0.858974	0.918919	0.818182	0.951613	0.921875	0.905405	0.945205
wceod-001	0.894309	0.890756	0.830508	0.963235	0.792857	0.928571	0.901639	0.889706	0.796875	0.875000	0.878788	1.000000	0.787611	0.860465	0.850394	0.950820	0.846847	0.823529	0.907143	0.864662
wceod-011	1.000000	0.934783	0.975410	1.000000	0.959016	0.991667	0.983471	0.970803	0.961240	0.992248	0.964912	1.000000	0.926606	0.992063	0.985185	1.000000	0.990909	0.991736	1.000000	0.992481
wceod-101	0.960000	0.960000	0.935484	1.000000	0.960000	1.000000	1.000000	1.000000	0.937500	0.967742	1.000000	1.000000	0.948718	0.933333	0.933333	0.960000	0.961538	0.968750	1.000000	1.000000
wceod-111	0.950000	0.921569	1.000000	1.000000	0.948718	1.000000	0.955556	1.000000	1.000000	1.000000	0.928571	1.000000	0.938776	0.957447	1.000000	1.000000	0.971429	0.974359	0.970588	0.977778
wceod	0.222717	0.229841	0.256356	0.160093	0.355604	0.322296	0.232506	0.263514	0.289760	0.269978	0.246637	0.000000	0.228628	0.266400	0.241071	0.336343	0.191331	0.248373	0.194631	0.272277
