accuracy	0.613857	0.609238	0.610624	0.613395	0.645727	0.634180	0.622171	0.620785	0.620323	0.625866	0.613395	0.615704	0.597691	0.612933	0.632794	0.604157	0.612471	0.647113	0.628637	0.624942
recall	0.588950	0.584012	0.580690	0.589338	0.605588	0.606759	0.596466	0.591158	0.592322	0.591751	0.584668	0.589477	0.578847	0.576486	0.606791	0.578544	0.591577	0.619194	0.599615	0.594302
precision	0.634472	0.633123	0.635884	0.628215	0.659425	0.647301	0.631465	0.650183	0.629750	0.627054	0.624152	0.628214	0.624000	0.623211	0.653969	0.628220	0.637847	0.662298	0.653819	0.644178
f1score	0.564477	0.555463	0.549406	0.568549	0.590351	0.592420	0.581222	0.562877	0.575288	0.578317	0.563803	0.569831	0.547035	0.550834	0.588543	0.547175	0.565771	0.607345	0.576912	0.572387
mcc	0.218735	0.211508	0.209423	0.214051	0.259487	0.250804	0.225228	0.234012	0.218895	0.215938	0.205053	0.214217	0.197758	0.194154	0.256456	0.200708	0.224710	0.278172	0.247570	0.233207
spd0-0	0.788242	0.792529	0.811569	0.769054	0.787544	0.753157	0.750290	0.803765	0.758719	0.757871	0.775000	0.768707	0.796072	0.805718	0.765147	0.802292	0.780102	0.748276	0.791475	0.779690
spd0-1	0.813559	0.858824	0.859189	0.814286	0.829978	0.820331	0.805869	0.866505	0.829327	0.818182	0.824719	0.817955	0.829493	0.833703	0.837963	0.857143	0.840909	0.818824	0.832168	0.869668
spd0	0.025317	0.066295	0.047619	0.045231	0.042434	0.067174	0.055579	0.062740	0.070608	0.060311	0.049719	0.049248	0.033421	0.027985	0.072816	0.054851	0.060807	0.070548	0.040693	0.089978
aod0-0	1.567541	1.580114	1.617490	1.531664	1.554462	1.491087	1.491191	1.598219	1.506216	1.502384	1.542169	1.527216	1.592060	1.600464	1.516838	1.596985	1.553483	1.480913	1.571723	1.547997
aod0-1	1.588222	1.668771	1.663172	1.576176	1.583988	1.596726	1.550757	1.670382	1.608067	1.565072	1.583535	1.583641	1.593030	1.628668	1.633640	1.680161	1.631808	1.562424	1.603339	1.684167
aod0	0.010341	0.044329	0.022841	0.022256	0.014763	0.052819	0.029783	0.036081	0.050925	0.031344	0.020683	0.028213	0.000485	0.014102	0.058401	0.041588	0.039163	0.040756	0.015808	0.068085
eod0-0	0.874864	0.872768	0.888274	0.855088	0.875659	0.856069	0.839602	0.883243	0.844828	0.840256	0.849391	0.850107	0.868360	0.879913	0.867391	0.876503	0.862894	0.855759	0.881393	0.865011
eod0-1	0.872093	0.913669	0.911348	0.872727	0.923611	0.880597	0.875433	0.950382	0.888889	0.878049	0.897260	0.889764	0.901754	0.875421	0.906367	0.914729	0.925926	0.909091	0.915441	0.937500
eod0	0.002771	0.040901	0.023073	0.017639	0.047953	0.024528	0.035831	0.067138	0.044061	0.037793	0.047869	0.039657	0.033394	0.004492	0.038976	0.038226	0.063031	0.053332	0.034048	0.072489
spd1-0	0.767344	0.786770	0.805249	0.768630	0.779817	0.747175	0.736023	0.786920	0.756510	0.731944	0.785315	0.755014	0.799046	0.796503	0.735273	0.804073	0.773611	0.712773	0.788555	0.786816
spd1-1	0.842818	0.841398	0.852162	0.794974	0.827540	0.802403	0.809840	0.870794	0.802419	0.844138	0.785034	0.819246	0.810617	0.840816	0.862434	0.829960	0.826207	0.855615	0.821038	0.817321
spd1	0.075474	0.054628	0.046913	0.026343	0.047724	0.055228	0.073818	0.083874	0.045910	0.112193	0.000281	0.064231	0.011571	0.044313	0.127161	0.025886	0.052596	0.142842	0.032483	0.030504
aod1-0	1.531248	1.571512	1.602542	1.532734	1.544161	1.486083	1.463342	1.570655	1.502959	1.452955	1.563190	1.507915	1.600020	1.585071	1.463332	1.606574	1.544527	1.407334	1.568247	1.564446
aod1-1	1.646704	1.635056	1.673425	1.545512	1.598214	1.551631	1.582825	1.691824	1.561679	1.655686	1.527589	1.589809	1.585417	1.643281	1.682659	1.611431	1.616838	1.674816	1.596295	1.600156
aod1	0.057728	0.031772	0.035441	0.006389	0.027027	0.032774	0.059741	0.060585	0.029360	0.101365	0.017801	0.040947	0.007302	0.029105	0.109663	0.002428	0.036155	0.133741	0.014024	0.017855
eod1-0	0.850275	0.854369	0.879106	0.844138	0.876478	0.843962	0.829268	0.866207	0.831788	0.827404	0.859813	0.835926	0.878621	0.867198	0.835391	0.865465	0.860465	0.828947	0.876165	0.884564
eod1-1	0.913140	0.927152	0.920000	0.883260	0.903361	0.889610	0.879121	0.948052	0.893905	0.884368	0.863229	0.891892	0.873239	0.897826	0.941048	0.915929	0.902552	0.934685	0.911364	0.876380
eod1	0.062866	0.072783	0.040894	0.039122	0.026883	0.045648	0.049853	0.081845	0.062117	0.056964	0.003416	0.055965	0.005381	0.030628	0.105657	0.050465	0.042087	0.105737	0.035199	0.008184
spd2-0	0.784921	0.799403	0.815958	0.769415	0.790739	0.751756	0.749117	0.808422	0.776928	0.751630	0.771395	0.771940	0.803260	0.800237	0.773641	0.799642	0.785138	0.758682	0.798942	0.786571
spd2-1	0.823789	0.826531	0.839286	0.806517	0.816993	0.820569	0.807281	0.841336	0.755365	0.832636	0.836601	0.797959	0.800895	0.851464	0.801268	0.858607	0.815851	0.774678	0.801724	0.832998
spd2	0.038867	0.027128	0.023328	0.037103	0.026255	0.068812	0.058164	0.032914	0.021563	0.081006	0.065206	0.026019	0.002365	0.051227	0.027628	0.058964	0.030713	0.015997	0.002782	0.046427
aod2-0	1.568050	1.598130	1.627692	1.537913	1.567441	1.496048	1.492730	1.614000	1.549033	1.494630	1.539072	1.540184	1.609568	1.594666	1.544745	1.596088	1.567789	1.509983	1.591455	1.568382
aod2-1	1.555571	1.583156	1.619076	1.510058	1.533120	1.556055	1.540392	1.596685	1.394975	1.579582	1.625926	1.504817	1.509230	1.613468	1.514957	1.662423	1.570054	1.440615	1.503896	1.575758
aod2	0.006239	0.007487	0.004308	0.013928	0.017160	0.030004	0.023831	0.008657	0.077029	0.042476	0.043427	0.017684	0.050169	0.009401	0.014894	0.033167	0.001132	0.034684	0.043780	0.003688
eod2-0	0.864740	0.879905	0.894438	0.845606	0.886937	0.850847	0.839817	0.892649	0.858124	0.832957	0.857635	0.849475	0.877527	0.862656	0.879673	0.870478	0.873864	0.873288	0.885358	0.870478
eod2-1	0.900641	0.888889	0.891803	0.893175	0.886503	0.891720	0.871473	0.912121	0.845679	0.891176	0.870370	0.882175	0.874194	0.921687	0.867069	0.924051	0.882979	0.853659	0.900000	0.909091
eod2	0.035901	0.008984	0.002635	0.047569	0.000434	0.040872	0.031656	0.019472	0.012445	0.058219	0.012735	0.032700	0.003333	0.059031	0.012603	0.053572	0.009115	0.019629	0.014642	0.038612
wcspd-000	0.755647	0.773333	0.802395	0.755274	0.775899	0.720497	0.713985	0.771047	0.756980	0.713701	0.768912	0.752599	0.796059	0.782698	0.727177	0.780335	0.759843	0.705385	0.776025	0.767729
wcspd-010	0.838631	0.822581	0.820856	0.780856	0.814721	0.790123	0.796992	0.864721	0.789474	0.814621	0.745547	0.793689	0.812332	0.825613	0.845570	0.811856	0.811275	0.842615	0.829630	0.774194
wcspd-100	0.813636	0.842857	0.868778	0.813725	0.806167	0.844037	0.809735	0.841837	0.820755	0.793269	0.828704	0.794737	0.856481	0.848214	0.789720	0.863014	0.843137	0.788793	0.843049	0.843902
wcspd-110	0.787037	0.864407	0.816667	0.768000	0.798561	0.705882	0.754098	0.870504	0.818182	0.788136	0.772727	0.819820	0.736842	0.776000	0.869231	0.798246	0.814815	0.841121	0.795082	0.881356
wcspd-001	0.758794	0.783251	0.748663	0.770642	0.738318	0.750000	0.746193	0.788991	0.665025	0.726852	0.780488	0.717172	0.735450	0.795918	0.695652	0.830986	0.751351	0.637255	0.780822	0.788462
wcspd-011	0.888235	0.842105	0.907104	0.813187	0.853659	0.853801	0.845714	0.869565	0.805556	0.923529	0.878981	0.848958	0.831169	0.900000	0.870787	0.861702	0.862500	0.886364	0.801242	0.842105
wcspd-101	0.852941	0.848485	0.789474	0.846154	1.000000	0.875000	0.794872	0.911765	0.871795	0.894737	0.954545	0.804348	0.854167	0.846154	0.857143	0.916667	0.885714	0.852941	0.825000	0.950000
wcspd-111	0.843137	0.906250	1.000000	0.903846	0.921569	0.944444	0.910714	0.930233	0.863636	0.925926	0.830189	0.907407	0.892857	0.888889	0.943396	0.921569	0.857143	0.884615	0.886364	0.881356
wcspd	0.132588	0.132917	0.251337	0.148572	0.261682	0.238562	0.196729	0.159185	0.206770	0.212224	0.208998	0.190236	0.157407	0.124000	0.247744	0.141234	0.134363	0.249109	0.110338	0.182271
wcaod-000	1.523131	1.560473	1.613895	1.521153	1.559204	1.453029	1.440594	1.554394	1.521851	1.436902	1.547936	1.515755	1.610621	1.575170	1.467260	1.569390	1.531023	1.421757	1.561694	1.546666
wcaod-010	1.661218	1.632532	1.637305	1.546252	1.599670	1.543951	1.579680	1.712648	1.566567	1.618373	1.473205	1.568449	1.615672	1.635092	1.678636	1.600372	1.607725	1.674023	1.639996	1.540361
wcaod-100	1.604168	1.658784	1.699206	1.582661	1.542801	1.653277	1.570758	1.632287	1.616099	1.534197	1.597531	1.570305	1.682826	1.667812	1.545699	1.711312	1.644048	1.512112	1.651538	1.647750
wcaod-110	1.544881	1.700466	1.580791	1.520000	1.546472	1.392157	1.472521	1.685281	1.610558	1.517040	1.508479	1.608108	1.431566	1.531097	1.713803	1.554924	1.598878	1.650436	1.523086	1.722983
wcaod-001	1.448866	1.549720	1.451240	1.472561	1.408880	1.441441	1.441202	1.535868	1.258958	1.386029	1.518265	1.395514	1.428272	1.524933	1.346654	1.643488	1.472973	1.191176	1.486166	1.506366
wcaod-011	1.696353	1.554905	1.770492	1.518035	1.569087	1.611275	1.623049	1.587203	1.491564	1.816033	1.746430	1.587185	1.591845	1.698413	1.607752	1.612577	1.636364	1.666116	1.492313	1.593985
wcaod-101	1.586667	1.545000	1.410138	1.652941	2.000000	1.589744	1.463710	1.700000	1.620536	1.649770	1.847222	1.437500	1.478632	1.566667	1.833333	1.727273	1.773504	1.375000	1.464286	1.800000
wcaod-111	1.602273	1.710407	2.000000	1.652381	1.782051	1.869048	1.751515	1.839394	1.498413	1.831818	1.584416	1.642857	1.510204	1.686170	1.831502	1.811111	1.585714	1.692308	1.711765	1.647619
wcaod	0.123744	0.082704	0.294931	0.090190	0.295560	0.238445	0.155461	0.151763	0.180789	0.222894	0.187009	0.123672	0.127277	0.086740	0.243340	0.128093	0.150266	0.250566	0.123739	0.146817
wceod-000	0.837416	0.852608	0.885593	0.819026	0.876923	0.823400	0.812641	0.846847	0.838780	0.807775	0.840807	0.834821	0.878104	0.858407	0.841518	0.844244	0.850211	0.831858	0.861298	0.868996
wceod-010	0.919283	0.914141	0.901042	0.886792	0.883621	0.896552	0.866972	0.937500	0.882075	0.862559	0.857820	0.868996	0.865672	0.875598	0.938095	0.898618	0.879464	0.922727	0.910714	0.816832
wceod-100	0.862595	0.875000	0.921429	0.895161	0.914894	0.909091	0.880282	0.925620	0.852941	0.875969	0.918519	0.867925	0.915385	0.887324	0.879032	0.893130	0.941667	0.914286	0.904412	0.919355
wceod-110	0.870968	0.969697	0.883117	0.800000	0.903614	0.764706	0.845070	0.976190	0.925373	0.831325	0.848101	0.851351	0.835821	0.807692	0.945946	0.909091	0.903226	0.906250	0.918919	0.945205
wceod-001	0.869919	0.823529	0.813559	0.875000	0.814286	0.833333	0.827869	0.852941	0.765625	0.823529	0.833333	0.785124	0.823009	0.868217	0.771654	0.885246	0.810811	0.720588	0.878571	0.879699
wceod-011	0.935484	0.920290	0.950820	0.904000	0.926230	0.925000	0.900826	0.948905	0.883721	0.937984	0.885965	0.926471	0.880734	0.976190	0.933333	0.939850	0.936364	0.975207	0.907407	0.909774
wceod-101	0.920000	0.920000	0.838710	0.852941	1.000000	0.923077	0.838710	1.000000	0.906250	0.935484	0.972222	0.937500	0.923077	0.900000	0.833333	1.000000	0.884615	0.875000	0.964286	1.000000
wceod-111	0.875000	0.941176	1.000000	0.952381	0.948718	0.952381	0.933333	0.939394	0.942857	0.931818	0.857143	0.976190	0.938776	0.936170	0.974359	0.944444	0.942857	0.923077	0.911765	0.933333
wceod	0.098067	0.146168	0.186441	0.152381	0.185714	0.187675	0.120692	0.153153	0.177232	0.130209	0.138889	0.191067	0.115767	0.168498	0.202705	0.155756	0.132046	0.254618	0.102988	0.183168
