accuracy	0.630485	0.664665	0.674365	0.650346	0.663279	0.657737	0.645266	0.645266	0.660508	0.566282	0.668822	0.648499	0.671132	0.652194	0.654503	0.644804	0.639723	0.654965	0.639261	0.650346
recall	0.608388	0.652500	0.658926	0.632645	0.639118	0.635470	0.621043	0.620234	0.643289	0.500000	0.649241	0.626267	0.663353	0.627910	0.633160	0.622043	0.621876	0.629824	0.610861	0.629620
precision	0.648526	0.667928	0.679939	0.659903	0.659043	0.666587	0.659561	0.668609	0.661867	0.283141	0.677086	0.662679	0.675139	0.655256	0.668895	0.677987	0.662478	0.665974	0.668020	0.654987
f1score	0.592246	0.650827	0.657085	0.626036	0.638764	0.629672	0.610004	0.605031	0.641542	0.361545	0.645617	0.616430	0.661940	0.623259	0.624605	0.603072	0.606968	0.622153	0.590660	0.624696
mcc	0.253759	0.320056	0.338212	0.291276	0.297494	0.300450	0.277947	0.284764	0.304590	0.000000	0.325137	0.286643	0.338287	0.281842	0.299934	0.294769	0.281440	0.293581	0.272961	0.283475
spd0-0	0.753425	0.641954	0.659794	0.693410	0.674040	0.708955	0.737515	0.755277	0.662664	1.000000	0.681977	0.726190	0.614674	0.697783	0.713214	0.767335	0.737140	0.722989	0.783410	0.680436
spd0-1	0.801453	0.717647	0.747017	0.780952	0.747204	0.773050	0.796840	0.837379	0.735577	1.000000	0.788764	0.802993	0.707373	0.789357	0.817130	0.845238	0.818182	0.802353	0.839161	0.822275
spd0	0.048028	0.075693	0.087223	0.087543	0.073164	0.064094	0.059325	0.082102	0.072913	0.000000	0.106787	0.076802	0.092700	0.091574	0.103916	0.077903	0.081042	0.079364	0.055751	0.141839
aod0-0	1.496446	1.274982	1.308303	1.377111	1.319385	1.398368	1.462784	1.497842	1.307627	2.000000	1.349129	1.436854	1.229162	1.377675	1.409856	1.522148	1.464513	1.427912	1.553093	1.344892
aod0-1	1.545661	1.337542	1.391417	1.492665	1.413260	1.492176	1.527816	1.601781	1.394419	2.000000	1.491405	1.557154	1.310986	1.511304	1.579094	1.651593	1.592351	1.543030	1.635912	1.577745
aod0	0.024608	0.031280	0.041557	0.057777	0.046938	0.046904	0.032516	0.051970	0.043396	0.000000	0.071138	0.060150	0.040912	0.066814	0.084619	0.064723	0.063919	0.057559	0.041410	0.116427
eod0-0	0.854189	0.786830	0.813053	0.823009	0.796628	0.841031	0.853982	0.863784	0.798491	1.000000	0.822813	0.850107	0.774827	0.818777	0.839130	0.889617	0.857454	0.847147	0.893362	0.800216
eod0-1	0.887597	0.827338	0.843972	0.858182	0.847222	0.847015	0.871972	0.935115	0.825926	1.000000	0.883562	0.870079	0.821053	0.861953	0.906367	0.910853	0.893004	0.876364	0.897059	0.904412
eod0	0.033408	0.040508	0.030919	0.035173	0.050594	0.005984	0.017990	0.071331	0.027435	0.000000	0.060749	0.019972	0.046226	0.043176	0.067237	0.021235	0.035550	0.029216	0.003696	0.104196
spd1-0	0.690259	0.577762	0.616022	0.648687	0.618913	0.669492	0.697806	0.703938	0.597467	1.000000	0.648252	0.684097	0.570163	0.650350	0.674947	0.726124	0.698611	0.671842	0.740405	0.640954
spd1-1	0.902439	0.807796	0.799163	0.825397	0.822193	0.819760	0.847074	0.899058	0.827957	1.000000	0.812245	0.842653	0.766141	0.846259	0.843915	0.890688	0.857931	0.864973	0.900273	0.837618
spd1	0.212180	0.230034	0.183141	0.176710	0.203279	0.150268	0.149268	0.195120	0.230490	0.000000	0.163993	0.158555	0.195977	0.195909	0.168969	0.164565	0.159320	0.193131	0.159868	0.196665
aod1-0	1.375590	1.150804	1.214463	1.289131	1.216161	1.327557	1.383722	1.402410	1.176010	2.000000	1.281511	1.364967	1.144492	1.286046	1.340507	1.448786	1.393006	1.322767	1.468826	1.269357
aod1-1	1.780458	1.567579	1.555077	1.611693	1.589811	1.587689	1.659563	1.770740	1.614153	2.000000	1.574868	1.631410	1.477739	1.650514	1.640368	1.749671	1.688582	1.696805	1.773039	1.635846
aod1	0.202434	0.208387	0.170307	0.161281	0.186825	0.130066	0.137920	0.184165	0.219072	0.000000	0.146678	0.133221	0.166623	0.182234	0.149931	0.150442	0.147788	0.187019	0.152107	0.183245
eod1-0	0.809066	0.735090	0.779238	0.786207	0.754271	0.803256	0.825203	0.840000	0.739073	1.000000	0.798398	0.807638	0.742069	0.780876	0.805213	0.861304	0.834473	0.805263	0.858855	0.774497
eod1-1	0.946548	0.894040	0.894118	0.903084	0.894958	0.904762	0.912088	0.941558	0.916479	1.000000	0.903587	0.923077	0.861502	0.908696	0.932314	0.946903	0.916473	0.936937	0.954545	0.905077
eod1	0.137482	0.158950	0.114880	0.116877	0.140687	0.101505	0.086885	0.101558	0.177406	0.000000	0.105190	0.115439	0.119433	0.127819	0.127102	0.085599	0.082000	0.131674	0.095691	0.130581
spd2-0	0.763881	0.642388	0.659872	0.703106	0.681712	0.716628	0.741461	0.781732	0.663331	1.000000	0.682884	0.739104	0.619907	0.714286	0.734634	0.795468	0.758065	0.738081	0.803645	0.699640
spd2-1	0.757709	0.706122	0.741071	0.735234	0.716776	0.739606	0.779443	0.732777	0.725322	1.000000	0.782135	0.744898	0.684564	0.725941	0.731501	0.737705	0.727273	0.740343	0.760776	0.736419
spd2	0.006172	0.063734	0.081200	0.032128	0.035064	0.022978	0.037983	0.048955	0.061991	0.000000	0.099251	0.005793	0.064657	0.011656	0.003133	0.057763	0.030792	0.002262	0.042869	0.036778
aod2-0	1.525496	1.283561	1.311456	1.404757	1.345010	1.423740	1.475634	1.559718	1.318627	2.000000	1.359471	1.472446	1.246484	1.418673	1.466189	1.586077	1.512914	1.468411	1.599945	1.392304
aod2-1	1.401860	1.284788	1.370813	1.335678	1.298538	1.358247	1.477908	1.328676	1.328030	2.000000	1.453704	1.387049	1.227431	1.290766	1.330816	1.364439	1.350630	1.341463	1.409929	1.365441
aod2	0.061818	0.000613	0.029679	0.034540	0.023236	0.032746	0.001137	0.115521	0.004701	0.000000	0.047116	0.042699	0.009526	0.063954	0.067686	0.110819	0.081142	0.063474	0.095008	0.013432
eod2-0	0.864740	0.787158	0.813848	0.824228	0.807903	0.842938	0.861556	0.892649	0.798627	1.000000	0.828932	0.859977	0.782402	0.820658	0.863318	0.903151	0.872727	0.858447	0.902384	0.822637
eod2-1	0.852564	0.819820	0.839344	0.848665	0.809816	0.840764	0.849530	0.845455	0.820988	1.000000	0.861111	0.839879	0.796774	0.852410	0.830816	0.870253	0.840426	0.841463	0.870968	0.826979
eod2	0.012176	0.032662	0.025496	0.024437	0.001913	0.002174	0.012026	0.047194	0.022361	0.000000	0.032179	0.020098	0.014372	0.031751	0.032502	0.032897	0.032302	0.016984	0.031416	0.004342
wcspd-000	0.676591	0.547692	0.585828	0.623418	0.589852	0.656315	0.672976	0.701232	0.572906	1.000000	0.613472	0.673597	0.541872	0.629248	0.668416	0.721757	0.688976	0.652587	0.728707	0.604317
wcspd-010	0.938875	0.841398	0.791444	0.843829	0.845178	0.824691	0.864662	0.936340	0.844612	1.000000	0.776081	0.834951	0.777480	0.866485	0.845570	0.932990	0.882353	0.883777	0.945679	0.838710
wcspd-100	0.804545	0.680952	0.733032	0.750000	0.722467	0.756881	0.787611	0.816327	0.693396	1.000000	0.750000	0.794737	0.675926	0.772321	0.757009	0.844749	0.813725	0.775862	0.838565	0.829268
wcspd-110	0.805556	0.728814	0.733333	0.784000	0.776978	0.764706	0.786885	0.877698	0.735537	1.000000	0.803030	0.855856	0.692982	0.824000	0.846154	0.850877	0.833333	0.850467	0.852459	0.822034
wcspd-001	0.628141	0.591133	0.614973	0.633028	0.616822	0.630000	0.695431	0.605505	0.576355	1.000000	0.658537	0.641414	0.560847	0.607143	0.579710	0.615023	0.600000	0.612745	0.684932	0.605769
wcspd-011	0.894118	0.789474	0.841530	0.802198	0.823171	0.824561	0.845714	0.847826	0.838889	1.000000	0.898089	0.843750	0.766234	0.822222	0.814607	0.829787	0.831250	0.852273	0.832298	0.842105
wcspd-101	0.705882	0.727273	0.736842	0.820513	0.766667	0.718750	0.794872	0.764706	0.794872	1.000000	0.863636	0.630435	0.729167	0.692308	0.914286	0.777778	0.828571	0.852941	0.775000	0.750000
wcspd-111	0.843137	0.812500	0.875000	0.865385	0.764706	0.888889	0.857143	0.860465	0.886364	1.000000	0.849057	0.870370	0.839286	0.841270	0.924528	0.882353	0.795918	0.788462	0.863636	0.847458
wcspd	0.310735	0.293706	0.289172	0.241967	0.255326	0.258889	0.191686	0.330835	0.313458	0.000000	0.284618	0.239936	0.297414	0.259342	0.344818	0.317966	0.282353	0.271032	0.260748	0.243141
wcaod-000	1.370661	1.126373	1.192173	1.270883	1.190439	1.330881	1.365844	1.424265	1.160950	2.000000	1.249773	1.366176	1.127500	1.276370	1.353850	1.463308	1.397123	1.317864	1.473168	1.224395
wcaod-010	1.872728	1.674852	1.577438	1.676568	1.670019	1.621935	1.717598	1.867973	1.676017	2.000000	1.533852	1.647076	1.540929	1.723851	1.679279	1.855391	1.756599	1.758290	1.883756	1.667560
wcaod-100	1.567287	1.291733	1.396473	1.455645	1.371763	1.476920	1.530684	1.555482	1.318885	2.000000	1.437037	1.575247	1.292308	1.491412	1.477061	1.662127	1.594048	1.498137	1.652468	1.602151
wcaod-110	1.565919	1.409091	1.379040	1.526667	1.487091	1.495098	1.528859	1.709740	1.443339	2.000000	1.540482	1.662162	1.325183	1.608020	1.660232	1.674242	1.642356	1.666061	1.668919	1.584475
wcaod-001	1.172122	1.134454	1.149103	1.169656	1.140347	1.172887	1.343825	1.111011	1.063125	2.000000	1.212536	1.233766	1.062995	1.080296	1.102165	1.171501	1.135135	1.102941	1.286528	1.121805
wcaod-011	1.690743	1.410535	1.598361	1.492491	1.450039	1.524510	1.612795	1.558006	1.585499	2.000000	1.758262	1.569328	1.382671	1.481481	1.422739	1.524812	1.547273	1.566942	1.538609	1.573935
wcaod-101	1.244444	1.130000	1.124424	1.282353	1.400000	1.269231	1.370968	1.375000	1.415179	2.000000	1.444444	1.066964	1.153846	1.133333	1.733333	1.374545	1.551282	1.375000	1.345238	1.466667
wcaod-111	1.668182	1.478130	1.578431	1.604762	1.519231	1.678571	1.616162	1.678788	1.609524	2.000000	1.675325	1.595238	1.448980	1.539894	1.760073	1.716667	1.457143	1.564103	1.682353	1.603175
wcaod	0.350303	0.274240	0.236968	0.253456	0.264836	0.252842	0.186887	0.378481	0.306446	0.000000	0.272863	0.297599	0.238967	0.321777	0.328954	0.341945	0.310732	0.327674	0.298614	0.272878
wceod-000	0.797327	0.725624	0.773305	0.767981	0.736264	0.812362	0.828442	0.835586	0.729847	1.000000	0.775785	0.821429	0.735892	0.767699	0.819196	0.866817	0.841772	0.798673	0.868009	0.746725
wceod-010	0.964126	0.898990	0.890625	0.919811	0.892241	0.905172	0.922018	0.956731	0.943396	1.000000	0.890995	0.925764	0.860697	0.894737	0.933333	0.972350	0.919643	0.950000	0.977679	0.891089
wceod-100	0.893130	0.764706	0.828571	0.830645	0.836879	0.825758	0.852113	0.942149	0.779412	1.000000	0.844444	0.849057	0.792308	0.845070	0.854839	0.900763	0.891667	0.878571	0.882353	0.935484
wceod-110	0.935484	0.909091	0.844156	0.866667	0.915663	0.867647	0.901408	0.964286	0.850746	1.000000	0.936709	0.905405	0.835821	0.884615	0.945946	0.924242	0.903226	0.921875	0.918919	0.917808
wceod-001	0.764228	0.705882	0.728814	0.779412	0.721429	0.753968	0.770492	0.757353	0.703125	1.000000	0.787879	0.727273	0.681416	0.751938	0.677165	0.786885	0.729730	0.735294	0.792857	0.721805
wceod-011	0.951613	0.891304	0.926230	0.896000	0.926230	0.916667	0.909091	0.919708	0.899225	1.000000	0.921053	0.926471	0.871560	0.944444	0.911111	0.924812	0.927273	0.966942	0.953704	0.924812
wceod-101	0.800000	0.880000	0.838710	0.882353	0.800000	0.769231	0.870968	0.875000	0.843750	1.000000	0.944444	0.781250	0.820513	0.800000	0.933333	0.920000	0.884615	0.875000	0.928571	0.766667
wceod-111	0.850000	0.862745	0.911765	0.904762	0.769231	0.928571	0.888889	0.878788	0.942857	1.000000	0.857143	0.928571	0.877551	0.914894	0.974359	0.916667	0.885714	0.794872	0.882353	0.888889
wceod	0.199898	0.203209	0.197416	0.151830	0.204801	0.174603	0.151527	0.206933	0.240271	0.000000	0.168660	0.201299	0.196135	0.192506	0.297194	0.185465	0.197543	0.231648	0.184821	0.213679
