accuracy	0.642494	0.648499	0.661894	0.659584	0.668360	0.668360	0.644342	0.661894	0.655889	0.663741	0.665589	0.653118	0.651732	0.661894	0.654042	0.655427	0.642956	0.668822	0.656813	0.649885
recall	0.619677	0.626033	0.635955	0.638138	0.638853	0.641843	0.617631	0.639179	0.630042	0.634417	0.641265	0.628840	0.636950	0.634645	0.630848	0.632703	0.624069	0.644488	0.631210	0.622523
precision	0.668593	0.680223	0.699070	0.684147	0.671168	0.693078	0.666196	0.683224	0.674295	0.671175	0.685692	0.675748	0.678249	0.673395	0.674187	0.693830	0.672256	0.682253	0.682577	0.670736
f1score	0.602982	0.608759	0.619981	0.626540	0.636058	0.631706	0.602422	0.629185	0.619443	0.629175	0.632347	0.616135	0.623485	0.627829	0.619536	0.614814	0.606862	0.638608	0.618013	0.609141
mcc	0.284089	0.301423	0.329026	0.318984	0.308332	0.330979	0.279641	0.319381	0.301103	0.303373	0.323925	0.300955	0.312481	0.305593	0.301941	0.320760	0.292381	0.324551	0.309554	0.289268
spd0-0	0.736872	0.745977	0.761168	0.718625	0.683935	0.725603	0.745064	0.712493	0.722127	0.700630	0.712791	0.727324	0.705373	0.704201	0.715522	0.752436	0.731487	0.698851	0.733871	0.733792
spd0-1	0.920097	0.901176	0.880668	0.895238	0.890380	0.910165	0.884876	0.902913	0.899038	0.899522	0.887640	0.912718	0.889401	0.886918	0.902778	0.909524	0.921717	0.872941	0.909091	0.917062
spd0	0.183225	0.155199	0.119500	0.176613	0.206446	0.184563	0.139812	0.190420	0.176912	0.198892	0.174850	0.185394	0.184028	0.182717	0.187256	0.157088	0.190230	0.174091	0.175220	0.183269
aod0-0	1.461295	1.484142	1.512489	1.427275	1.338778	1.430630	1.477863	1.409288	1.427420	1.381039	1.410969	1.438861	1.410582	1.389199	1.413632	1.490710	1.452748	1.377377	1.451362	1.452095
aod0-1	1.810278	1.755958	1.691334	1.725893	1.717178	1.776601	1.726464	1.753282	1.759513	1.733330	1.719872	1.784830	1.729095	1.721982	1.775553	1.792995	1.814331	1.691515	1.781215	1.784608
aod0	0.174491	0.135908	0.089423	0.149309	0.189200	0.172986	0.124301	0.171997	0.166047	0.176145	0.154451	0.172985	0.159256	0.166391	0.180961	0.151142	0.180791	0.157069	0.164926	0.166256
eod0-0	0.857454	0.872768	0.894912	0.851770	0.808219	0.864662	0.861726	0.846486	0.851293	0.825346	0.851606	0.853319	0.846420	0.834061	0.847826	0.890710	0.857454	0.838536	0.865071	0.849892
eod0-1	0.965116	0.953237	0.946809	0.967273	0.968750	0.970149	0.934256	0.973282	0.944444	0.954704	0.948630	0.968504	0.943860	0.942761	0.951311	0.953488	0.971193	0.938182	0.959559	0.977941
eod0	0.107663	0.080470	0.051897	0.115503	0.160531	0.105488	0.072530	0.126796	0.093151	0.129358	0.097024	0.115185	0.097439	0.108700	0.103485	0.062778	0.113740	0.099646	0.094488	0.128049
spd1-0	0.713385	0.724138	0.736878	0.702626	0.661256	0.718220	0.730361	0.695499	0.707248	0.675694	0.693706	0.709885	0.693460	0.686713	0.694819	0.730337	0.720139	0.673253	0.721563	0.723703
spd1-1	0.884824	0.876344	0.880056	0.846561	0.850267	0.843792	0.855053	0.850606	0.849462	0.864828	0.855782	0.855657	0.845050	0.850340	0.861111	0.883941	0.857931	0.846257	0.860656	0.857916
spd1	0.171439	0.152206	0.143177	0.143935	0.189011	0.125571	0.124692	0.155106	0.142214	0.189133	0.162076	0.145771	0.151590	0.163627	0.166292	0.153604	0.137792	0.173003	0.139093	0.134213
aod1-0	1.421432	1.444327	1.458154	1.397100	1.300683	1.424541	1.448708	1.385083	1.398385	1.337031	1.372826	1.416330	1.390504	1.357787	1.380201	1.456966	1.435839	1.323955	1.429775	1.435441
aod1-1	1.736708	1.712114	1.726914	1.644718	1.646534	1.630609	1.679765	1.653780	1.652400	1.665256	1.668542	1.660560	1.647125	1.655573	1.678131	1.729874	1.690745	1.650753	1.679483	1.676693
aod1	0.157638	0.133893	0.134380	0.123809	0.172925	0.103034	0.115528	0.134348	0.127008	0.164113	0.147858	0.122115	0.128310	0.148893	0.148965	0.136454	0.127453	0.163399	0.124854	0.120626
eod1-0	0.842033	0.855756	0.881735	0.838621	0.797635	0.857531	0.859079	0.842759	0.827815	0.801054	0.839786	0.841584	0.841379	0.826029	0.825789	0.875173	0.863201	0.817105	0.853529	0.851007
eod1-1	0.944321	0.949227	0.952941	0.942731	0.922269	0.937229	0.912088	0.924242	0.948081	0.944325	0.934978	0.931393	0.920188	0.917391	0.943231	0.951327	0.911833	0.936937	0.943182	0.924945
eod1	0.102288	0.093471	0.071207	0.104111	0.124634	0.079699	0.053009	0.081484	0.120267	0.143271	0.095191	0.089809	0.078808	0.091362	0.117443	0.076154	0.048632	0.119832	0.089653	0.073938
spd2-0	0.759205	0.760000	0.764123	0.734170	0.704572	0.738876	0.751472	0.730130	0.742790	0.716064	0.726846	0.744478	0.732247	0.719621	0.738180	0.763864	0.752304	0.711595	0.754850	0.753597
spd2-1	0.819383	0.832653	0.861607	0.816701	0.808279	0.846827	0.854390	0.814196	0.804721	0.820084	0.830065	0.820408	0.780761	0.822176	0.805497	0.848361	0.822844	0.811159	0.818966	0.822938
spd2	0.060178	0.072653	0.097484	0.082531	0.103707	0.107951	0.102917	0.084066	0.061931	0.104020	0.103219	0.075931	0.048514	0.102555	0.067317	0.084497	0.070540	0.099564	0.064115	0.069341
aod2-0	1.515910	1.518974	1.521110	1.466800	1.391024	1.467699	1.495848	1.455954	1.478254	1.418885	1.447757	1.483115	1.470067	1.427727	1.473394	1.522022	1.501168	1.414615	1.500583	1.500499
aod2-1	1.529975	1.571967	1.637006	1.510790	1.494142	1.590464	1.645577	1.502074	1.501565	1.531799	1.556173	1.547854	1.439463	1.536763	1.492851	1.617457	1.574179	1.492444	1.542773	1.557617
aod2	0.007032	0.026497	0.057948	0.021995	0.051559	0.061382	0.074865	0.023060	0.011656	0.056457	0.054208	0.032370	0.015302	0.054518	0.009729	0.047717	0.036505	0.038915	0.021095	0.028559
eod2-0	0.870520	0.882283	0.896708	0.862233	0.828760	0.872316	0.868421	0.857643	0.866133	0.840858	0.864524	0.866978	0.868014	0.843360	0.862150	0.890315	0.875000	0.844749	0.877412	0.871645
eod2-1	0.910256	0.915916	0.937705	0.919881	0.892638	0.933121	0.909091	0.918182	0.888889	0.894118	0.904321	0.906344	0.877419	0.906627	0.894260	0.943038	0.900709	0.905488	0.912903	0.897361
eod2	0.039736	0.033633	0.040997	0.057649	0.063878	0.060805	0.040670	0.060539	0.022756	0.053260	0.039797	0.039367	0.009405	0.063267	0.032110	0.052723	0.025709	0.060739	0.035491	0.025715
wcspd-000	0.671458	0.684103	0.700599	0.658228	0.600423	0.665631	0.680336	0.655031	0.671148	0.623722	0.644560	0.668399	0.654187	0.632338	0.653725	0.685146	0.682087	0.624076	0.667718	0.684481
wcspd-010	0.838631	0.841398	0.834225	0.793451	0.794416	0.782716	0.812030	0.777188	0.796992	0.812010	0.793893	0.788835	0.812332	0.792916	0.812658	0.837629	0.803922	0.796610	0.829630	0.798387
wcspd-100	0.909091	0.876190	0.855204	0.862745	0.850220	0.899083	0.867257	0.862245	0.882075	0.879808	0.856481	0.910526	0.879630	0.870536	0.864486	0.890411	0.897059	0.827586	0.910314	0.892683
wcspd-110	0.944444	0.923729	0.908333	0.912000	0.920863	0.890756	0.893443	0.942446	0.892562	0.881356	0.916667	0.954955	0.885965	0.912000	0.923077	0.929825	0.944444	0.906542	0.901639	0.940678
wcspd-001	0.673367	0.743842	0.770053	0.711009	0.686916	0.740000	0.786802	0.701835	0.655172	0.671296	0.707317	0.707071	0.650794	0.719388	0.671498	0.751174	0.691892	0.681373	0.735160	0.701923
wcspd-011	0.941176	0.878947	0.934426	0.879121	0.896341	0.912281	0.897143	0.896739	0.905556	0.929412	0.936306	0.911458	0.850649	0.894444	0.882022	0.920213	0.906250	0.892045	0.881988	0.894737
wcspd-101	0.882353	0.818182	0.842105	0.897436	0.966667	0.937500	0.871795	0.852941	0.923077	0.921053	0.909091	0.760870	0.854167	0.820513	0.914286	0.833333	0.942857	0.941176	0.875000	0.925000
wcspd-111	0.941176	0.984375	0.975000	0.980769	0.941176	0.981481	0.946429	1.000000	0.977273	1.000000	0.924528	0.962963	0.964286	0.936508	1.000000	1.000000	0.959184	0.961538	0.954545	0.949153
wcspd	0.272987	0.300272	0.274401	0.322541	0.366244	0.315850	0.266092	0.344969	0.322100	0.376278	0.291746	0.294564	0.313492	0.304170	0.346275	0.314854	0.277097	0.337462	0.286827	0.264672
wcaod-000	1.362749	1.394392	1.419124	1.339344	1.211128	1.349457	1.380201	1.333512	1.355733	1.260794	1.311361	1.355875	1.347673	1.284720	1.323860	1.392310	1.384737	1.261589	1.352775	1.385034
wcaod-010	1.663002	1.671369	1.663347	1.570525	1.555875	1.526610	1.609078	1.531805	1.576935	1.598589	1.569293	1.553130	1.611477	1.563776	1.610940	1.650174	1.596273	1.578121	1.637875	1.584916
wcaod-100	1.793293	1.710254	1.656966	1.685484	1.627330	1.764447	1.701207	1.660275	1.740712	1.712982	1.666667	1.807502	1.737030	1.692717	1.702151	1.753383	1.764286	1.606211	1.794963	1.745520
wcaod-110	1.875175	1.831002	1.774992	1.780000	1.820998	1.759804	1.767191	1.873377	1.766446	1.699139	1.798663	1.891892	1.742458	1.799782	1.834459	1.856061	1.875175	1.797965	1.779279	1.844444
wcaod-001	1.260377	1.450980	1.461066	1.328551	1.292085	1.403260	1.527322	1.309003	1.232292	1.272059	1.306663	1.360094	1.247904	1.351267	1.274902	1.456674	1.328829	1.242647	1.398192	1.336140
wcaod-011	1.809958	1.629599	1.827869	1.671298	1.642077	1.728431	1.758953	1.679609	1.725946	1.773870	1.854345	1.748950	1.593272	1.679894	1.606718	1.759262	1.743636	1.674380	1.660727	1.699248
wcaod-101	1.626667	1.335000	1.364055	1.370588	1.800000	1.666667	1.467742	1.500000	1.683036	1.682028	1.597222	1.294643	1.393162	1.377778	1.733333	1.505455	1.850427	1.468750	1.583333	1.766667
wcaod-111	1.859091	1.980392	1.833333	1.900000	1.807692	1.916667	1.864646	2.000000	1.888889	2.000000	1.837662	1.833333	1.836735	1.832447	2.000000	2.000000	1.900000	1.897436	1.870588	1.834921
wcaod	0.307399	0.322696	0.234639	0.285725	0.304935	0.283605	0.242223	0.345499	0.328299	0.369603	0.273841	0.298625	0.294415	0.273863	0.362549	0.303845	0.285586	0.327394	0.258907	0.254152
wceod-000	0.808463	0.834467	0.864407	0.795824	0.740659	0.821192	0.832957	0.799550	0.810458	0.755940	0.802691	0.816964	0.828442	0.787611	0.799107	0.846501	0.845992	0.778761	0.821029	0.829694
wceod-010	0.910314	0.924242	0.927083	0.905660	0.870690	0.896552	0.885321	0.875000	0.924528	0.924171	0.909953	0.886463	0.890547	0.861244	0.919048	0.930876	0.857143	0.904545	0.919643	0.861386
wceod-100	0.961832	0.926471	0.928571	0.935484	0.964539	0.962121	0.915493	0.966942	0.911765	0.953488	0.925926	0.962264	0.923077	0.936620	0.935484	0.946565	0.966667	0.921429	0.955882	0.967742
wceod-110	0.983871	0.984848	0.961039	1.000000	0.963855	0.955882	0.943662	0.964286	0.970149	0.927711	0.987342	0.972973	0.955224	0.948718	0.959459	0.939394	0.983871	0.937500	0.945946	1.000000
wceod-001	0.813008	0.831933	0.881356	0.852941	0.778571	0.849206	0.860656	0.845588	0.765625	0.772059	0.840909	0.801653	0.761062	0.813953	0.787402	0.885246	0.801802	0.801471	0.828571	0.789474
wceod-011	0.983871	0.956522	0.975410	0.952000	0.975410	0.983333	0.925620	0.956204	0.961240	0.968992	0.947368	0.963235	0.926606	0.976190	0.955556	0.977444	0.963636	0.983471	0.981481	0.962406
wceod-101	0.960000	0.960000	0.935484	0.970588	1.000000	1.000000	0.967742	1.000000	0.968750	0.967742	0.972222	0.937500	0.948718	0.933333	0.933333	0.960000	0.961538	0.968750	1.000000	0.966667
wceod-111	0.950000	0.980392	1.000000	1.000000	0.974359	1.000000	0.955556	1.000000	1.000000	1.000000	0.928571	1.000000	0.979592	0.957447	1.000000	1.000000	0.971429	0.974359	0.970588	0.977778
wceod	0.175408	0.152916	0.135593	0.204176	0.259341	0.178808	0.134785	0.200450	0.234375	0.244060	0.184651	0.198347	0.218530	0.188580	0.212598	0.153499	0.182069	0.204710	0.178971	0.210526
