accuracy	0.643418	0.654965	0.661894	0.650346	0.660046	0.650346	0.641109	0.649423	0.643880	0.643418	0.660508	0.641109	0.653118	0.653118	0.656813	0.660508	0.656813	0.647113	0.659122	0.641570
recall	0.626377	0.639624	0.645403	0.633392	0.641537	0.632318	0.624036	0.631407	0.627267	0.624450	0.643262	0.625532	0.642303	0.633593	0.640487	0.647502	0.645027	0.629065	0.643036	0.624183
precision	0.651125	0.662987	0.667322	0.658168	0.652344	0.650699	0.640998	0.654775	0.642107	0.636130	0.663041	0.641041	0.662812	0.650773	0.660618	0.665086	0.663384	0.645296	0.661322	0.640180
f1score	0.619669	0.634694	0.642276	0.627697	0.642549	0.629804	0.620888	0.626531	0.625308	0.624249	0.641056	0.622717	0.636867	0.632227	0.637477	0.644893	0.641317	0.627147	0.640955	0.621631
mcc	0.276397	0.301707	0.311956	0.290505	0.293682	0.282420	0.264491	0.285226	0.268965	0.260318	0.305664	0.266122	0.304425	0.283847	0.300432	0.312094	0.307865	0.273880	0.303809	0.263878
spd0-0	0.671804	0.659770	0.662085	0.675072	0.608847	0.642365	0.652729	0.662293	0.630646	0.623927	0.647674	0.640023	0.642981	0.640607	0.646855	0.628653	0.634257	0.643103	0.639977	0.635112
spd0-1	0.852300	0.830588	0.787589	0.814286	0.807606	0.843972	0.785553	0.856796	0.831731	0.808612	0.808989	0.812968	0.827189	0.820399	0.826389	0.830952	0.835859	0.807059	0.815851	0.845972
spd0	0.180497	0.170818	0.125505	0.139214	0.198759	0.201607	0.132824	0.194503	0.201085	0.184686	0.161314	0.172945	0.184208	0.179792	0.179534	0.202299	0.201602	0.163955	0.175874	0.210860
aod0-0	1.331069	1.311437	1.313868	1.340884	1.189527	1.265824	1.293023	1.310860	1.245035	1.229874	1.281110	1.265527	1.285799	1.263746	1.275844	1.242669	1.257196	1.269048	1.263263	1.255256
aod0-1	1.657964	1.583933	1.489232	1.546834	1.532364	1.644921	1.510515	1.640865	1.624353	1.538687	1.544006	1.567170	1.586318	1.558442	1.605652	1.612260	1.618736	1.547273	1.566832	1.629461
aod0	0.163448	0.136248	0.087682	0.102975	0.171419	0.189548	0.108746	0.165002	0.189659	0.154406	0.131448	0.150821	0.150260	0.147348	0.164904	0.184795	0.180770	0.139112	0.151785	0.187102
eod0-0	0.793254	0.791295	0.801991	0.798673	0.729189	0.770140	0.771018	0.779459	0.755388	0.734824	0.782946	0.755889	0.784065	0.758734	0.782609	0.771585	0.773667	0.761033	0.773667	0.747300
eod0-1	0.922481	0.917266	0.868794	0.905455	0.909722	0.902985	0.854671	0.954198	0.877778	0.874564	0.890411	0.893701	0.901754	0.909091	0.902622	0.914729	0.925926	0.887273	0.904412	0.922794
eod0	0.129227	0.125972	0.066803	0.106782	0.180534	0.132845	0.083654	0.174739	0.122390	0.139740	0.107465	0.137812	0.117690	0.150357	0.120013	0.143144	0.152259	0.126239	0.130745	0.175494
spd1-0	0.661528	0.651654	0.637431	0.662881	0.593507	0.642655	0.636235	0.642053	0.608726	0.610417	0.634965	0.630372	0.638283	0.623776	0.625976	0.625000	0.619444	0.614679	0.627355	0.633941
spd1-1	0.792683	0.772849	0.785216	0.775132	0.756684	0.755674	0.761968	0.808883	0.784946	0.757241	0.770068	0.747724	0.767575	0.783673	0.788360	0.750337	0.773793	0.790107	0.767760	0.757781
spd1	0.131155	0.121196	0.147785	0.112251	0.163177	0.113019	0.125733	0.166829	0.176220	0.146825	0.135103	0.117352	0.129292	0.159897	0.162384	0.125337	0.154349	0.175428	0.140404	0.123840
aod1-0	1.318131	1.299182	1.258455	1.318371	1.166751	1.274490	1.260903	1.278648	1.202512	1.207449	1.255611	1.257703	1.280418	1.232451	1.242100	1.246293	1.234042	1.210206	1.241393	1.256187
aod1-1	1.532240	1.490521	1.532619	1.495843	1.441176	1.454757	1.481489	1.571344	1.520620	1.453131	1.490744	1.432274	1.493512	1.518340	1.525219	1.440970	1.509210	1.538525	1.478861	1.470801
aod1	0.107054	0.095670	0.137082	0.088736	0.137213	0.090133	0.110293	0.146348	0.159054	0.122841	0.117567	0.087285	0.106547	0.142945	0.141559	0.097338	0.137584	0.164160	0.118734	0.107307
eod1-0	0.780220	0.789182	0.789750	0.786207	0.720105	0.769335	0.760163	0.777931	0.720530	0.727273	0.778371	0.746818	0.797241	0.758300	0.762689	0.769764	0.775650	0.736842	0.758988	0.758389
eod1-1	0.888641	0.871965	0.868235	0.883260	0.852941	0.848485	0.841758	0.880952	0.889391	0.832976	0.860987	0.841996	0.840376	0.856522	0.884279	0.856195	0.856148	0.880631	0.879545	0.834437
eod1	0.108422	0.082783	0.078485	0.097053	0.132836	0.079150	0.081596	0.103021	0.168861	0.105704	0.082615	0.095178	0.043134	0.098222	0.121591	0.086430	0.080499	0.143789	0.120557	0.076048
spd2-0	0.671537	0.647164	0.639487	0.663082	0.601993	0.631148	0.626031	0.655991	0.625074	0.608180	0.638335	0.619701	0.647264	0.631891	0.640071	0.610018	0.625576	0.627428	0.629630	0.625899
spd2-1	0.837004	0.851020	0.866071	0.835031	0.827887	0.870897	0.875803	0.851775	0.830472	0.841004	0.838780	0.851020	0.805369	0.841004	0.835095	0.866803	0.855478	0.849785	0.840517	0.845070
spd2	0.165467	0.203856	0.226584	0.171948	0.225894	0.239750	0.249772	0.195784	0.205399	0.232824	0.200445	0.231319	0.158105	0.209113	0.195024	0.256785	0.229902	0.222358	0.210888	0.219171
aod2-0	1.340501	1.293193	1.271422	1.324713	1.186114	1.253405	1.244851	1.307929	1.243441	1.204724	1.270582	1.233956	1.300222	1.252131	1.276925	1.213601	1.247058	1.247697	1.249355	1.245405
aod2-1	1.574801	1.625925	1.662135	1.565706	1.548457	1.655962	1.702279	1.611836	1.566293	1.599957	1.607407	1.629121	1.507535	1.609919	1.583401	1.672432	1.659647	1.593496	1.601173	1.614219
aod2	0.117150	0.166366	0.195356	0.120496	0.181172	0.201278	0.228714	0.151954	0.161426	0.197617	0.168413	0.197583	0.103656	0.178894	0.153238	0.229415	0.206294	0.172899	0.175909	0.184407
eod2-0	0.786127	0.782402	0.779796	0.783848	0.724479	0.749153	0.744851	0.775963	0.737986	0.717833	0.779564	0.733956	0.785969	0.757094	0.774533	0.752625	0.771591	0.738584	0.762770	0.738623
eod2-1	0.919872	0.918919	0.927869	0.922849	0.901840	0.942675	0.918495	0.927273	0.904321	0.897059	0.888889	0.918429	0.887097	0.897590	0.900302	0.939873	0.911348	0.926829	0.919355	0.909091
eod2	0.133745	0.136517	0.148073	0.139001	0.177362	0.193523	0.173644	0.151310	0.166335	0.179226	0.109325	0.184473	0.101128	0.140496	0.125769	0.187248	0.139757	0.188245	0.156585	0.170468
wcspd-000	0.598563	0.583590	0.569860	0.605485	0.512685	0.564182	0.558360	0.570842	0.532575	0.534765	0.566839	0.564449	0.573399	0.544799	0.559286	0.534519	0.551181	0.541711	0.541535	0.556012
wcspd-010	0.706601	0.677419	0.705882	0.705290	0.654822	0.639506	0.676692	0.710875	0.696742	0.652742	0.676845	0.621359	0.699732	0.692098	0.698734	0.623711	0.671569	0.704600	0.698765	0.634409
wcspd-100	0.850000	0.809524	0.769231	0.784314	0.753304	0.816514	0.752212	0.806122	0.801887	0.778846	0.768519	0.789474	0.828704	0.808036	0.757009	0.817352	0.774510	0.745690	0.793722	0.809756
wcspd-110	0.833333	0.788136	0.775000	0.768000	0.812950	0.806723	0.754098	0.892086	0.818182	0.771186	0.833333	0.801802	0.789474	0.816000	0.861538	0.798246	0.870370	0.831776	0.786885	0.855932
wcspd-001	0.723618	0.773399	0.796791	0.752294	0.728972	0.780000	0.832487	0.770642	0.709360	0.736111	0.756098	0.757576	0.708995	0.765306	0.739130	0.798122	0.762162	0.745098	0.780822	0.769231
wcspd-011	0.947059	0.894737	0.939891	0.879121	0.896341	0.929825	0.908571	0.918478	0.922222	0.929412	0.929936	0.937500	0.883117	0.916667	0.893258	0.925532	0.918750	0.926136	0.881988	0.894737
wcspd-101	0.882353	0.909091	0.868421	0.923077	0.966667	0.968750	0.871795	0.911765	0.923077	0.921053	0.909091	0.804348	0.875000	0.820513	0.971429	0.833333	0.942857	0.970588	0.900000	0.925000
wcspd-111	0.882353	0.937500	0.850000	0.961538	0.941176	0.962963	0.928571	0.930233	0.931818	0.925926	0.830189	0.925926	0.857143	0.873016	0.924528	0.960784	0.938776	0.923077	0.931818	0.898305
wcspd	0.348496	0.353910	0.370030	0.356053	0.453982	0.404568	0.370212	0.359391	0.399243	0.394647	0.363097	0.373051	0.309718	0.371867	0.412142	0.426265	0.391676	0.428878	0.390283	0.368988
wcaod-000	1.213325	1.192311	1.157579	1.229510	1.034350	1.143707	1.133369	1.161253	1.076613	1.081176	1.155499	1.144125	1.184971	1.106949	1.135816	1.089739	1.123204	1.093251	1.098740	1.125400
wcaod-010	1.390520	1.340996	1.406479	1.392351	1.272244	1.241329	1.332303	1.404956	1.376904	1.286923	1.335425	1.214499	1.388262	1.362031	1.383784	1.213140	1.322205	1.396491	1.370511	1.255911
wcaod-100	1.672442	1.551868	1.474427	1.516532	1.435016	1.599718	1.454896	1.533884	1.592492	1.501128	1.481481	1.560872	1.616995	1.537444	1.480108	1.601405	1.495238	1.440683	1.545808	1.557049
wcaod-110	1.625526	1.535548	1.474781	1.480000	1.570568	1.598039	1.478045	1.739827	1.614151	1.476420	1.609744	1.540541	1.533820	1.569831	1.691602	1.543561	1.712482	1.627180	1.502252	1.681887
wcaod-001	1.361789	1.511905	1.521493	1.423780	1.394595	1.494637	1.621639	1.467719	1.351354	1.426471	1.443649	1.475797	1.358174	1.478422	1.436024	1.558188	1.481982	1.389706	1.502712	1.487920
wcaod-011	1.845372	1.687291	1.844262	1.680842	1.642077	1.787255	1.795990	1.764715	1.772914	1.773870	1.845573	1.827731	1.691335	1.753968	1.637382	1.798770	1.794545	1.763636	1.670335	1.689223
wcaod-101	1.626667	1.625000	1.506912	1.570588	1.800000	1.833333	1.560484	1.700000	1.683036	1.682028	1.597222	1.397321	1.504274	1.377778	1.966667	1.505455	1.850427	1.968750	1.666667	1.766667
wcaod-111	1.718182	1.921569	1.686275	1.876190	1.807692	1.833333	1.842424	1.839394	1.749206	1.831818	1.651515	1.726190	1.714286	1.747340	1.851648	1.944444	1.871429	1.794872	1.841176	1.768254
wcaod	0.316023	0.364629	0.343342	0.323340	0.386671	0.344813	0.354527	0.339071	0.348150	0.375321	0.345037	0.341803	0.264657	0.323510	0.415425	0.427353	0.374112	0.437749	0.371218	0.321427
wceod-000	0.710468	0.727891	0.733051	0.716937	0.635165	0.695364	0.688488	0.691441	0.651416	0.650108	0.721973	0.683036	0.742664	0.679204	0.712054	0.686230	0.717300	0.654867	0.680089	0.676856
wceod-010	0.820628	0.777778	0.802083	0.830189	0.741379	0.750000	0.779817	0.783654	0.820755	0.734597	0.791469	0.733624	0.766169	0.760766	0.800000	0.751152	0.767857	0.795455	0.812500	0.702970
wceod-100	0.908397	0.889706	0.857143	0.879032	0.865248	0.878788	0.823944	0.933884	0.816176	0.868217	0.851852	0.858491	0.907692	0.915493	0.846774	0.885496	0.900000	0.842857	0.867647	0.927419
wceod-110	0.951613	0.939394	0.870130	0.880000	0.927711	0.852941	0.830986	0.976190	0.910448	0.819277	0.949367	0.864865	0.895522	0.910256	0.959459	0.939394	0.951613	0.906250	0.918919	0.904110
wceod-001	0.861789	0.857143	0.898305	0.875000	0.800000	0.873016	0.901639	0.882353	0.804688	0.801471	0.840909	0.826446	0.831858	0.821705	0.811024	0.909836	0.846847	0.845588	0.857143	0.834586
wceod-011	0.975806	0.956522	0.975410	0.944000	0.975410	0.983333	0.925620	0.956204	0.968992	0.968992	0.938596	0.970588	0.935780	0.976190	0.962963	0.962406	0.954545	1.000000	0.972222	0.969925
wceod-101	0.960000	1.000000	0.935484	0.970588	1.000000	1.000000	0.935484	1.000000	0.968750	0.967742	0.972222	0.968750	0.948718	0.933333	0.966667	0.960000	0.961538	0.968750	1.000000	0.966667
wceod-111	0.900000	0.921569	0.852941	0.976190	0.974359	1.000000	0.933333	0.939394	0.971429	0.931818	0.833333	0.976190	0.857143	0.872340	0.923077	0.944444	0.942857	0.948718	0.941176	0.911111
wceod	0.265339	0.272109	0.242359	0.259253	0.364835	0.304636	0.246996	0.308559	0.320012	0.318884	0.250249	0.293155	0.206054	0.296987	0.254613	0.276176	0.244239	0.345133	0.319911	0.293069
