accuracy	0.631409	0.643880	0.656813	0.649885	0.659584	0.653118	0.635566	0.648961	0.640647	0.659122	0.653118	0.648961	0.633718	0.653580	0.654503	0.643418	0.632333	0.654503	0.644342	0.643418
recall	0.605662	0.620751	0.631050	0.626493	0.623771	0.623454	0.608906	0.623154	0.611882	0.627347	0.625795	0.623234	0.616311	0.622705	0.628119	0.619365	0.611990	0.625733	0.617163	0.614287
precision	0.666451	0.676891	0.690416	0.679162	0.670430	0.683189	0.653206	0.677295	0.661951	0.669832	0.678958	0.675546	0.670137	0.671167	0.688443	0.683619	0.665114	0.675488	0.670605	0.667486
f1score	0.580685	0.601504	0.614932	0.610429	0.615102	0.606950	0.593020	0.606791	0.595259	0.619454	0.611316	0.607586	0.593629	0.610904	0.611137	0.596966	0.589819	0.613261	0.599977	0.597252
mcc	0.265236	0.292300	0.315937	0.301083	0.290477	0.300769	0.258341	0.295531	0.269217	0.294126	0.300080	0.294165	0.281345	0.289849	0.310761	0.296092	0.271964	0.297084	0.282761	0.276705
spd0-0	0.800799	0.778736	0.781214	0.770201	0.766589	0.783008	0.774681	0.769538	0.777587	0.744133	0.771512	0.770408	0.771231	0.759627	0.779573	0.794269	0.777275	0.764943	0.779954	0.773953
spd0-1	0.818402	0.804706	0.785203	0.788095	0.776286	0.813239	0.762980	0.820388	0.798077	0.808612	0.793258	0.800499	0.827189	0.813747	0.810185	0.811905	0.820707	0.792941	0.794872	0.831754
spd0	0.017603	0.025970	0.003989	0.017895	0.009697	0.030231	0.011701	0.050850	0.020490	0.064480	0.021747	0.030091	0.055958	0.054121	0.030612	0.017635	0.043432	0.027999	0.014918	0.057801
aod0-0	1.591368	1.550371	1.552916	1.531308	1.508881	1.548213	1.538465	1.525882	1.541074	1.469055	1.530396	1.525732	1.542326	1.502919	1.542581	1.576759	1.545745	1.512443	1.545749	1.533164
aod0-1	1.580520	1.528337	1.481933	1.493793	1.461216	1.574651	1.454680	1.566514	1.537900	1.530388	1.507588	1.547485	1.586318	1.542088	1.572489	1.572064	1.594045	1.519394	1.533744	1.610392
aod0	0.005424	0.011017	0.035492	0.018757	0.023833	0.013219	0.041893	0.020316	0.001587	0.030666	0.011404	0.010877	0.021996	0.019584	0.014954	0.002348	0.024150	0.003476	0.006003	0.038614
eod0-0	0.899891	0.893973	0.910398	0.891593	0.870390	0.903330	0.878319	0.882162	0.885776	0.862620	0.891473	0.890792	0.887991	0.870087	0.905435	0.909290	0.885745	0.884822	0.893362	0.884449
eod0-1	0.903101	0.895683	0.868794	0.880000	0.888889	0.884328	0.844291	0.919847	0.866667	0.881533	0.880137	0.874016	0.901754	0.905724	0.887640	0.899225	0.901235	0.872727	0.871324	0.897059
eod0	0.003210	0.001710	0.041604	0.011593	0.018499	0.019001	0.034028	0.037685	0.019109	0.018913	0.011336	0.016777	0.013764	0.035637	0.017794	0.010065	0.015489	0.012095	0.022039	0.012610
spd1-0	0.779958	0.766362	0.765884	0.764372	0.745942	0.777542	0.765747	0.758790	0.762139	0.720833	0.757343	0.753582	0.769074	0.751748	0.757984	0.780899	0.772917	0.740296	0.771110	0.768583
spd1-1	0.850949	0.817204	0.814505	0.791005	0.811497	0.810414	0.784574	0.818304	0.818548	0.827586	0.812245	0.816645	0.810617	0.808163	0.837302	0.829960	0.809655	0.827540	0.806011	0.817321
spd1	0.070991	0.050843	0.048621	0.026633	0.065555	0.032872	0.018828	0.059514	0.056409	0.106753	0.054902	0.063063	0.041543	0.056415	0.079317	0.049061	0.036739	0.087244	0.034901	0.048737
aod1-0	1.555460	1.529209	1.517874	1.521482	1.473514	1.545239	1.521518	1.512601	1.511431	1.427800	1.502454	1.504088	1.541035	1.490387	1.507030	1.558780	1.542140	1.461538	1.531725	1.526141
aod1-1	1.662533	1.581803	1.585246	1.530035	1.558824	1.560659	1.525867	1.582313	1.588767	1.590093	1.574868	1.570325	1.571990	1.557470	1.623590	1.608935	1.584671	1.614035	1.558624	1.592422
aod1	0.053537	0.026297	0.033686	0.004276	0.042655	0.007710	0.002175	0.034856	0.038668	0.081147	0.036207	0.033118	0.015478	0.033542	0.058280	0.025078	0.021265	0.076249	0.013449	0.033140
eod1-0	0.887363	0.883495	0.894875	0.885517	0.860710	0.892809	0.872629	0.882759	0.858278	0.841897	0.879840	0.871287	0.888276	0.868526	0.882030	0.898752	0.891929	0.861842	0.874834	0.885906
eod1-1	0.922049	0.911700	0.910588	0.894273	0.897059	0.909091	0.865934	0.902597	0.920993	0.907923	0.903587	0.910603	0.896714	0.895652	0.932314	0.920354	0.883991	0.916667	0.911364	0.889625
eod1	0.034686	0.028205	0.015713	0.008756	0.036349	0.016282	0.006695	0.019839	0.062715	0.066026	0.023748	0.039316	0.008438	0.027126	0.050284	0.021602	0.007938	0.054825	0.036530	0.003719
spd2-0	0.807130	0.781493	0.771695	0.774194	0.766120	0.778103	0.760895	0.776987	0.780459	0.744517	0.767878	0.773731	0.788126	0.767042	0.785461	0.794872	0.788018	0.766922	0.786008	0.782974
spd2-1	0.792952	0.791837	0.821429	0.771894	0.777778	0.829322	0.813704	0.787056	0.785408	0.799163	0.806100	0.783673	0.760626	0.784519	0.786469	0.807377	0.773893	0.783262	0.771552	0.792757
spd2	0.014179	0.010344	0.049734	0.002299	0.011658	0.051219	0.052809	0.010069	0.004949	0.054646	0.038222	0.009942	0.027499	0.017477	0.001008	0.012505	0.014126	0.016340	0.014457	0.009783
aod2-0	1.612084	1.561989	1.536599	1.546972	1.515571	1.547576	1.515405	1.550067	1.554606	1.476175	1.530401	1.541960	1.580897	1.523814	1.567969	1.584805	1.572993	1.526185	1.564119	1.559594
aod2-1	1.468490	1.484975	1.544560	1.413773	1.437843	1.553561	1.549797	1.455318	1.465875	1.493777	1.509259	1.460792	1.390064	1.444174	1.445556	1.525022	1.463888	1.444415	1.435861	1.496240
aod2	0.071797	0.038507	0.003981	0.066599	0.038864	0.002992	0.017196	0.047375	0.044365	0.008801	0.010571	0.040584	0.095417	0.039820	0.061207	0.029892	0.054553	0.040885	0.064129	0.031677
eod2-0	0.904046	0.900119	0.897843	0.891924	0.880351	0.892655	0.866133	0.892649	0.886728	0.865688	0.892078	0.889148	0.901308	0.877412	0.908879	0.904317	0.896591	0.885845	0.892168	0.894982
eod2-1	0.891026	0.879880	0.908197	0.881306	0.858896	0.917197	0.880878	0.884848	0.867284	0.870588	0.879630	0.882175	0.864516	0.882530	0.882175	0.914557	0.865248	0.871951	0.877419	0.868035
eod2	0.013021	0.020239	0.010353	0.010618	0.021456	0.024542	0.014745	0.007800	0.019444	0.004900	0.012448	0.006973	0.036792	0.005118	0.026703	0.010240	0.031343	0.013894	0.014749	0.026947
wcspd-000	0.784394	0.758974	0.758483	0.765823	0.745243	0.767081	0.754995	0.756674	0.765253	0.700409	0.751295	0.750520	0.766502	0.737384	0.763903	0.776151	0.770669	0.730729	0.769716	0.763618
wcspd-010	0.848411	0.825269	0.804813	0.795970	0.809645	0.787654	0.784461	0.790451	0.814536	0.812010	0.788804	0.796117	0.820375	0.795640	0.832911	0.829897	0.799020	0.832930	0.814815	0.790323
wcspd-100	0.845455	0.823810	0.805430	0.799020	0.784141	0.821101	0.787611	0.816327	0.811321	0.822115	0.800926	0.842105	0.856481	0.839286	0.780374	0.831050	0.833333	0.793103	0.825112	0.834146
wcspd-110	0.777778	0.754237	0.716667	0.728000	0.755396	0.756303	0.680328	0.827338	0.735537	0.754237	0.772727	0.774775	0.745614	0.784000	0.807692	0.763158	0.824074	0.775701	0.745902	0.830508
wcspd-001	0.693467	0.738916	0.754011	0.711009	0.700935	0.765000	0.786802	0.711009	0.684729	0.689815	0.721951	0.712121	0.666667	0.724490	0.681159	0.751174	0.702703	0.700980	0.721461	0.716346
wcspd-011	0.905882	0.831579	0.885246	0.807692	0.871951	0.883041	0.845714	0.864130	0.866667	0.911765	0.917197	0.875000	0.811688	0.844444	0.859551	0.861702	0.850000	0.863636	0.832298	0.857895
wcspd-101	0.735294	0.787879	0.789474	0.846154	0.800000	0.875000	0.794872	0.794118	0.820513	0.868421	0.840909	0.630435	0.833333	0.743590	0.914286	0.777778	0.857143	0.882353	0.775000	0.825000
wcspd-111	0.843137	0.843750	0.875000	0.846154	0.784314	0.870370	0.821429	0.837209	0.886364	0.833333	0.773585	0.851852	0.875000	0.825397	0.867925	0.862745	0.734694	0.769231	0.795455	0.830508
wcspd	0.212415	0.104834	0.168579	0.135145	0.171017	0.126738	0.165386	0.153121	0.201635	0.221950	0.195246	0.244565	0.208333	0.119955	0.233126	0.111571	0.154440	0.181373	0.110837	0.141549
wcaod-000	1.584202	1.541759	1.533427	1.552846	1.499335	1.549269	1.526319	1.533095	1.541802	1.414058	1.521488	1.518743	1.564792	1.491248	1.544378	1.568985	1.558200	1.473317	1.552826	1.542523
wcaod-010	1.683615	1.638279	1.603766	1.575931	1.589187	1.536700	1.552993	1.559172	1.613737	1.598589	1.559059	1.567328	1.628081	1.568560	1.652252	1.635109	1.585404	1.653297	1.605786	1.567268
wcaod-100	1.654001	1.598569	1.557584	1.549597	1.480125	1.603242	1.530684	1.560551	1.601393	1.580708	1.553086	1.670036	1.690698	1.612504	1.532616	1.624306	1.630952	1.534161	1.622126	1.623059
wcaod-110	1.506311	1.462704	1.342797	1.393333	1.445138	1.485294	1.312621	1.601299	1.436153	1.419277	1.471220	1.459459	1.433789	1.501637	1.579633	1.482955	1.609397	1.502907	1.420045	1.615221
wcaod-001	1.292897	1.439076	1.429624	1.328551	1.326255	1.454097	1.527322	1.333393	1.295729	1.311765	1.335513	1.368359	1.274453	1.366192	1.295276	1.456674	1.351351	1.301471	1.365732	1.358697
wcaod-011	1.720547	1.528428	1.696721	1.500491	1.562451	1.652941	1.612795	1.607858	1.647971	1.733976	1.813545	1.623950	1.499083	1.544974	1.529543	1.601914	1.596364	1.593388	1.529001	1.616541
wcaod-101	1.284444	1.295000	1.299539	1.311765	1.440000	1.589744	1.370968	1.416667	1.446429	1.617512	1.416667	1.066964	1.367521	1.200000	1.733333	1.374545	1.662393	1.406250	1.345238	1.633333
wcaod-111	1.668182	1.574661	1.578431	1.580952	1.544872	1.654762	1.503030	1.648485	1.609524	1.563636	1.512987	1.571429	1.489796	1.518617	1.683150	1.688889	1.371429	1.538462	1.594118	1.580952
wcaod	0.218051	0.171640	0.198591	0.134594	0.131466	0.100332	0.150087	0.157546	0.176121	0.211106	0.239016	0.301536	0.208122	0.206252	0.219029	0.157172	0.155521	0.175913	0.138444	0.137318
wceod-000	0.890869	0.895692	0.908898	0.893271	0.865934	0.896247	0.882619	0.878378	0.882353	0.831533	0.885650	0.888393	0.907449	0.865044	0.910714	0.898420	0.905063	0.867257	0.888143	0.901747
wceod-010	0.914798	0.914141	0.911458	0.905660	0.879310	0.900862	0.862385	0.884615	0.929245	0.924171	0.905213	0.895197	0.895522	0.866029	0.933333	0.921659	0.857143	0.922727	0.915179	0.861386
wceod-100	0.923664	0.882353	0.878571	0.887097	0.921986	0.893939	0.852113	0.933884	0.838235	0.922481	0.874074	0.896226	0.900000	0.929577	0.854839	0.908397	0.916667	0.892857	0.875000	0.919355
wceod-110	0.919355	0.924242	0.831169	0.853333	0.891566	0.838235	0.802817	0.928571	0.880597	0.819277	0.924051	0.864865	0.880597	0.884615	0.918919	0.878788	0.935484	0.875000	0.878378	0.904110
wceod-001	0.845528	0.831933	0.864407	0.852941	0.785714	0.873016	0.860656	0.845588	0.789062	0.786765	0.856061	0.809917	0.787611	0.813953	0.795276	0.885246	0.810811	0.801471	0.821429	0.812030
wceod-011	0.959677	0.913043	0.959016	0.904000	0.967213	0.966667	0.909091	0.927007	0.922481	0.953488	0.929825	0.963235	0.899083	0.952381	0.948148	0.947368	0.936364	0.975207	0.962963	0.932331
wceod-101	0.840000	0.920000	0.870968	0.911765	0.840000	0.923077	0.870968	0.916667	0.875000	0.903226	0.916667	0.781250	0.923077	0.866667	0.933333	0.920000	0.884615	0.906250	0.928571	0.833333
wceod-111	0.850000	0.882353	0.911765	0.880952	0.794872	0.904762	0.866667	0.848485	0.942857	0.863636	0.785714	0.904762	0.918367	0.893617	0.897436	0.888889	0.800000	0.769231	0.794118	0.866667
wceod	0.119677	0.092310	0.127848	0.058824	0.181499	0.128431	0.106274	0.088296	0.153795	0.166724	0.144110	0.181985	0.135466	0.138427	0.152873	0.068581	0.136364	0.205976	0.168845	0.120301
