accuracy	0.631871	0.634180	0.632333	0.633256	0.646189	0.642494	0.654042	0.640185	0.633256	0.646651	0.637875	0.638799	0.612471	0.632794	0.648499	0.632333	0.628176	0.653580	0.637875	0.631409
recall	0.609256	0.613616	0.608527	0.614546	0.613260	0.617182	0.632817	0.614881	0.611187	0.620823	0.617131	0.616793	0.596093	0.603139	0.626064	0.610457	0.610163	0.629523	0.612875	0.607922
precision	0.652401	0.651580	0.647118	0.640946	0.646725	0.653539	0.663517	0.662256	0.635928	0.644375	0.641197	0.649273	0.633054	0.638690	0.664168	0.655261	0.647418	0.661790	0.653478	0.635851
f1score	0.592103	0.599271	0.594031	0.605632	0.606317	0.606716	0.626288	0.598712	0.603942	0.617255	0.610803	0.606644	0.575109	0.591279	0.615528	0.592485	0.594016	0.622957	0.599140	0.598826
mcc	0.258075	0.262465	0.252716	0.254125	0.257823	0.268269	0.294740	0.273057	0.245873	0.264150	0.257204	0.264076	0.226147	0.239201	0.287720	0.261913	0.254873	0.289521	0.263240	0.242168
spd0-0	0.753995	0.737356	0.742268	0.708883	0.731083	0.732491	0.706736	0.757558	0.693539	0.692044	0.698256	0.724490	0.749856	0.744457	0.726486	0.758739	0.737705	0.713793	0.747120	0.705680
spd0-1	0.830508	0.816471	0.830549	0.766667	0.807606	0.810875	0.778781	0.839806	0.824519	0.789474	0.764045	0.793017	0.824885	0.811530	0.817130	0.821429	0.823232	0.790588	0.815851	0.838863
spd0	0.076513	0.079114	0.088281	0.057784	0.076524	0.078383	0.072045	0.082247	0.130980	0.097430	0.065789	0.068528	0.075029	0.067073	0.090644	0.062689	0.085527	0.076795	0.068731	0.133183
aod0-0	1.497085	1.467883	1.476799	1.409713	1.438930	1.448446	1.400202	1.502673	1.373821	1.366101	1.385265	1.435386	1.499601	1.474535	1.436859	1.506202	1.467102	1.410846	1.480601	1.398315
aod0-1	1.615354	1.571967	1.598100	1.457806	1.549266	1.570920	1.481935	1.616997	1.588077	1.498364	1.447511	1.524211	1.595620	1.566859	1.588355	1.605943	1.593319	1.494545	1.582990	1.618431
aod0	0.059134	0.052042	0.060651	0.024046	0.055168	0.061237	0.040867	0.057162	0.107128	0.066132	0.031123	0.044413	0.048010	0.046162	0.075748	0.049871	0.063108	0.041850	0.051195	0.110058
eod0-0	0.859630	0.848214	0.847345	0.816372	0.830348	0.844253	0.832965	0.863784	0.795259	0.802982	0.805094	0.832976	0.845266	0.841703	0.848913	0.868852	0.840044	0.828848	0.856366	0.803456
eod0-1	0.899225	0.884892	0.890071	0.850909	0.888889	0.880597	0.865052	0.923664	0.896296	0.857143	0.852740	0.877953	0.884211	0.872054	0.891386	0.883721	0.913580	0.894545	0.882353	0.911765
eod0	0.039595	0.036678	0.042726	0.034537	0.058541	0.036344	0.032087	0.059880	0.101038	0.054161	0.047646	0.044976	0.038945	0.030351	0.042473	0.014868	0.073537	0.065697	0.025987	0.108309
spd1-0	0.730904	0.719916	0.732735	0.687012	0.704305	0.711158	0.680821	0.725035	0.674877	0.651389	0.669231	0.690544	0.737057	0.726573	0.701916	0.730337	0.715278	0.680311	0.734124	0.690042
spd1-1	0.841463	0.815860	0.813110	0.781746	0.827540	0.817089	0.797872	0.865410	0.802419	0.828966	0.794558	0.821847	0.823529	0.820408	0.824074	0.848853	0.828966	0.820856	0.812842	0.811908
spd1	0.110559	0.095945	0.080375	0.094734	0.123235	0.105931	0.117051	0.140375	0.127543	0.177577	0.125327	0.131302	0.086472	0.093835	0.122158	0.118516	0.113688	0.140545	0.078717	0.121866
aod1-0	1.457197	1.436838	1.453525	1.367417	1.392199	1.412363	1.349178	1.445397	1.336219	1.289559	1.326230	1.378141	1.476642	1.441237	1.395203	1.457889	1.427239	1.341032	1.457380	1.369877
aod1-1	1.644477	1.575909	1.594682	1.520159	1.598214	1.588639	1.550183	1.687349	1.563809	1.604377	1.554246	1.591180	1.615942	1.603360	1.598239	1.654883	1.619316	1.600699	1.582659	1.586170
aod1	0.093640	0.069535	0.070578	0.076371	0.103008	0.088138	0.100503	0.120976	0.113795	0.157409	0.114008	0.106520	0.069650	0.081062	0.101518	0.098497	0.096038	0.129834	0.062639	0.108147
eod1-0	0.842033	0.819695	0.843627	0.797241	0.806833	0.827680	0.814363	0.841379	0.776159	0.766798	0.791722	0.803395	0.841379	0.832669	0.821674	0.839112	0.822161	0.805263	0.841545	0.798658
eod1-1	0.910913	0.916115	0.882353	0.867841	0.903361	0.891775	0.883516	0.932900	0.889391	0.895075	0.858744	0.900208	0.877934	0.876087	0.917031	0.924779	0.911833	0.909910	0.897727	0.876380
eod1	0.068880	0.096420	0.038726	0.070600	0.096528	0.064095	0.069153	0.091521	0.113232	0.128277	0.067022	0.096813	0.036555	0.043418	0.095357	0.085666	0.089672	0.104647	0.056183	0.077722
spd2-0	0.760959	0.745075	0.744904	0.707288	0.733294	0.730094	0.704947	0.767497	0.709241	0.682276	0.690504	0.722985	0.765425	0.746295	0.738771	0.757901	0.751152	0.721012	0.760729	0.723022
spd2-1	0.797357	0.779592	0.814732	0.763747	0.797386	0.814004	0.781585	0.793319	0.753219	0.811715	0.790850	0.785714	0.762864	0.801255	0.765328	0.815574	0.762238	0.757511	0.760776	0.760563
spd2	0.036398	0.034517	0.069828	0.056460	0.064091	0.083911	0.076638	0.025822	0.043978	0.129439	0.100346	0.062729	0.002561	0.054960	0.026557	0.057673	0.011086	0.036498	0.000047	0.037542
aod2-0	1.519690	1.489247	1.484325	1.413356	1.452178	1.452112	1.402127	1.531398	1.412765	1.353353	1.376377	1.441052	1.534524	1.484509	1.474534	1.511144	1.499310	1.433909	1.514213	1.440459
aod2-1	1.482575	1.460225	1.545867	1.408956	1.478804	1.531268	1.470177	1.475453	1.380021	1.511424	1.474691	1.463813	1.409583	1.487457	1.427407	1.558875	1.446157	1.407830	1.406661	1.421498
aod2	0.018558	0.014511	0.030771	0.002200	0.013313	0.039578	0.034025	0.027973	0.016372	0.079035	0.049157	0.011380	0.062470	0.001474	0.023563	0.023866	0.026576	0.013040	0.053776	0.009481
eod2-0	0.860116	0.852556	0.846765	0.808789	0.832053	0.837288	0.832952	0.873979	0.805492	0.787810	0.797933	0.826138	0.854935	0.833144	0.864486	0.861144	0.857955	0.847032	0.858116	0.821470
eod2-1	0.891026	0.867868	0.888525	0.863501	0.877301	0.894904	0.862069	0.884848	0.851852	0.888235	0.867284	0.885196	0.854839	0.891566	0.842900	0.901899	0.847518	0.835366	0.874194	0.844575
eod2	0.030910	0.015311	0.041760	0.054713	0.045248	0.057616	0.029117	0.010869	0.046360	0.100425	0.069351	0.059059	0.000096	0.058422	0.021586	0.040755	0.010437	0.011666	0.016078	0.023105
wcspd-000	0.710472	0.702564	0.705589	0.670886	0.679704	0.679089	0.650894	0.708419	0.648397	0.610429	0.643523	0.672557	0.729064	0.704428	0.692550	0.711297	0.705709	0.661035	0.716088	0.667009
wcspd-010	0.833741	0.806452	0.788770	0.775819	0.814721	0.807407	0.786967	0.864721	0.771930	0.801567	0.765903	0.800971	0.820375	0.806540	0.802532	0.829897	0.816176	0.813559	0.824691	0.768817
wcspd-100	0.827273	0.800000	0.832579	0.725490	0.775330	0.807339	0.756637	0.801020	0.797170	0.750000	0.722222	0.778947	0.828704	0.803571	0.780374	0.803653	0.803922	0.775862	0.820628	0.800000
wcspd-110	0.805556	0.805085	0.775000	0.736000	0.798561	0.739496	0.762295	0.870504	0.834711	0.771186	0.757576	0.774775	0.789474	0.792000	0.815385	0.815789	0.833333	0.775701	0.786885	0.906780
wcspd-001	0.693467	0.704433	0.737968	0.688073	0.700935	0.730000	0.710660	0.711009	0.635468	0.699074	0.687805	0.676768	0.650794	0.729592	0.637681	0.732394	0.648649	0.632353	0.712329	0.668269
wcspd-011	0.882353	0.815789	0.852459	0.785714	0.865854	0.859649	0.822857	0.853261	0.827778	0.905882	0.878981	0.869792	0.837662	0.850000	0.842697	0.882979	0.843750	0.857955	0.782609	0.821053
wcspd-101	0.911765	0.818182	0.842105	0.871795	0.966667	0.906250	0.820513	0.852941	0.871795	0.894737	0.886364	0.760870	0.833333	0.820513	0.857143	0.777778	0.828571	0.852941	0.800000	0.800000
wcspd-111	0.843137	0.890625	0.975000	0.923077	0.882353	0.925926	0.875000	0.906977	0.886364	0.907407	0.849057	0.907407	0.875000	0.873016	0.943396	0.941176	0.877551	0.846154	0.886364	0.864407
wcspd	0.218297	0.188061	0.269411	0.252191	0.286963	0.246837	0.224106	0.198558	0.250896	0.296978	0.242840	0.234850	0.224206	0.168587	0.305715	0.229879	0.228902	0.225602	0.174035	0.239770
wcaod-000	1.436420	1.425336	1.424848	1.359081	1.367261	1.372475	1.321328	1.435645	1.306962	1.232280	1.303442	1.360217	1.483595	1.423022	1.401410	1.439195	1.425841	1.333642	1.444804	1.346225
wcaod-010	1.651357	1.598746	1.573661	1.538195	1.599670	1.585883	1.554767	1.713757	1.533549	1.583930	1.519426	1.582647	1.632275	1.601599	1.590605	1.637589	1.616654	1.613754	1.630007	1.527665
wcaod-100	1.619864	1.567965	1.626455	1.402016	1.502227	1.572410	1.452213	1.540826	1.556115	1.444804	1.372840	1.534591	1.632737	1.556166	1.535663	1.582235	1.563095	1.490683	1.614773	1.549482
wcaod-110	1.582749	1.574009	1.495319	1.426667	1.546472	1.460784	1.492129	1.697835	1.644002	1.476420	1.476952	1.500000	1.552874	1.548282	1.593147	1.602273	1.631136	1.487645	1.524212	1.772603
wcaod-001	1.292897	1.376751	1.410219	1.286944	1.319884	1.387387	1.368415	1.347920	1.195521	1.321324	1.270237	1.301063	1.243596	1.352424	1.219783	1.429472	1.256757	1.161765	1.323870	1.254436
wcaod-011	1.688289	1.470736	1.647541	1.478035	1.601093	1.630882	1.559229	1.565305	1.534428	1.726224	1.731946	1.616597	1.601019	1.584656	1.554866	1.674641	1.576364	1.644628	1.454927	1.543860
wcaod-101	1.737778	1.420000	1.474654	1.511765	1.800000	1.628205	1.403226	1.558333	1.508929	1.649770	1.569444	1.334821	1.367521	1.533333	1.666667	1.425455	1.623932	1.375000	1.428571	1.533333
wcaod-111	1.602273	1.690799	1.833333	1.752381	1.673077	1.785714	1.569697	1.809091	1.526984	1.731818	1.608225	1.642857	1.489796	1.664894	1.831502	1.838889	1.657143	1.589744	1.711765	1.625397
wcaod	0.222440	0.157024	0.211557	0.232718	0.240058	0.206620	0.124184	0.230586	0.224241	0.249769	0.230855	0.170897	0.194571	0.156235	0.305859	0.206717	0.200193	0.241432	0.193947	0.259083
wceod-000	0.817372	0.818594	0.830508	0.774942	0.786813	0.801325	0.803612	0.824324	0.753813	0.723542	0.760090	0.790179	0.841986	0.814159	0.837054	0.832957	0.820675	0.794248	0.827740	0.777293
wceod-010	0.914798	0.909091	0.859375	0.867925	0.883621	0.892241	0.880734	0.932692	0.849057	0.886256	0.843602	0.877729	0.870647	0.842105	0.909524	0.912442	0.888393	0.909091	0.906250	0.821782
wceod-100	0.900763	0.838235	0.885714	0.814516	0.851064	0.886364	0.845070	0.900826	0.845588	0.837209	0.829630	0.867925	0.876923	0.873239	0.846774	0.854962	0.908333	0.892857	0.867647	0.895161
wceod-110	0.887097	0.939394	0.844156	0.826667	0.903614	0.794118	0.845070	0.952381	0.940299	0.819277	0.835443	0.824324	0.850746	0.846154	0.932432	0.893939	0.935484	0.906250	0.878378	0.972603
wceod-001	0.845528	0.781513	0.830508	0.823529	0.792857	0.833333	0.795082	0.823529	0.742188	0.808824	0.818182	0.768595	0.769912	0.844961	0.732283	0.836066	0.729730	0.735294	0.842857	0.774436
wceod-011	0.927419	0.913043	0.909836	0.864000	0.934426	0.925000	0.892562	0.927007	0.906977	0.945736	0.894737	0.955882	0.889908	0.936508	0.903704	0.947368	0.936364	0.917355	0.888889	0.894737
wceod-101	0.960000	0.920000	0.903226	0.911765	1.000000	0.961538	0.903226	0.958333	0.937500	0.935484	0.944444	0.906250	0.923077	0.866667	0.866667	0.880000	0.846154	0.875000	0.928571	0.833333
wceod-111	0.875000	0.921569	1.000000	0.952381	0.923077	0.952381	0.933333	0.909091	0.971429	0.931818	0.880952	0.976190	0.918367	0.914894	0.974359	0.972222	0.942857	0.897436	0.911765	0.911111
wceod	0.142628	0.157881	0.169492	0.177439	0.213187	0.167421	0.138251	0.134804	0.229241	0.222194	0.184355	0.207595	0.153165	0.122349	0.242076	0.139265	0.213127	0.182061	0.100831	0.198167
