accuracy	0.628176	0.638337	0.650808	0.648037	0.657737	0.648037	0.634642	0.647575	0.639723	0.656813	0.653580	0.646651	0.630023	0.652656	0.655427	0.639261	0.630023	0.652194	0.639723	0.639261
recall	0.602038	0.613910	0.623162	0.623884	0.621212	0.617861	0.607210	0.621440	0.610549	0.623189	0.625922	0.619221	0.611897	0.620750	0.628421	0.614051	0.609224	0.622712	0.611842	0.609035
precision	0.663384	0.675802	0.691346	0.680221	0.669288	0.677468	0.654402	0.676693	0.662008	0.670829	0.681008	0.679894	0.670059	0.672919	0.693175	0.684782	0.664411	0.674511	0.666483	0.665305
f1score	0.575602	0.590788	0.602463	0.606023	0.611625	0.599893	0.589774	0.604296	0.593078	0.613062	0.610904	0.599909	0.586277	0.607408	0.610263	0.587949	0.585438	0.608944	0.592790	0.589467
mcc	0.258235	0.283024	0.307028	0.298841	0.286494	0.289251	0.257320	0.292969	0.267656	0.290132	0.301946	0.292897	0.275891	0.288998	0.315009	0.290341	0.268013	0.292674	0.272908	0.268507
spd0-0	0.805365	0.794253	0.802405	0.776504	0.770081	0.788175	0.780488	0.773531	0.782161	0.759015	0.775000	0.788549	0.782207	0.767795	0.785920	0.808596	0.783493	0.770690	0.786866	0.786001
spd0-1	0.820823	0.816471	0.794749	0.804762	0.785235	0.813239	0.776524	0.820388	0.798077	0.815789	0.795506	0.812968	0.838710	0.822616	0.817130	0.821429	0.825758	0.800000	0.799534	0.831754
spd0	0.015458	0.022218	0.007656	0.028258	0.015153	0.025064	0.003964	0.046857	0.015916	0.056774	0.020506	0.024419	0.056503	0.054822	0.031209	0.012833	0.042264	0.029310	0.012667	0.045752
aod0-0	1.600859	1.581743	1.595963	1.544139	1.516190	1.559310	1.550458	1.534083	1.550397	1.499507	1.537390	1.562408	1.564283	1.519656	1.555396	1.605985	1.558510	1.524303	1.560165	1.558003
aod0-1	1.586972	1.559145	1.499871	1.529028	1.483556	1.577371	1.478475	1.566514	1.537900	1.544990	1.511013	1.575767	1.613470	1.558682	1.583725	1.592162	1.602275	1.536364	1.546483	1.610392
aod0	0.006944	0.011299	0.048046	0.007555	0.016317	0.009031	0.035991	0.016216	0.006249	0.022742	0.013189	0.006680	0.024593	0.019513	0.014164	0.006911	0.021883	0.006030	0.006841	0.026194
eod0-0	0.900979	0.904018	0.922566	0.894912	0.872497	0.903330	0.880531	0.884324	0.889009	0.873269	0.894795	0.905782	0.894919	0.875546	0.910870	0.918033	0.887922	0.888052	0.895539	0.890929
eod0-1	0.903101	0.899281	0.879433	0.894545	0.892361	0.880597	0.861592	0.919847	0.866667	0.888502	0.883562	0.881890	0.908772	0.915825	0.898876	0.906977	0.909465	0.876364	0.871324	0.897059
eod0	0.002121	0.004737	0.043134	0.000366	0.019864	0.022733	0.018939	0.035523	0.022342	0.015232	0.011233	0.023892	0.013853	0.040279	0.011993	0.011056	0.021543	0.011688	0.024215	0.006130
spd1-0	0.784163	0.781140	0.787983	0.773598	0.750882	0.780367	0.769285	0.762307	0.767769	0.737500	0.761538	0.772206	0.778610	0.758741	0.767211	0.795646	0.780556	0.748765	0.775297	0.781206
spd1-1	0.855014	0.831989	0.827057	0.797619	0.815508	0.817089	0.799202	0.820996	0.818548	0.834483	0.813605	0.830949	0.824964	0.819048	0.838624	0.840756	0.812414	0.828877	0.816940	0.821380
spd1	0.070851	0.050849	0.039074	0.024021	0.064626	0.036722	0.029917	0.058689	0.050779	0.096983	0.052067	0.058743	0.046354	0.060306	0.071414	0.045110	0.031858	0.080112	0.041643	0.040174
aod1-0	1.563987	1.559001	1.562896	1.540075	1.483765	1.551246	1.528672	1.519664	1.522912	1.461383	1.510864	1.541381	1.560078	1.504711	1.525456	1.588404	1.557485	1.478977	1.540388	1.551816
aod1-1	1.672914	1.613459	1.612853	1.544374	1.568277	1.578080	1.557058	1.589430	1.588767	1.607739	1.577110	1.602947	1.606205	1.579249	1.625773	1.632874	1.591474	1.617325	1.584869	1.602911
aod1	0.054464	0.027229	0.024978	0.002150	0.042256	0.013417	0.014193	0.034883	0.032927	0.073178	0.033123	0.030783	0.023064	0.037269	0.050159	0.022235	0.016994	0.069174	0.022241	0.025548
eod1-0	0.888736	0.890430	0.909330	0.892414	0.863338	0.891452	0.875339	0.885517	0.862252	0.856390	0.883845	0.888260	0.896552	0.872510	0.891632	0.908460	0.897401	0.867105	0.876165	0.893960
eod1-1	0.922049	0.922737	0.917647	0.898678	0.899160	0.909091	0.876923	0.902597	0.920993	0.910064	0.905830	0.918919	0.901408	0.906522	0.934498	0.926991	0.883991	0.916667	0.913636	0.889625
eod1	0.033313	0.032307	0.008317	0.006265	0.035822	0.017639	0.001584	0.017080	0.058742	0.053674	0.021984	0.030659	0.004857	0.034012	0.042865	0.018531	0.013410	0.049561	0.037471	0.004335
spd2-0	0.811222	0.798806	0.792662	0.783751	0.771395	0.782787	0.767962	0.780546	0.785168	0.759336	0.770809	0.794627	0.800931	0.775934	0.792553	0.809779	0.796083	0.773985	0.791887	0.796163
spd2-1	0.797357	0.797959	0.832589	0.775967	0.779956	0.831510	0.822270	0.789144	0.785408	0.807531	0.810458	0.787755	0.765101	0.790795	0.790698	0.815574	0.771562	0.785408	0.780172	0.790744
spd2	0.013865	0.000847	0.039928	0.007784	0.008561	0.048723	0.054307	0.008598	0.000240	0.048195	0.039649	0.006872	0.035831	0.014861	0.001856	0.005794	0.024521	0.011423	0.011715	0.005419
aod2-0	1.620332	1.596682	1.578989	1.566117	1.526412	1.557382	1.529551	1.557226	1.564100	1.506428	1.536191	1.583913	1.606325	1.541791	1.582156	1.614819	1.589220	1.540472	1.576230	1.586258
aod2-1	1.482575	1.497351	1.568382	1.423234	1.445362	1.560554	1.573202	1.462030	1.465875	1.505541	1.524074	1.470102	1.400589	1.457047	1.451598	1.545628	1.457085	1.451661	1.458567	1.493308
aod2	0.068879	0.049665	0.005304	0.071442	0.040525	0.001586	0.021825	0.047598	0.049112	0.000443	0.006059	0.056905	0.102868	0.042372	0.065279	0.034595	0.066068	0.044405	0.058831	0.046475
eod2-0	0.905202	0.909631	0.910329	0.899050	0.883644	0.891525	0.872998	0.894982	0.890160	0.874718	0.896670	0.906651	0.909631	0.884222	0.915888	0.914819	0.901136	0.890411	0.893303	0.903151
eod2-1	0.891026	0.885886	0.918033	0.884273	0.858896	0.917197	0.884013	0.884848	0.867284	0.882353	0.879630	0.885196	0.867742	0.888554	0.888218	0.917722	0.865248	0.871951	0.880645	0.865103
eod2	0.014177	0.023746	0.007704	0.014777	0.024749	0.025672	0.011015	0.010134	0.022876	0.007635	0.017041	0.021455	0.041889	0.004332	0.027670	0.002902	0.035888	0.018460	0.012658	0.038048
wcspd-000	0.787474	0.778462	0.785429	0.775316	0.748414	0.770186	0.756046	0.760780	0.773526	0.719836	0.755440	0.774428	0.776355	0.747683	0.774397	0.794979	0.780512	0.740232	0.771819	0.783145
wcspd-010	0.855746	0.838710	0.820856	0.795970	0.814721	0.800000	0.799499	0.795756	0.814536	0.822454	0.791349	0.815534	0.839142	0.803815	0.832911	0.837629	0.803922	0.832930	0.829630	0.798387
wcspd-100	0.850000	0.828571	0.809955	0.813725	0.797357	0.821101	0.792035	0.816327	0.811321	0.826923	0.800926	0.852632	0.870370	0.839286	0.789720	0.835616	0.843137	0.801724	0.825112	0.834146
wcspd-110	0.777778	0.788136	0.733333	0.760000	0.762590	0.756303	0.713115	0.827338	0.735537	0.762712	0.772727	0.792793	0.763158	0.800000	0.807692	0.789474	0.824074	0.785047	0.762295	0.830508
wcspd-001	0.703518	0.743842	0.770053	0.715596	0.705607	0.770000	0.796954	0.715596	0.684729	0.703704	0.726829	0.712121	0.671958	0.724490	0.685990	0.760563	0.697297	0.705882	0.739726	0.711538
wcspd-011	0.905882	0.842105	0.890710	0.813187	0.871951	0.883041	0.851429	0.864130	0.866667	0.911765	0.917197	0.880208	0.818182	0.850000	0.859551	0.872340	0.850000	0.863636	0.832298	0.857895
wcspd-101	0.735294	0.787879	0.815789	0.846154	0.800000	0.875000	0.820513	0.794118	0.820513	0.894737	0.863636	0.652174	0.833333	0.743590	0.914286	0.777778	0.857143	0.882353	0.775000	0.825000
wcspd-111	0.843137	0.843750	0.875000	0.846154	0.784314	0.870370	0.821429	0.837209	0.886364	0.833333	0.773585	0.851852	0.875000	0.857143	0.886792	0.862745	0.734694	0.769231	0.795455	0.830508
wcspd	0.202365	0.099908	0.157377	0.130558	0.166344	0.126738	0.138314	0.148534	0.201635	0.208061	0.190368	0.228034	0.203042	0.132653	0.228295	0.111777	0.159846	0.176471	0.092572	0.146356
wcaod-000	1.590239	1.579314	1.585993	1.571026	1.505606	1.555117	1.528288	1.541373	1.558180	1.452478	1.530142	1.566643	1.584311	1.511373	1.565187	1.605613	1.577179	1.492076	1.556794	1.581108
wcaod-010	1.699744	1.665622	1.636161	1.575931	1.599670	1.565602	1.584267	1.571006	1.613737	1.621845	1.563799	1.607750	1.667939	1.586003	1.652252	1.650174	1.596273	1.653297	1.637875	1.584916
wcaod-100	1.665237	1.612083	1.564727	1.573790	1.510473	1.607294	1.537726	1.560551	1.601393	1.593367	1.553086	1.693845	1.717710	1.612504	1.548746	1.631940	1.647619	1.552174	1.622126	1.623059
wcaod-110	1.506311	1.535548	1.379040	1.466667	1.462995	1.485294	1.374482	1.601299	1.436153	1.431325	1.471220	1.500000	1.476342	1.527278	1.579633	1.539773	1.609397	1.526163	1.461712	1.615221
wcaod-001	1.319213	1.450980	1.461066	1.340746	1.339768	1.467610	1.553989	1.345588	1.295729	1.333824	1.355334	1.368359	1.287611	1.366192	1.303150	1.475860	1.337838	1.316176	1.410850	1.351178
wcaod-011	1.720547	1.542921	1.713115	1.508491	1.562451	1.652941	1.631313	1.607858	1.647971	1.733976	1.813545	1.641807	1.508257	1.552910	1.529543	1.638278	1.596364	1.593388	1.529001	1.616541
wcaod-101	1.284444	1.295000	1.331797	1.311765	1.440000	1.589744	1.403226	1.416667	1.446429	1.649770	1.444444	1.098214	1.367521	1.200000	1.733333	1.374545	1.662393	1.406250	1.345238	1.633333
wcaod-111	1.668182	1.574661	1.578431	1.580952	1.544872	1.654762	1.503030	1.648485	1.609524	1.563636	1.512987	1.571429	1.489796	1.602394	1.708791	1.688889	1.371429	1.538462	1.594118	1.580952
wcaod	0.218051	0.185311	0.190659	0.134594	0.129951	0.093576	0.128415	0.151448	0.176121	0.200076	0.229106	0.297816	0.215050	0.206252	0.215092	0.157172	0.162278	0.168560	0.146318	0.141078
wceod-000	0.893096	0.907029	0.923729	0.897912	0.868132	0.896247	0.882619	0.882883	0.888889	0.846652	0.892377	0.912946	0.916479	0.871681	0.919643	0.909707	0.909283	0.873894	0.888143	0.917031
wceod-010	0.914798	0.924242	0.921875	0.905660	0.883621	0.900862	0.871560	0.884615	0.929245	0.924171	0.909953	0.908297	0.900498	0.870813	0.933333	0.930876	0.857143	0.922727	0.919643	0.861386
wceod-100	0.923664	0.882353	0.885714	0.911290	0.929078	0.886364	0.859155	0.933884	0.838235	0.922481	0.874074	0.896226	0.915385	0.929577	0.870968	0.916031	0.933333	0.900000	0.875000	0.919355
wceod-110	0.919355	0.939394	0.844156	0.866667	0.891566	0.838235	0.845070	0.928571	0.880597	0.831325	0.924051	0.878378	0.880597	0.910256	0.918919	0.893939	0.935484	0.875000	0.878378	0.904110
wceod-001	0.845528	0.831933	0.881356	0.852941	0.785714	0.873016	0.860656	0.845588	0.789062	0.808824	0.848485	0.809917	0.787611	0.813953	0.803150	0.893443	0.810811	0.801471	0.828571	0.804511
wceod-011	0.959677	0.927536	0.959016	0.912000	0.967213	0.966667	0.909091	0.927007	0.922481	0.953488	0.929825	0.963235	0.908257	0.960317	0.948148	0.947368	0.936364	0.975207	0.962963	0.932331
wceod-101	0.840000	0.920000	0.903226	0.911765	0.840000	0.923077	0.903226	0.916667	0.875000	0.935484	0.944444	0.812500	0.923077	0.866667	0.933333	0.920000	0.884615	0.906250	0.928571	0.833333
wceod-111	0.850000	0.882353	0.911765	0.880952	0.794872	0.904762	0.866667	0.848485	0.942857	0.863636	0.785714	0.904762	0.918367	0.914894	0.923077	0.888889	0.800000	0.769231	0.794118	0.866667
wceod	0.119677	0.107461	0.114861	0.059059	0.181499	0.128431	0.064020	0.088296	0.153795	0.144665	0.158730	0.153318	0.135466	0.146364	0.144999	0.058480	0.136364	0.205976	0.168845	0.127820
