accuracy	0.632794	0.632333	0.636490	0.633256	0.672055	0.655889	0.642956	0.636952	0.642494	0.646651	0.653580	0.663279	0.626328	0.637413	0.647113	0.655889	0.653118	0.650808	0.666513	0.636490
recall	0.619370	0.625047	0.627030	0.629073	0.657565	0.651404	0.633336	0.622464	0.636682	0.635532	0.641257	0.651097	0.623388	0.629410	0.628671	0.648217	0.647656	0.647823	0.656020	0.634647
precision	0.632780	0.628984	0.632404	0.629820	0.664474	0.651689	0.638386	0.635532	0.637754	0.638914	0.650415	0.662339	0.624359	0.631053	0.652769	0.653858	0.651253	0.647058	0.663947	0.633649
f1score	0.616214	0.625086	0.627075	0.629324	0.659040	0.651535	0.633709	0.620175	0.637057	0.636372	0.641273	0.650881	0.623549	0.629923	0.623238	0.648399	0.647882	0.647330	0.656535	0.633845
mcc	0.251793	0.254000	0.259378	0.258893	0.321964	0.303094	0.271675	0.257665	0.274434	0.274425	0.291527	0.313235	0.247745	0.260458	0.280406	0.302023	0.298887	0.294880	0.319869	0.268294
spd0-0	0.668379	0.572414	0.608247	0.543840	0.576834	0.545350	0.590012	0.634912	0.563179	0.571265	0.609884	0.617914	0.540728	0.563011	0.699365	0.597708	0.561899	0.510920	0.586406	0.491107
spd0-1	0.646489	0.696471	0.622912	0.619048	0.805369	0.609929	0.677201	0.776699	0.593750	0.729665	0.723596	0.735661	0.608295	0.654102	0.719907	0.630952	0.689394	0.675294	0.757576	0.699052
spd0	0.021890	0.124057	0.014664	0.075208	0.228536	0.064579	0.087189	0.141787	0.030571	0.158400	0.113712	0.117747	0.067567	0.091091	0.020542	0.033245	0.127495	0.164375	0.171170	0.207945
aod0-0	1.324652	1.136843	1.206057	1.077953	1.119485	1.070154	1.167041	1.256689	1.107768	1.122746	1.205630	1.217868	1.081315	1.107411	1.380622	1.180071	1.111996	1.000796	1.154051	0.964459
aod0-1	1.238360	1.353252	1.218279	1.180188	1.551428	1.136784	1.271626	1.489262	1.147590	1.369764	1.370311	1.402137	1.140892	1.249639	1.414845	1.213178	1.326797	1.298182	1.453377	1.359657
aod0	0.043146	0.108205	0.006111	0.051117	0.215972	0.033315	0.052293	0.116287	0.019911	0.123509	0.082340	0.092134	0.029789	0.071114	0.017112	0.016554	0.107400	0.148693	0.149663	0.197599
eod0-0	0.785637	0.702009	0.750000	0.673673	0.722866	0.684211	0.713496	0.747027	0.705819	0.693291	0.744186	0.761242	0.662818	0.688865	0.836957	0.747541	0.707291	0.655544	0.736670	0.624190
eod0-1	0.728682	0.741007	0.648936	0.683636	0.878472	0.723881	0.771626	0.862595	0.640741	0.804878	0.808219	0.830709	0.691228	0.717172	0.760300	0.713178	0.777778	0.738182	0.841912	0.746324
eod0	0.056954	0.038998	0.101064	0.009964	0.155606	0.039670	0.058131	0.115568	0.065078	0.111587	0.064033	0.069467	0.028411	0.028307	0.076657	0.034363	0.070487	0.082638	0.105241	0.122133
spd1-0	0.623686	0.588318	0.588398	0.553584	0.569513	0.529661	0.563340	0.650492	0.460239	0.571528	0.590909	0.605301	0.567439	0.558741	0.698368	0.563202	0.535417	0.501059	0.588276	0.500000
spd1-1	0.742547	0.612903	0.656904	0.567460	0.727273	0.611482	0.691489	0.683715	0.776882	0.662069	0.715646	0.702211	0.526542	0.627211	0.712963	0.682861	0.684138	0.622995	0.683060	0.592693
spd1	0.118861	0.024585	0.068506	0.013876	0.157760	0.081821	0.128149	0.033222	0.316642	0.090541	0.124737	0.096910	0.040896	0.068470	0.014595	0.119659	0.148721	0.121936	0.094784	0.092693
aod1-0	1.242303	1.172524	1.163316	1.098681	1.114922	1.046267	1.113875	1.296197	0.903041	1.127782	1.167499	1.206572	1.138373	1.102832	1.387949	1.122501	1.066011	0.981036	1.161437	0.986439
aod1-1	1.443670	1.183587	1.272208	1.095706	1.383929	1.162918	1.340452	1.307305	1.513465	1.258545	1.384005	1.338610	1.011876	1.201067	1.369113	1.311633	1.325962	1.191649	1.306849	1.143480
aod1	0.100683	0.005531	0.054446	0.001488	0.134503	0.058326	0.113288	0.005554	0.305212	0.065381	0.108253	0.066019	0.063249	0.049117	0.009418	0.094566	0.129976	0.105306	0.072706	0.078520
eod1-0	0.745879	0.725381	0.713535	0.695172	0.720105	0.682497	0.700542	0.769655	0.590728	0.704875	0.734312	0.759547	0.711724	0.689243	0.820302	0.715673	0.690834	0.635526	0.737683	0.644295
eod1-1	0.817372	0.688742	0.748235	0.645374	0.821429	0.709957	0.771429	0.777056	0.862302	0.743041	0.802691	0.800416	0.598592	0.706522	0.818777	0.778761	0.774942	0.740991	0.800000	0.664459
eod1	0.071493	0.036640	0.034700	0.049798	0.101323	0.027460	0.070887	0.007401	0.271574	0.038166	0.068378	0.040868	0.113133	0.017279	0.001524	0.063088	0.084108	0.105465	0.062317	0.020164
spd2-0	0.660432	0.555821	0.574257	0.540621	0.600821	0.518735	0.591873	0.646501	0.529135	0.589804	0.599062	0.602388	0.539581	0.542976	0.693853	0.549195	0.574309	0.507357	0.576132	0.505396
spd2-1	0.678414	0.736735	0.752232	0.619145	0.710240	0.704595	0.665953	0.716075	0.714592	0.644351	0.760349	0.767347	0.610738	0.719665	0.737844	0.793033	0.629371	0.673820	0.782328	0.619718
spd2	0.017982	0.180914	0.177975	0.078523	0.109419	0.185860	0.074080	0.069575	0.185457	0.054547	0.161286	0.164959	0.071157	0.176690	0.043990	0.243838	0.055062	0.166462	0.206196	0.114323
aod2-0	1.318302	1.110618	1.141850	1.079847	1.180715	1.026582	1.175851	1.289023	1.050962	1.166741	1.192174	1.198114	1.084004	1.075533	1.384463	1.091896	1.144361	1.006146	1.141672	1.003255
aod2-1	1.248104	1.407261	1.442921	1.113646	1.289335	1.322525	1.242947	1.337564	1.324465	1.146974	1.435802	1.430086	1.104686	1.331614	1.400196	1.524065	1.185410	1.221766	1.465061	1.160576
aod2	0.035099	0.148321	0.150535	0.016900	0.054310	0.147971	0.033548	0.024270	0.136752	0.009884	0.121814	0.115986	0.010341	0.128041	0.007866	0.216085	0.020525	0.107810	0.161694	0.078661
eod2-0	0.774566	0.677765	0.698070	0.656770	0.744237	0.663277	0.721968	0.764294	0.652174	0.711061	0.737084	0.742124	0.657551	0.654938	0.829439	0.693116	0.726136	0.640411	0.718502	0.638273
eod2-1	0.769231	0.795796	0.806557	0.724036	0.800613	0.777070	0.742947	0.793939	0.796296	0.741176	0.820988	0.864048	0.703226	0.804217	0.794562	0.867089	0.709220	0.765244	0.880645	0.686217
eod2	0.005336	0.118031	0.108487	0.067266	0.056376	0.113793	0.020979	0.029645	0.144122	0.030116	0.083904	0.121925	0.045675	0.149279	0.034877	0.173973	0.016917	0.124833	0.162143	0.047944
wcspd-000	0.613963	0.545641	0.583832	0.529536	0.488372	0.491718	0.523659	0.633470	0.429162	0.531697	0.528497	0.570686	0.565517	0.500515	0.689402	0.514644	0.522638	0.427666	0.507886	0.403905
wcspd-010	0.748166	0.462366	0.516043	0.518892	0.670051	0.535802	0.696742	0.580902	0.736842	0.626632	0.666667	0.601942	0.453083	0.561308	0.660759	0.605670	0.607843	0.554479	0.600000	0.569892
wcspd-100	0.672727	0.642857	0.488688	0.558824	0.823789	0.527523	0.615044	0.724490	0.438679	0.725962	0.712963	0.642105	0.578704	0.651786	0.733645	0.525114	0.647059	0.663793	0.699552	0.746341
wcspd-110	0.722222	0.779661	0.833333	0.664000	0.805755	0.663866	0.737705	0.805755	0.801653	0.711864	0.727273	0.810811	0.517544	0.624000	0.761538	0.692982	0.796296	0.691589	0.803279	0.720339
wcspd-001	0.643216	0.704433	0.716578	0.619266	0.635514	0.690000	0.659898	0.633028	0.576355	0.555556	0.702439	0.691919	0.518519	0.704082	0.685990	0.802817	0.459459	0.622549	0.776256	0.653846
wcspd-011	0.817647	0.784211	0.819672	0.582418	0.786585	0.701754	0.628571	0.755435	0.883333	0.694118	0.847134	0.812500	0.616883	0.750000	0.853933	0.771277	0.812500	0.727273	0.757764	0.605263
wcspd-101	0.470588	0.787879	0.657895	0.743590	0.733333	0.687500	0.743590	0.823529	0.743590	0.842105	0.840909	0.804348	0.750000	0.743590	0.800000	0.666667	0.657143	0.705882	0.850000	0.775000
wcspd-111	0.490196	0.671875	0.700000	0.653846	0.764706	0.777778	0.750000	0.883721	0.636364	0.703704	0.660377	0.851852	0.785714	0.666667	0.509434	0.921569	0.653061	0.673077	0.840909	0.440678
wcspd	0.347059	0.325513	0.344646	0.224698	0.335416	0.286059	0.226341	0.302819	0.454171	0.310408	0.318636	0.281166	0.332631	0.249485	0.344499	0.406924	0.353041	0.299606	0.342114	0.371095
wcaod-000	1.245120	1.119468	1.186081	1.082140	0.988635	1.001833	1.066098	1.287311	0.872197	1.076659	1.078216	1.162677	1.169458	1.018100	1.395973	1.054242	1.067316	0.867382	1.034236	0.824246
wcaod-010	1.476566	0.915361	1.025527	1.021953	1.296243	1.033835	1.374626	1.138314	1.456160	1.233082	1.316468	1.178467	0.898675	1.093756	1.301416	1.184601	1.193517	1.090509	1.173910	1.121258
wcaod-100	1.295480	1.239070	0.958730	1.052419	1.598384	0.968464	1.163649	1.386446	0.828947	1.391326	1.362963	1.252246	1.115027	1.244589	1.439785	1.000954	1.235714	1.290062	1.354124	1.439367
wcaod-110	1.415147	1.532634	1.647841	1.340000	1.558520	1.294118	1.427782	1.559307	1.598673	1.309466	1.395271	1.567568	0.994919	1.228314	1.494208	1.361742	1.561010	1.331759	1.543919	1.428615
wcaod-001	1.196513	1.369748	1.370302	1.137912	1.168919	1.307164	1.255628	1.198709	1.074167	1.016176	1.323578	1.325856	0.974965	1.313664	1.321654	1.580346	0.869369	1.125000	1.473508	1.237694
wcaod-011	1.558555	1.463211	1.590164	1.067509	1.416472	1.304412	1.185950	1.391986	1.694938	1.230856	1.644635	1.483193	1.132518	1.388889	1.553833	1.410116	1.530909	1.325620	1.389064	1.105263
wcaod-101	0.711111	1.465000	1.248848	1.194118	1.200000	1.358974	1.213710	1.575000	1.129464	1.474654	1.513889	1.437500	1.350427	1.277778	1.766667	1.265455	1.247863	1.218750	1.642857	1.566667
wcaod-111	0.888636	1.473605	1.372549	1.190476	1.519231	1.535714	1.414141	1.778788	1.212698	1.404545	1.303030	1.690476	1.510204	1.264628	1.150183	1.811111	1.342857	1.358974	1.582353	0.823810
wcaod	0.423722	0.308637	0.344555	0.159023	0.304874	0.283625	0.180842	0.320237	0.432996	0.229239	0.283209	0.263900	0.305764	0.185395	0.308242	0.405078	0.345820	0.245796	0.304310	0.371429
wceod-000	0.732739	0.707483	0.752119	0.668213	0.650549	0.649007	0.670429	0.759009	0.572985	0.663067	0.679372	0.736607	0.735892	0.632743	0.841518	0.697517	0.698312	0.566372	0.671141	0.552402
wceod-010	0.847534	0.530303	0.635417	0.627358	0.771552	0.646552	0.788991	0.682692	0.867925	0.715640	0.772512	0.703057	0.497512	0.650718	0.809524	0.705069	0.709821	0.686364	0.709821	0.668317
wceod-100	0.778626	0.698529	0.514286	0.677419	0.900709	0.689394	0.711268	0.826446	0.500000	0.821705	0.807407	0.764151	0.661538	0.732394	0.806452	0.625954	0.783333	0.735714	0.779412	0.846774
wceod-110	0.806452	0.878788	0.857143	0.640000	0.915663	0.764706	0.859155	0.904762	0.820896	0.795181	0.848101	0.864865	0.611940	0.653846	0.851351	0.757576	0.887097	0.796875	0.918919	0.739726
wceod-001	0.788618	0.798319	0.805085	0.772059	0.750000	0.793651	0.762295	0.735294	0.687500	0.691176	0.803030	0.793388	0.646018	0.806202	0.771654	0.877049	0.558559	0.742647	0.878571	0.744361
wceod-011	0.862903	0.847826	0.868852	0.664000	0.868852	0.775000	0.685950	0.817518	0.930233	0.767442	0.877193	0.911765	0.688073	0.833333	0.925926	0.864662	0.890909	0.834711	0.879630	0.684211
wceod-101	0.600000	0.840000	0.677419	0.794118	0.800000	0.692308	0.838710	0.875000	0.843750	0.903226	0.888889	0.937500	0.794872	0.833333	0.766667	0.720000	0.692308	0.718750	0.892857	0.766667
wceod-111	0.525000	0.627451	0.705882	0.690476	0.769231	0.785714	0.777778	0.878788	0.657143	0.704545	0.666667	0.857143	0.795918	0.702128	0.435897	0.944444	0.628571	0.666667	0.882353	0.466667
wceod	0.337903	0.348485	0.354567	0.166759	0.265113	0.147099	0.188726	0.222070	0.430233	0.240159	0.222222	0.234443	0.298406	0.200590	0.490028	0.318490	0.332351	0.268339	0.247778	0.380108
