accuracy	0.652194	0.659122	0.670670	0.659584	0.665589	0.672979	0.655427	0.670208	0.653118	0.660046	0.671132	0.656351	0.659122	0.672055	0.663279	0.665589	0.657737	0.669284	0.666513	0.656351
recall	0.632986	0.640154	0.650294	0.642123	0.640196	0.649835	0.634361	0.650182	0.631327	0.635143	0.650362	0.635604	0.645896	0.648912	0.643594	0.646747	0.642341	0.648263	0.646760	0.634049
precision	0.668038	0.679152	0.687791	0.670687	0.662859	0.688367	0.664915	0.685290	0.660390	0.659840	0.682661	0.668840	0.679513	0.678153	0.675563	0.688246	0.675597	0.675606	0.677048	0.665549
f1score	0.623675	0.630455	0.643665	0.636281	0.639444	0.644071	0.628087	0.644232	0.625493	0.632874	0.645798	0.628275	0.636420	0.646226	0.637630	0.637263	0.633570	0.645298	0.641955	0.627865
mcc	0.298976	0.316915	0.335999	0.311503	0.302207	0.336000	0.297712	0.333630	0.290265	0.293948	0.331454	0.302624	0.323669	0.325755	0.317552	0.332412	0.316194	0.322713	0.322389	0.297938
spd0-0	0.711187	0.714943	0.709622	0.685387	0.678114	0.710677	0.706156	0.698232	0.699828	0.679450	0.692442	0.706349	0.692085	0.683197	0.697057	0.718052	0.698700	0.683908	0.690668	0.697074
spd0-1	0.818402	0.823529	0.801909	0.804762	0.774049	0.815603	0.774266	0.822816	0.795673	0.815789	0.804494	0.812968	0.822581	0.811530	0.800926	0.819048	0.815657	0.785882	0.797203	0.831754
spd0	0.107215	0.108587	0.092287	0.119375	0.095935	0.104925	0.068111	0.124584	0.095845	0.136339	0.112053	0.106618	0.130495	0.128333	0.103869	0.100996	0.116957	0.101974	0.106535	0.134680
aod0-0	1.409071	1.421536	1.408370	1.360464	1.327254	1.399524	1.398630	1.380235	1.382726	1.338700	1.369762	1.396429	1.384002	1.346346	1.375988	1.421107	1.386191	1.347510	1.363367	1.377506
aod0-1	1.583096	1.569936	1.518015	1.535549	1.469012	1.578382	1.478048	1.564631	1.540487	1.549140	1.527823	1.567170	1.569693	1.532468	1.545931	1.590583	1.576132	1.496364	1.537420	1.595441
aod0	0.087012	0.074200	0.054823	0.087542	0.070879	0.089429	0.039709	0.092198	0.078881	0.105220	0.079030	0.085370	0.092845	0.093061	0.084972	0.084738	0.094970	0.074427	0.087027	0.108968
eod0-0	0.840044	0.850446	0.857301	0.823009	0.801897	0.858217	0.836283	0.836757	0.829741	0.804047	0.836102	0.836188	0.838337	0.818777	0.834783	0.864481	0.836779	0.823466	0.834603	0.821814
eod0-1	0.899225	0.910072	0.882979	0.887273	0.871528	0.888060	0.854671	0.931298	0.855556	0.885017	0.893836	0.893701	0.905263	0.909091	0.891386	0.899225	0.909465	0.876364	0.875000	0.915441
eod0	0.059181	0.059626	0.025678	0.064264	0.069631	0.029843	0.018388	0.094541	0.025814	0.080971	0.057734	0.057512	0.066926	0.090314	0.056603	0.034744	0.072686	0.052898	0.040397	0.093627
spd1-0	0.676244	0.684729	0.675414	0.658623	0.634439	0.687147	0.675159	0.670183	0.667840	0.638889	0.662238	0.673352	0.668937	0.650350	0.656494	0.686096	0.673611	0.641496	0.662945	0.671809
spd1-1	0.838753	0.834677	0.832636	0.801587	0.818182	0.814419	0.804521	0.820996	0.814516	0.838621	0.819048	0.821847	0.822095	0.825850	0.832011	0.836707	0.812414	0.822193	0.807377	0.822733
spd1	0.162510	0.149948	0.157222	0.142964	0.183743	0.127272	0.129362	0.150813	0.146677	0.199732	0.156810	0.148494	0.153157	0.175501	0.175517	0.150612	0.138803	0.180696	0.144432	0.150924
aod1-0	1.347034	1.365284	1.334550	1.308772	1.247805	1.361826	1.337326	1.334209	1.320496	1.263731	1.309546	1.343308	1.341618	1.283959	1.303161	1.368273	1.342443	1.260412	1.311458	1.330814
aod1-1	1.628925	1.616645	1.621193	1.554308	1.574055	1.567152	1.567018	1.583853	1.575606	1.608959	1.586078	1.581428	1.594798	1.595968	1.608994	1.623741	1.587149	1.598803	1.563200	1.599963
aod1	0.140946	0.125680	0.143321	0.122768	0.163125	0.102663	0.114846	0.124822	0.127555	0.172614	0.138266	0.119060	0.126590	0.156005	0.152917	0.127734	0.122353	0.169195	0.125871	0.134574
eod1-0	0.807692	0.823856	0.826544	0.800000	0.766097	0.833107	0.814363	0.823448	0.781457	0.761528	0.811749	0.803395	0.823448	0.799469	0.792867	0.839112	0.827633	0.785526	0.805593	0.808054
eod1-1	0.926503	0.929360	0.929412	0.898678	0.901261	0.915584	0.883516	0.911255	0.927765	0.922912	0.914798	0.914761	0.908451	0.908696	0.934498	0.924779	0.893271	0.921171	0.909091	0.900662
eod1	0.118811	0.105504	0.102868	0.098678	0.135163	0.082477	0.069153	0.087807	0.146308	0.161384	0.103049	0.111366	0.085002	0.109227	0.141631	0.085666	0.065638	0.135645	0.103498	0.092609
spd2-0	0.716540	0.718209	0.701223	0.687575	0.673505	0.706089	0.691991	0.699288	0.702766	0.680498	0.690504	0.705075	0.706636	0.682276	0.696217	0.716160	0.702189	0.680400	0.695473	0.703837
spd2-1	0.788546	0.797959	0.828125	0.780041	0.788671	0.824945	0.822270	0.801670	0.774678	0.794979	0.808279	0.797959	0.762864	0.807531	0.794926	0.811475	0.792541	0.789700	0.771552	0.788732
spd2	0.072006	0.079750	0.126902	0.092466	0.115166	0.118856	0.130279	0.102382	0.071912	0.114481	0.117775	0.092885	0.056228	0.125255	0.098709	0.095316	0.090352	0.109299	0.076078	0.084895
aod2-0	1.430245	1.435250	1.394429	1.373578	1.328682	1.401358	1.375705	1.393819	1.398072	1.347692	1.374644	1.404044	1.419212	1.351887	1.389164	1.425936	1.400393	1.351907	1.380790	1.400207
aod2-1	1.465917	1.500717	1.572968	1.432695	1.457632	1.551000	1.584068	1.480212	1.446488	1.483589	1.512346	1.498280	1.397363	1.496493	1.469703	1.539299	1.508540	1.453561	1.435861	1.490375
aod2	0.017836	0.032733	0.089270	0.029558	0.064475	0.074821	0.104181	0.043196	0.024208	0.067949	0.068851	0.047118	0.010925	0.072303	0.040270	0.056682	0.054073	0.050827	0.027536	0.045084
eod2-0	0.842775	0.857313	0.850170	0.818290	0.799122	0.849718	0.828375	0.840140	0.828375	0.805869	0.838117	0.833139	0.851367	0.818388	0.832944	0.857643	0.844318	0.818493	0.832009	0.835473
eod2-1	0.881410	0.882883	0.901639	0.887240	0.871166	0.907643	0.874608	0.903030	0.854938	0.867647	0.882716	0.888218	0.864516	0.900602	0.885196	0.911392	0.875887	0.881098	0.877419	0.862170
eod2	0.038636	0.025570	0.051469	0.068951	0.072044	0.057926	0.046233	0.062890	0.026563	0.061778	0.044599	0.055079	0.013149	0.082214	0.052252	0.053749	0.031568	0.062604	0.045410	0.026698
wcspd-000	0.645791	0.654359	0.641717	0.620253	0.594080	0.650104	0.638275	0.637577	0.646329	0.597137	0.620725	0.641372	0.638424	0.603502	0.629591	0.648536	0.647638	0.606125	0.622503	0.640288
wcspd-010	0.806846	0.806452	0.786096	0.768262	0.786802	0.770370	0.771930	0.763926	0.779449	0.798956	0.776081	0.771845	0.806971	0.779292	0.800000	0.804124	0.764706	0.786925	0.785185	0.771505
wcspd-100	0.822727	0.795238	0.764706	0.774510	0.731278	0.788991	0.747788	0.780612	0.778302	0.778846	0.777778	0.810526	0.805556	0.776786	0.728972	0.803653	0.769608	0.728448	0.780269	0.795122
wcspd-110	0.796296	0.830508	0.816667	0.800000	0.798561	0.789916	0.745902	0.841727	0.768595	0.813559	0.803030	0.828829	0.798246	0.840000	0.815385	0.815789	0.851852	0.822430	0.811475	0.855932
wcspd-001	0.653266	0.699507	0.721925	0.683486	0.686916	0.725000	0.741117	0.692661	0.625616	0.648148	0.692683	0.696970	0.634921	0.714286	0.661836	0.718310	0.675676	0.666667	0.698630	0.663462
wcspd-011	0.923529	0.863158	0.912568	0.846154	0.890244	0.894737	0.885714	0.891304	0.894444	0.923529	0.923567	0.901042	0.837662	0.883333	0.870787	0.893617	0.881250	0.880682	0.844720	0.878947
wcspd-101	0.735294	0.787879	0.815789	0.846154	0.800000	0.875000	0.820513	0.823529	0.820513	0.894737	0.863636	0.673913	0.833333	0.769231	0.914286	0.777778	0.857143	0.882353	0.775000	0.850000
wcspd-111	0.901961	0.921875	0.950000	0.903846	0.882353	0.944444	0.910714	0.953488	0.931818	0.907407	0.867925	0.907407	0.928571	0.904762	0.981132	0.921569	0.897959	0.903846	0.863636	0.898305
wcspd	0.277739	0.267516	0.308283	0.283593	0.296164	0.294341	0.272439	0.315911	0.306202	0.326392	0.302841	0.266035	0.293651	0.301260	0.351541	0.273033	0.250321	0.297722	0.241134	0.258017
wcaod-000	1.311583	1.336926	1.302702	1.263922	1.198102	1.319701	1.298573	1.299244	1.305967	1.207255	1.264207	1.301852	1.317156	1.227343	1.276300	1.320388	1.316985	1.225324	1.263410	1.297189
wcaod-010	1.594002	1.599443	1.565304	1.519913	1.539219	1.497708	1.525369	1.503328	1.540132	1.571669	1.531587	1.517074	1.599850	1.533675	1.584556	1.580349	1.512228	1.558031	1.544791	1.527956
wcaod-100	1.608629	1.529809	1.467284	1.495968	1.381412	1.534003	1.447854	1.477355	1.538313	1.501128	1.501235	1.606020	1.574597	1.467537	1.422581	1.571044	1.490476	1.389752	1.519608	1.524293
wcaod-110	1.549790	1.623543	1.570523	1.560000	1.552281	1.553922	1.447390	1.631385	1.506633	1.536661	1.540482	1.581081	1.548746	1.633661	1.593147	1.596591	1.669004	1.611555	1.579392	1.664840
wcaod-001	1.222828	1.364846	1.378777	1.269907	1.292085	1.373874	1.443279	1.289455	1.179896	1.230147	1.277812	1.343566	1.212739	1.343515	1.259154	1.390921	1.297297	1.220588	1.318987	1.258546
wcaod-011	1.758415	1.595875	1.770492	1.594667	1.618267	1.692157	1.732170	1.672309	1.710442	1.749480	1.836801	1.713235	1.561876	1.642857	1.576055	1.700342	1.685455	1.638017	1.566737	1.656642
wcaod-101	1.284444	1.295000	1.331797	1.311765	1.440000	1.589744	1.403226	1.458333	1.446429	1.649770	1.444444	1.129464	1.367521	1.233333	1.733333	1.374545	1.662393	1.406250	1.345238	1.666667
wcaod-111	1.809091	1.787330	1.803922	1.728571	1.730769	1.869048	1.751515	1.939394	1.749206	1.809091	1.699134	1.642857	1.673469	1.707447	1.928571	1.811111	1.728571	1.820513	1.682353	1.768254
wcaod	0.293131	0.246165	0.250610	0.232325	0.266334	0.274673	0.226471	0.324970	0.284655	0.300918	0.286297	0.291886	0.230365	0.240052	0.334709	0.245362	0.215637	0.299962	0.209472	0.254854
wceod-000	0.783964	0.816327	0.817797	0.761021	0.729670	0.816777	0.810384	0.786036	0.784314	0.725702	0.782511	0.790179	0.817156	0.761062	0.781250	0.819413	0.820675	0.756637	0.785235	0.790393
wceod-010	0.905830	0.904040	0.911458	0.882075	0.866379	0.896552	0.862385	0.870192	0.919811	0.914692	0.905213	0.877729	0.890547	0.856459	0.914286	0.907834	0.843750	0.900000	0.892857	0.851485
wceod-100	0.900763	0.867647	0.850000	0.870968	0.858156	0.871212	0.816901	0.917355	0.801471	0.868217	0.859259	0.867925	0.876923	0.894366	0.822581	0.877863	0.883333	0.857143	0.852941	0.919355
wceod-110	0.919355	0.969697	0.896104	0.880000	0.891566	0.867647	0.859155	0.940476	0.895522	0.879518	0.936709	0.905405	0.910448	0.910256	0.932432	0.909091	0.951613	0.890625	0.891892	0.931507
wceod-001	0.788618	0.781513	0.813559	0.830882	0.778571	0.833333	0.803279	0.838235	0.726562	0.742647	0.825758	0.785124	0.752212	0.806202	0.771654	0.852459	0.783784	0.779412	0.800000	0.751880
wceod-011	0.975806	0.942029	0.967213	0.928000	0.975410	0.966667	0.917355	0.948905	0.945736	0.968992	0.929825	0.963235	0.917431	0.976190	0.948148	0.954887	0.945455	0.983471	0.962963	0.954887
wceod-101	0.840000	0.920000	0.903226	0.911765	0.840000	0.923077	0.903226	0.958333	0.875000	0.935484	0.944444	0.843750	0.923077	0.900000	0.933333	0.920000	0.884615	0.906250	0.928571	0.866667
wceod-111	0.900000	0.941176	0.970588	0.928571	0.897436	0.952381	0.933333	0.939394	0.971429	0.909091	0.880952	0.976190	0.959184	0.957447	1.000000	0.944444	0.942857	0.897436	0.882353	0.911111
wceod	0.191842	0.188184	0.157029	0.167551	0.245740	0.149890	0.130055	0.172297	0.244866	0.243290	0.161933	0.191067	0.206971	0.215129	0.228346	0.135474	0.167829	0.226834	0.177728	0.203008
