accuracy	0.679446	0.672517	0.690069	0.675751	0.681755	0.670670	0.659584	0.676674	0.670208	0.664665	0.686836	0.674365	0.677136	0.677598	0.679908	0.684065	0.677136	0.675751	0.676212	0.656813
recall	0.669752	0.662493	0.678608	0.666761	0.673859	0.661228	0.649091	0.666792	0.660428	0.654553	0.676817	0.666834	0.670409	0.666289	0.670640	0.677174	0.671531	0.665943	0.667923	0.646331
precision	0.679855	0.673484	0.691329	0.674796	0.674808	0.666725	0.656242	0.675067	0.666481	0.657746	0.684637	0.671242	0.679575	0.672834	0.678060	0.682850	0.676178	0.671564	0.673096	0.652576
f1score	0.669962	0.662221	0.679116	0.667201	0.674279	0.662140	0.649569	0.667428	0.661305	0.655507	0.677880	0.667638	0.669833	0.667516	0.671418	0.677837	0.671958	0.666998	0.668795	0.646942
mcc	0.349461	0.335797	0.369718	0.341463	0.348666	0.327907	0.305249	0.341758	0.326853	0.312283	0.361370	0.338047	0.349864	0.339060	0.348621	0.359980	0.347678	0.337460	0.340979	0.298842
spd0-0	0.579338	0.588506	0.608247	0.575358	0.529104	0.556257	0.584204	0.571021	0.565466	0.551231	0.569186	0.548753	0.569613	0.564761	0.567224	0.549570	0.538722	0.566092	0.551843	0.563396
spd0-1	0.823245	0.811765	0.756563	0.783333	0.776286	0.806147	0.749436	0.820388	0.790865	0.787081	0.791011	0.790524	0.806452	0.800443	0.793981	0.795238	0.813131	0.769412	0.792541	0.822275
spd0	0.243907	0.223259	0.148316	0.207975	0.247183	0.249889	0.165231	0.249367	0.225399	0.235851	0.221825	0.241771	0.236839	0.235683	0.226757	0.245668	0.274409	0.203320	0.240697	0.258878
aod0-0	1.141646	1.167612	1.203939	1.139125	1.022966	1.089926	1.153885	1.124336	1.110814	1.080293	1.121000	1.078125	1.139034	1.107619	1.112682	1.081329	1.063938	1.110085	1.084008	1.109317
aod0-1	1.588272	1.535922	1.401848	1.470219	1.458399	1.552576	1.415719	1.555115	1.520497	1.474134	1.488607	1.505946	1.525915	1.503127	1.532380	1.535745	1.569596	1.452727	1.513910	1.568775
aod0	0.223313	0.184155	0.098954	0.165547	0.217717	0.231325	0.130917	0.215389	0.204842	0.196920	0.183803	0.213910	0.193441	0.197754	0.209849	0.227208	0.252829	0.171321	0.214951	0.229729
eod0-0	0.744287	0.741071	0.778761	0.730088	0.679663	0.708915	0.722345	0.722162	0.719828	0.687966	0.734219	0.703426	0.735566	0.712882	0.732609	0.723497	0.705114	0.717976	0.709467	0.694384
eod0-1	0.910853	0.910072	0.861702	0.890909	0.892361	0.888060	0.844291	0.935115	0.862963	0.871080	0.893836	0.893701	0.901754	0.905724	0.883895	0.887597	0.909465	0.872727	0.889706	0.915441
eod0	0.166565	0.169001	0.082941	0.160821	0.212698	0.179145	0.121946	0.212952	0.143135	0.183114	0.159616	0.190275	0.166189	0.192842	0.151286	0.164100	0.204351	0.154751	0.180239	0.221057
spd1-0	0.561317	0.577058	0.580110	0.557133	0.512350	0.548023	0.566879	0.549226	0.545391	0.526389	0.560839	0.533668	0.566757	0.546154	0.543648	0.543539	0.534028	0.533522	0.543615	0.554698
spd1-1	0.750678	0.737903	0.751743	0.724868	0.708556	0.712951	0.714096	0.751009	0.729839	0.736552	0.719728	0.702211	0.723099	0.745578	0.740741	0.700405	0.697931	0.743316	0.709016	0.728011
spd1	0.189360	0.160845	0.171633	0.167735	0.196206	0.164928	0.147217	0.201783	0.184448	0.210163	0.158889	0.168543	0.156342	0.199424	0.197093	0.156866	0.163903	0.209794	0.165402	0.173312
aod1-0	1.115947	1.149376	1.140329	1.104503	0.999439	1.082588	1.119765	1.091759	1.071802	1.036107	1.104223	1.063060	1.137762	1.074008	1.075664	1.082565	1.062553	1.042388	1.071502	1.095426
aod1-1	1.432372	1.411006	1.454714	1.389970	1.330882	1.361736	1.377815	1.436444	1.397186	1.400196	1.376115	1.330251	1.381806	1.425296	1.414964	1.331659	1.343758	1.432729	1.352335	1.406768
aod1	0.158213	0.130815	0.157192	0.142734	0.165722	0.139574	0.129025	0.172342	0.162692	0.182044	0.135946	0.133595	0.122022	0.175644	0.169650	0.124547	0.140603	0.195171	0.140417	0.155671
eod1-0	0.722527	0.735090	0.764783	0.720000	0.670171	0.705563	0.716802	0.715862	0.687417	0.671937	0.735648	0.697313	0.742069	0.709163	0.705075	0.719834	0.711354	0.690789	0.699068	0.703356
eod1-1	0.875278	0.854305	0.858824	0.843612	0.823529	0.818182	0.808791	0.852814	0.862302	0.826552	0.836323	0.812890	0.835681	0.843478	0.864629	0.823009	0.809745	0.860360	0.838636	0.812362
eod1	0.152751	0.119214	0.094040	0.123612	0.153359	0.112619	0.091989	0.136952	0.174885	0.154616	0.100675	0.115577	0.093612	0.134315	0.159553	0.103175	0.098390	0.169571	0.139568	0.109006
spd2-0	0.573349	0.575522	0.580082	0.559140	0.518757	0.540398	0.554770	0.562871	0.556798	0.532306	0.558617	0.526567	0.573341	0.555424	0.560284	0.525343	0.532834	0.547381	0.543210	0.553357
spd2-1	0.823789	0.826531	0.854911	0.808554	0.808279	0.846827	0.847966	0.814196	0.798283	0.824268	0.823529	0.822449	0.785235	0.820084	0.799154	0.844262	0.815851	0.819742	0.806034	0.816901
spd2	0.250440	0.251008	0.274829	0.249414	0.289522	0.306429	0.293195	0.251326	0.241485	0.291962	0.264913	0.295882	0.211894	0.264660	0.238871	0.318919	0.283017	0.272362	0.262825	0.263544
aod2-0	1.143139	1.149757	1.150879	1.116464	1.015185	1.070007	1.100923	1.120633	1.104805	1.050194	1.109935	1.045806	1.153409	1.096940	1.116727	1.043063	1.060949	1.085242	1.075069	1.099118
aod2-1	1.536385	1.556225	1.623455	1.495395	1.498593	1.590464	1.632551	1.509437	1.492306	1.546292	1.546914	1.550875	1.445915	1.529914	1.483788	1.611127	1.560284	1.517232	1.510348	1.548819
aod2	0.196623	0.203234	0.236288	0.189466	0.241704	0.260228	0.265814	0.194402	0.193750	0.248049	0.218489	0.252535	0.146253	0.216487	0.183530	0.284032	0.249667	0.215995	0.217640	0.224851
eod2-0	0.731792	0.728894	0.752554	0.710214	0.671789	0.683616	0.696796	0.714119	0.704805	0.668172	0.727899	0.680280	0.737218	0.704881	0.720794	0.694282	0.701136	0.695205	0.695800	0.687281
eod2-1	0.916667	0.912913	0.931148	0.910979	0.889571	0.933121	0.902821	0.912121	0.879630	0.894118	0.895062	0.909366	0.883871	0.906627	0.885196	0.936709	0.893617	0.908537	0.906452	0.888563
eod2	0.184875	0.184019	0.178594	0.200765	0.217781	0.249505	0.206025	0.198002	0.174824	0.225946	0.167163	0.229086	0.146653	0.201746	0.164402	0.242426	0.192481	0.213331	0.210651	0.201282
wcspd-000	0.468172	0.489231	0.505988	0.469409	0.405920	0.444099	0.473186	0.456879	0.463289	0.428425	0.472539	0.439709	0.487685	0.447992	0.465897	0.435146	0.448819	0.446674	0.435331	0.465570
wcspd-010	0.643032	0.623656	0.649733	0.624685	0.583756	0.580247	0.616541	0.628647	0.621554	0.618799	0.592875	0.555825	0.630027	0.629428	0.622785	0.546392	0.556373	0.634383	0.609877	0.577957
wcspd-100	0.809091	0.790476	0.723982	0.745098	0.731278	0.775229	0.721239	0.775510	0.759434	0.745192	0.750000	0.768421	0.787037	0.772321	0.714953	0.767123	0.745098	0.698276	0.771300	0.765854
wcspd-110	0.777778	0.754237	0.716667	0.728000	0.755396	0.756303	0.680328	0.827338	0.735537	0.737288	0.772727	0.756757	0.745614	0.784000	0.807692	0.745614	0.833333	0.775701	0.745902	0.830508
wcspd-001	0.688442	0.738916	0.754011	0.701835	0.691589	0.745000	0.786802	0.711009	0.640394	0.689815	0.702439	0.712121	0.666667	0.724490	0.661836	0.751174	0.691892	0.681373	0.721461	0.697115
wcspd-011	0.935294	0.868421	0.934426	0.868132	0.896341	0.912281	0.885714	0.891304	0.905556	0.929412	0.929936	0.911458	0.844156	0.888889	0.876404	0.909574	0.887500	0.914773	0.863354	0.889474
wcspd-101	0.882353	0.818182	0.842105	0.897436	0.933333	0.906250	0.846154	0.852941	0.923077	0.921053	0.909091	0.760870	0.854167	0.794872	0.914286	0.833333	0.942857	0.941176	0.875000	0.900000
wcspd-111	0.941176	0.984375	0.975000	0.980769	0.941176	0.981481	0.946429	0.976744	0.977273	0.962963	0.905660	0.962963	0.964286	0.936508	1.000000	1.000000	0.959184	0.961538	0.954545	0.949153
wcspd	0.473004	0.495144	0.469012	0.511360	0.535257	0.537382	0.473242	0.519865	0.513984	0.534538	0.457397	0.523254	0.476601	0.488516	0.534103	0.564854	0.510365	0.514865	0.519214	0.483582
wcaod-000	0.959813	1.007389	1.034274	0.964170	0.823330	0.906743	0.966700	0.937931	0.941781	0.870947	0.970385	0.901490	1.017601	0.916407	0.951516	0.895929	0.921264	0.906436	0.888729	0.947518
wcaod-010	1.256088	1.232323	1.292811	1.230393	1.119891	1.121711	1.211896	1.231509	1.222783	1.215640	1.163169	1.082325	1.241294	1.228817	1.226126	1.053817	1.085210	1.250683	1.188585	1.142632
wcaod-100	1.582125	1.516296	1.371781	1.429839	1.381412	1.503171	1.381288	1.464022	1.491486	1.422333	1.432099	1.513252	1.532021	1.455342	1.392294	1.495056	1.438095	1.332298	1.496619	1.463063
wcaod-110	1.506311	1.462704	1.342797	1.393333	1.445138	1.485294	1.312621	1.601299	1.436153	1.362134	1.471220	1.405405	1.433789	1.501637	1.579633	1.441288	1.631136	1.502907	1.420045	1.615221
wcaod-001	1.284767	1.439076	1.429624	1.309003	1.305598	1.411197	1.527322	1.333393	1.208854	1.311765	1.299087	1.368359	1.274453	1.366192	1.259154	1.456674	1.328829	1.242647	1.365732	1.328622
wcaod-011	1.801893	1.603122	1.827869	1.655298	1.642077	1.728431	1.732170	1.672309	1.725946	1.773870	1.845573	1.748950	1.584098	1.661376	1.599311	1.744224	1.705455	1.737190	1.613732	1.691729
wcaod-101	1.626667	1.335000	1.364055	1.370588	1.760000	1.628205	1.435484	1.500000	1.683036	1.682028	1.597222	1.294643	1.393162	1.266667	1.733333	1.505455	1.850427	1.468750	1.583333	1.733333
wcaod-111	1.859091	1.980392	1.833333	1.900000	1.807692	1.916667	1.864646	1.969697	1.888889	1.954545	1.813853	1.833333	1.836735	1.832447	2.000000	2.000000	1.900000	1.897436	1.870588	1.834921
wcaod	0.449639	0.486502	0.399530	0.467915	0.492181	0.504962	0.448973	0.515883	0.473554	0.541799	0.437594	0.465921	0.409567	0.458020	0.524242	0.552035	0.489368	0.495500	0.490930	0.443701
wceod-000	0.630290	0.655329	0.709746	0.621810	0.562637	0.602649	0.632054	0.605856	0.620915	0.568035	0.652466	0.611607	0.674944	0.606195	0.640625	0.623025	0.637131	0.597345	0.595078	0.613537
wceod-010	0.793722	0.732323	0.770833	0.754717	0.693966	0.693966	0.720183	0.740385	0.773585	0.715640	0.734597	0.672489	0.741294	0.722488	0.766667	0.691244	0.683036	0.763636	0.741071	0.648515
wceod-100	0.885496	0.867647	0.828571	0.854839	0.858156	0.863636	0.809859	0.917355	0.794118	0.852713	0.851852	0.858491	0.869231	0.894366	0.814516	0.847328	0.866667	0.821429	0.852941	0.895161
wceod-110	0.919355	0.924242	0.831169	0.853333	0.891566	0.838235	0.802817	0.928571	0.880597	0.819277	0.924051	0.864865	0.880597	0.884615	0.918919	0.878788	0.935484	0.875000	0.878378	0.904110
wceod-001	0.837398	0.831933	0.864407	0.845588	0.778571	0.857143	0.860656	0.845588	0.742188	0.786765	0.833333	0.809917	0.787611	0.813953	0.771654	0.885246	0.801802	0.801471	0.821429	0.781955
wceod-011	0.975806	0.949275	0.975410	0.936000	0.975410	0.983333	0.917355	0.948905	0.961240	0.968992	0.938596	0.963235	0.917431	0.976190	0.948148	0.962406	0.945455	0.991736	0.972222	0.954887
wceod-101	0.960000	0.960000	0.935484	0.970588	0.960000	0.961538	0.935484	1.000000	0.968750	0.967742	0.972222	0.937500	0.948718	0.933333	0.933333	0.960000	0.961538	0.968750	1.000000	0.933333
wceod-111	0.950000	0.980392	1.000000	1.000000	0.974359	1.000000	0.955556	0.969697	1.000000	0.954545	0.904762	1.000000	0.979592	0.957447	1.000000	1.000000	0.971429	0.974359	0.970588	0.977778
wceod	0.345517	0.325063	0.290254	0.378190	0.412772	0.397351	0.323501	0.394144	0.379085	0.400958	0.319756	0.388393	0.304648	0.369996	0.359375	0.376975	0.334298	0.394390	0.404922	0.364241
