accuracy	0.672055	0.679446	0.683141	0.669746	0.672979	0.677598	0.666051	0.676212	0.663279	0.668360	0.667898	0.667898	0.682217	0.674827	0.678060	0.672055	0.536721	0.676212	0.671132	0.668360
recall	0.661411	0.670769	0.678167	0.657015	0.669948	0.670400	0.653720	0.663400	0.658455	0.657193	0.650830	0.654942	0.676479	0.668675	0.670576	0.665392	0.500000	0.663418	0.655354	0.660553
precision	0.672984	0.679386	0.679971	0.672760	0.667876	0.673466	0.664366	0.677537	0.659107	0.661566	0.671391	0.668217	0.683381	0.669680	0.675177	0.670191	0.268360	0.673514	0.674704	0.664077
f1score	0.661115	0.671094	0.678754	0.655786	0.668452	0.671244	0.653879	0.663171	0.658729	0.658327	0.649029	0.654522	0.676452	0.669092	0.671410	0.665937	0.349264	0.664290	0.653906	0.661373
mcc	0.334194	0.350049	0.358134	0.329398	0.337817	0.343853	0.317908	0.340644	0.317561	0.318729	0.321564	0.322886	0.359794	0.338354	0.345722	0.335549	0.000000	0.336781	0.329490	0.324611
spd0-0	0.597603	0.582759	0.541237	0.615473	0.498836	0.547646	0.605110	0.613234	0.515723	0.568403	0.651163	0.608844	0.570768	0.535006	0.562608	0.554728	1.000000	0.593678	0.635369	0.541595
spd0-1	0.799031	0.757647	0.684964	0.828571	0.724832	0.739953	0.758465	0.798544	0.757212	0.758373	0.791011	0.820449	0.725806	0.709534	0.719907	0.754762	1.000000	0.790588	0.825175	0.791469
spd0	0.201429	0.174888	0.143727	0.213099	0.225996	0.192306	0.153355	0.185309	0.241488	0.189970	0.139848	0.211605	0.155038	0.174529	0.157299	0.200034	0.000000	0.196910	0.189806	0.249874
aod0-0	1.179051	1.155488	1.069953	1.220122	0.963485	1.072066	1.195220	1.209022	1.012008	1.114486	1.287871	1.199262	1.141343	1.047906	1.104845	1.092620	2.000000	1.165199	1.251977	1.063670
aod0-1	1.539210	1.421132	1.257933	1.565392	1.353184	1.399133	1.429560	1.509364	1.446626	1.399128	1.485496	1.578981	1.332650	1.308802	1.356963	1.460666	2.000000	1.503636	1.592310	1.503039
aod0	0.180080	0.132822	0.093990	0.172635	0.194850	0.163534	0.117170	0.150171	0.217309	0.142321	0.098812	0.189860	0.095653	0.130448	0.126059	0.184023	0.000000	0.169219	0.170167	0.219685
eod0-0	0.754081	0.745536	0.711283	0.759956	0.644889	0.704619	0.747788	0.762162	0.664871	0.706070	0.788483	0.755889	0.737875	0.684498	0.717391	0.719126	1.000000	0.745963	0.785637	0.687905
eod0-1	0.887597	0.863309	0.790780	0.930909	0.843750	0.850746	0.858131	0.916031	0.837037	0.857143	0.897260	0.905512	0.856140	0.828283	0.853933	0.837209	1.000000	0.883636	0.904412	0.889706
eod0	0.133516	0.117774	0.079497	0.170953	0.198861	0.146128	0.110344	0.153868	0.172166	0.151073	0.108777	0.149623	0.118265	0.143785	0.136541	0.118084	0.000000	0.137673	0.118775	0.201801
spd1-0	0.573231	0.565095	0.509669	0.609652	0.479181	0.528249	0.588110	0.583685	0.503167	0.535417	0.624476	0.592407	0.548365	0.506993	0.528744	0.534410	1.000000	0.556104	0.621773	0.531557
spd1-1	0.757453	0.716398	0.688982	0.744709	0.671123	0.692924	0.727394	0.772544	0.674731	0.743448	0.787755	0.749025	0.714491	0.696599	0.715608	0.707152	1.000000	0.776738	0.773224	0.703654
spd1	0.184222	0.151303	0.179313	0.135057	0.191942	0.164675	0.139283	0.188859	0.171564	0.208032	0.163280	0.156618	0.166126	0.189606	0.186865	0.172742	0.000000	0.220634	0.151452	0.172097
aod1-0	1.140438	1.125132	1.000633	1.210540	0.934103	1.042278	1.161807	1.161118	0.987729	1.054744	1.234517	1.181002	1.101089	0.995912	1.045869	1.064712	2.000000	1.088412	1.228450	1.048230
aod1-1	1.442275	1.365854	1.320967	1.426335	1.254727	1.317390	1.402131	1.472470	1.286532	1.402229	1.518674	1.423207	1.361009	1.320711	1.364101	1.347713	2.000000	1.498370	1.490255	1.347698
aod1	0.150918	0.120361	0.160167	0.107898	0.160312	0.137556	0.120162	0.155676	0.149401	0.173743	0.142078	0.121103	0.129960	0.162400	0.159116	0.141500	0.000000	0.204979	0.130903	0.149734
eod1-0	0.718407	0.733703	0.683311	0.755862	0.630749	0.694708	0.742547	0.739310	0.642384	0.675889	0.769025	0.738331	0.728276	0.667995	0.689986	0.694868	1.000000	0.707895	0.770972	0.689933
eod1-1	0.888641	0.836645	0.814118	0.870044	0.787815	0.805195	0.826374	0.885281	0.808126	0.847966	0.892377	0.860707	0.833333	0.804348	0.840611	0.825221	1.000000	0.896396	0.884091	0.805740
eod1	0.170235	0.102941	0.130806	0.114182	0.157066	0.110487	0.083826	0.145971	0.165742	0.172076	0.123351	0.122376	0.105057	0.136353	0.150625	0.130353	0.000000	0.188502	0.113119	0.115807
spd2-0	0.586207	0.549254	0.507280	0.589606	0.473036	0.517564	0.568316	0.591934	0.497940	0.532899	0.624267	0.587463	0.558789	0.506817	0.536052	0.506857	1.000000	0.580341	0.620811	0.528177
spd2-1	0.823789	0.848980	0.805804	0.885947	0.814815	0.838074	0.884368	0.847599	0.796137	0.859833	0.886710	0.855102	0.767338	0.799163	0.801268	0.891393	1.000000	0.821888	0.864224	0.798793
spd2	0.237582	0.299726	0.298523	0.296341	0.341778	0.320510	0.316053	0.255666	0.298197	0.326934	0.262443	0.267639	0.208549	0.292346	0.265216	0.384536	0.000000	0.241547	0.243413	0.270615
aod2-0	1.168962	1.097109	1.005574	1.177476	0.925081	1.023811	1.127585	1.178794	0.987263	1.051442	1.242037	1.167997	1.124512	1.000379	1.068355	1.006627	2.000000	1.151227	1.230809	1.048323
aod2-1	1.551733	1.619556	1.514181	1.678677	1.507796	1.562492	1.714818	1.587370	1.501087	1.613512	1.722840	1.628627	1.399741	1.461421	1.482788	1.721004	2.000000	1.520281	1.646460	1.484172
aod2	0.191386	0.261223	0.254304	0.250601	0.291357	0.269340	0.293616	0.204288	0.256912	0.281035	0.240401	0.230315	0.137614	0.230521	0.207216	0.357188	0.000000	0.184527	0.207826	0.217924
eod2-0	0.739884	0.715815	0.674234	0.733967	0.616905	0.667797	0.717391	0.742124	0.643021	0.668172	0.774971	0.732789	0.727705	0.649262	0.692757	0.663944	1.000000	0.727169	0.766175	0.669778
eod2-1	0.903846	0.918919	0.891803	0.964392	0.898773	0.933121	0.931034	0.936364	0.867284	0.932353	0.922840	0.930514	0.874194	0.906627	0.891239	0.965190	1.000000	0.911585	0.945161	0.894428
eod2	0.163962	0.203104	0.217569	0.230425	0.281869	0.265324	0.213643	0.194240	0.224263	0.264181	0.147868	0.197725	0.146488	0.257364	0.198482	0.301246	0.000000	0.184416	0.178986	0.224650
wcspd-000	0.492813	0.466667	0.437126	0.491561	0.366808	0.434783	0.486856	0.504107	0.401241	0.434560	0.543005	0.502079	0.482759	0.420185	0.461700	0.412134	1.000000	0.474129	0.521556	0.436793
wcspd-010	0.667482	0.615591	0.574866	0.654912	0.532995	0.577778	0.636591	0.668435	0.553885	0.639687	0.709924	0.640777	0.664879	0.580381	0.607595	0.567010	1.000000	0.687651	0.701235	0.572581
wcspd-100	0.763636	0.728571	0.624434	0.818627	0.656388	0.665138	0.725664	0.719388	0.721698	0.692308	0.731481	0.815789	0.699074	0.651786	0.621495	0.703196	1.000000	0.711207	0.807175	0.746341
wcspd-110	0.759259	0.703390	0.666667	0.752000	0.726619	0.714286	0.688525	0.820144	0.694215	0.720339	0.787879	0.738739	0.622807	0.704000	0.723077	0.719298	1.000000	0.822430	0.786885	0.762712
wcspd-001	0.693467	0.827586	0.700535	0.871560	0.728972	0.765000	0.857868	0.766055	0.684729	0.773148	0.829268	0.752525	0.650794	0.714286	0.676329	0.859155	1.000000	0.691176	0.817352	0.687500
wcspd-011	0.917647	0.852632	0.879781	0.868132	0.878049	0.859649	0.891429	0.896739	0.855556	0.917647	0.936306	0.927083	0.824675	0.866667	0.870787	0.909574	1.000000	0.903409	0.894410	0.857895
wcspd-101	0.941176	0.818182	0.815789	0.923077	0.900000	0.937500	0.897436	0.911765	0.897436	0.921053	0.931818	0.869565	0.854167	0.794872	0.914286	0.833333	1.000000	0.970588	0.900000	0.925000
wcspd-111	0.941176	0.921875	0.950000	0.980769	0.921569	0.981481	0.946429	1.000000	0.977273	0.981481	0.924528	0.962963	0.928571	0.873016	0.981132	1.000000	1.000000	0.961538	0.954545	0.915254
wcspd	0.448363	0.455208	0.512874	0.489208	0.554761	0.546699	0.459573	0.495893	0.576032	0.546921	0.393301	0.460884	0.445813	0.452830	0.519432	0.587866	0.000000	0.496459	0.432989	0.488207
wcaod-000	1.007784	0.965400	0.894579	1.005174	0.744106	0.887908	0.994890	1.030937	0.816526	0.882162	1.107399	1.024528	1.008351	0.859243	0.941328	0.848116	2.000000	0.961268	1.062054	0.890007
wcaod-010	1.304499	1.214385	1.141827	1.289750	1.022510	1.112991	1.249531	1.305843	1.087226	1.253555	1.398547	1.250531	1.311842	1.128793	1.198198	1.096882	2.000000	1.356406	1.376036	1.127140
wcaod-100	1.491380	1.377583	1.167813	1.577419	1.229095	1.252467	1.378605	1.347769	1.397833	1.312531	1.387654	1.615454	1.334705	1.203367	1.182258	1.373265	2.000000	1.361180	1.580291	1.426523
wcaod-110	1.462833	1.363636	1.254606	1.440000	1.385327	1.406863	1.337752	1.583117	1.357933	1.304991	1.508956	1.351351	1.180375	1.348063	1.400579	1.395833	2.000000	1.603924	1.509572	1.463014
wcaod-001	1.318036	1.628852	1.326824	1.682747	1.381853	1.448520	1.688306	1.450681	1.312292	1.480147	1.618514	1.453365	1.247904	1.321995	1.287402	1.687083	2.000000	1.272059	1.576401	1.272882
wcaod-011	1.736676	1.569398	1.688525	1.636211	1.570648	1.597059	1.730181	1.679609	1.620611	1.725090	1.854345	1.781513	1.517431	1.597884	1.576055	1.733561	2.000000	1.690909	1.688854	1.606516
wcaod-101	1.848889	1.335000	1.331797	1.570588	1.720000	1.666667	1.500000	1.700000	1.651786	1.682028	1.625000	1.611607	1.393162	1.266667	1.733333	1.505455	2.000000	1.968750	1.666667	1.766667
wcaod-111	1.859091	1.844646	1.803922	1.900000	1.782051	1.916667	1.864646	2.000000	1.888889	1.900000	1.837662	1.833333	1.551020	1.623670	1.928571	2.000000	2.000000	1.897436	1.870588	1.790476
wcaod	0.425653	0.439623	0.454671	0.447413	0.518973	0.514379	0.434878	0.484532	0.536181	0.508919	0.373473	0.404403	0.271335	0.382214	0.493622	0.575942	0.000000	0.503741	0.404267	0.450234
wceod-000	0.645880	0.650794	0.622881	0.624130	0.509890	0.591611	0.652370	0.644144	0.546841	0.563715	0.695067	0.660714	0.672686	0.566372	0.620536	0.586907	1.000000	0.623894	0.689038	0.585153
wceod-010	0.820628	0.737374	0.718750	0.792453	0.633621	0.702586	0.752294	0.802885	0.707547	0.753555	0.843602	0.764192	0.771144	0.679426	0.733333	0.705069	1.000000	0.822727	0.812500	0.668317
wceod-100	0.839695	0.823529	0.735714	0.927419	0.787234	0.810606	0.830986	0.867769	0.779412	0.806202	0.844444	0.877358	0.823077	0.788732	0.782258	0.770992	1.000000	0.828571	0.867647	0.870968
wceod-110	0.919355	0.863636	0.766234	0.880000	0.867470	0.779412	0.788732	0.928571	0.820896	0.819277	0.924051	0.864865	0.776119	0.794872	0.864865	0.833333	1.000000	0.906250	0.905405	0.863014
wceod-001	0.804878	0.890756	0.805085	0.963235	0.814286	0.880952	0.901639	0.889706	0.765625	0.867647	0.878788	0.842975	0.761062	0.829457	0.787402	0.950820	1.000000	0.801471	0.892857	0.819549
wceod-011	0.975806	0.934783	0.950820	0.952000	0.975410	0.950000	0.933884	0.956204	0.914729	0.968992	0.947368	0.977941	0.917431	0.968254	0.948148	0.969925	1.000000	1.000000	0.990741	0.939850
wceod-101	0.960000	0.960000	0.903226	0.970588	0.920000	1.000000	1.000000	1.000000	0.937500	0.967742	1.000000	0.968750	0.948718	0.933333	0.933333	0.960000	1.000000	0.968750	1.000000	0.966667
wceod-111	0.950000	0.921569	0.970588	1.000000	0.948718	1.000000	0.955556	1.000000	1.000000	1.000000	0.928571	1.000000	0.979592	0.936170	1.000000	1.000000	1.000000	0.974359	0.970588	0.933333
wceod	0.329927	0.309206	0.347707	0.375870	0.465520	0.408389	0.347630	0.355856	0.453159	0.436285	0.304933	0.339286	0.306906	0.401882	0.379464	0.413093	0.000000	0.376106	0.310962	0.381514
