accuracy	0.669746	0.667898	0.678984	0.671132	0.677136	0.668360	0.662818	0.672979	0.665589	0.661894	0.678060	0.668822	0.667898	0.672979	0.676212	0.683141	0.665127	0.678060	0.672979	0.656351
recall	0.654573	0.652964	0.662607	0.656544	0.660665	0.651197	0.646403	0.657030	0.650671	0.643505	0.662947	0.655148	0.657378	0.654934	0.661959	0.669944	0.653727	0.662769	0.658250	0.639632
precision	0.678433	0.677379	0.687269	0.677722	0.670439	0.670513	0.665301	0.678840	0.664994	0.656566	0.680185	0.670112	0.678977	0.672208	0.679603	0.691423	0.671971	0.677685	0.675242	0.656471
f1score	0.651139	0.649029	0.660280	0.654056	0.662286	0.649911	0.644535	0.654941	0.650278	0.644030	0.662561	0.654418	0.652903	0.654941	0.661043	0.667955	0.650700	0.663115	0.657448	0.638036
mcc	0.332151	0.329440	0.349005	0.333594	0.330960	0.321130	0.311130	0.335162	0.315340	0.299787	0.342699	0.324916	0.335661	0.326686	0.341107	0.360729	0.325187	0.340127	0.333059	0.295624
spd0-0	0.655251	0.658046	0.664948	0.649284	0.602445	0.641791	0.653310	0.645750	0.623213	0.622782	0.626163	0.619615	0.640670	0.631855	0.628967	0.639542	0.628604	0.623563	0.629032	0.632817
spd0-1	0.823245	0.818824	0.778043	0.795238	0.776286	0.815603	0.762980	0.827670	0.793269	0.803828	0.802247	0.812968	0.817972	0.807095	0.800926	0.807143	0.835859	0.781176	0.799534	0.831754
spd0	0.167993	0.160778	0.113095	0.145954	0.173842	0.173812	0.109670	0.181920	0.170056	0.181046	0.176084	0.193353	0.177302	0.175240	0.171959	0.167601	0.207255	0.157613	0.170502	0.198937
aod0-0	1.294907	1.307057	1.318258	1.287542	1.172016	1.261889	1.292035	1.274570	1.227234	1.224291	1.236055	1.220678	1.281160	1.243335	1.237141	1.261755	1.244990	1.225245	1.239056	1.248487
aod0-1	1.590848	1.556330	1.460035	1.498182	1.464033	1.578382	1.445580	1.575115	1.530492	1.523419	1.521287	1.564304	1.556270	1.516354	1.548247	1.562016	1.621157	1.476970	1.535711	1.595441
aod0	0.147971	0.124637	0.070888	0.105320	0.146009	0.158247	0.076772	0.150272	0.151629	0.149564	0.142616	0.171813	0.137555	0.136510	0.155553	0.150130	0.188084	0.125862	0.148327	0.173477
eod0-0	0.806311	0.804688	0.823009	0.796460	0.742887	0.788400	0.792035	0.790270	0.770474	0.753994	0.780731	0.767666	0.796767	0.769651	0.786957	0.808743	0.779108	0.773950	0.781284	0.761339
eod0-1	0.906977	0.910072	0.868794	0.898182	0.885417	0.888060	0.854671	0.935115	0.859259	0.874564	0.893836	0.897638	0.905263	0.912458	0.887640	0.895349	0.921811	0.883636	0.886029	0.915441
eod0	0.100666	0.105384	0.045785	0.101722	0.142529	0.099660	0.062636	0.144844	0.088785	0.120571	0.113105	0.129972	0.108496	0.142807	0.100684	0.086606	0.142703	0.109686	0.104745	0.154102
spd1-0	0.642607	0.642505	0.640193	0.636622	0.577276	0.637006	0.643312	0.630802	0.600281	0.601389	0.616783	0.612464	0.637602	0.615385	0.607523	0.631320	0.626389	0.589273	0.616888	0.623422
spd1-1	0.773713	0.779570	0.781032	0.753968	0.754011	0.748999	0.736702	0.775236	0.762097	0.769655	0.751020	0.733420	0.757532	0.771429	0.767196	0.750337	0.746207	0.778075	0.752732	0.764547
spd1	0.131106	0.137065	0.140839	0.117347	0.176735	0.111993	0.093390	0.144434	0.161815	0.168266	0.134237	0.120956	0.119930	0.156044	0.159673	0.119017	0.119818	0.188802	0.135845	0.141125
aod1-0	1.279106	1.280485	1.262579	1.264277	1.130639	1.261433	1.272936	1.255360	1.182901	1.187454	1.217298	1.221049	1.279172	1.213682	1.204260	1.258314	1.247722	1.154174	1.218590	1.233529
aod1-1	1.482564	1.499101	1.514843	1.447297	1.432248	1.434695	1.421023	1.483770	1.464141	1.467200	1.444738	1.391293	1.455598	1.479763	1.466839	1.432235	1.447670	1.503734	1.445797	1.480549
aod1	0.101729	0.109308	0.126132	0.091510	0.150805	0.086631	0.074044	0.114205	0.140620	0.139873	0.113720	0.085122	0.088213	0.133040	0.131289	0.086960	0.099974	0.174780	0.113603	0.123510
eod1-0	0.789835	0.793343	0.805519	0.786207	0.726675	0.784261	0.789973	0.786207	0.732450	0.735178	0.779706	0.760962	0.801379	0.767596	0.757202	0.800277	0.789330	0.744737	0.766977	0.765101
eod1-1	0.890869	0.887417	0.884706	0.874449	0.855042	0.852814	0.835165	0.878788	0.889391	0.858672	0.856502	0.846154	0.861502	0.865217	0.893013	0.871681	0.842227	0.891892	0.870455	0.847682
eod1	0.101033	0.094075	0.079187	0.088242	0.128367	0.068553	0.045192	0.092581	0.156940	0.123495	0.076796	0.085192	0.060123	0.097621	0.135811	0.071404	0.052898	0.147155	0.103477	0.082581
spd2-0	0.653419	0.648955	0.642982	0.639785	0.593787	0.628806	0.628386	0.640569	0.615656	0.610551	0.620164	0.608358	0.647846	0.626556	0.625296	0.621348	0.630184	0.611536	0.623751	0.629496
spd2-1	0.814978	0.828571	0.854911	0.806517	0.803922	0.851204	0.847966	0.820459	0.802575	0.824268	0.819172	0.816327	0.785235	0.815900	0.799154	0.846311	0.813520	0.811159	0.806034	0.812877
spd2	0.161559	0.179616	0.211929	0.166732	0.210135	0.222398	0.219579	0.179890	0.186919	0.213717	0.199008	0.207968	0.137389	0.189344	0.173859	0.224964	0.183335	0.199623	0.182284	0.183381
aod2-0	1.303572	1.296681	1.277500	1.277824	1.166582	1.247098	1.248039	1.276251	1.223095	1.207682	1.233555	1.209894	1.301997	1.240120	1.246937	1.235245	1.256117	1.213494	1.236569	1.251612
aod2-1	1.515890	1.559228	1.623455	1.492427	1.492458	1.608258	1.632551	1.522209	1.494523	1.537681	1.536420	1.532007	1.445915	1.516216	1.475746	1.614292	1.553481	1.496642	1.513615	1.535999
aod2	0.106159	0.131274	0.172978	0.107302	0.162938	0.180580	0.192256	0.122979	0.135714	0.165000	0.151432	0.161057	0.071959	0.138048	0.114404	0.189524	0.148682	0.141574	0.138523	0.142194
eod2-0	0.798844	0.795482	0.800227	0.785036	0.737651	0.768362	0.772311	0.785298	0.754005	0.737020	0.777268	0.751459	0.801427	0.766175	0.778037	0.786464	0.781818	0.760274	0.770715	0.759627
eod2-1	0.910256	0.915916	0.931148	0.908012	0.883436	0.929936	0.902821	0.918182	0.888889	0.900000	0.891975	0.909366	0.883871	0.906627	0.891239	0.939873	0.893617	0.902439	0.903226	0.888563
eod2	0.111412	0.120434	0.130921	0.122976	0.145785	0.161575	0.130510	0.132884	0.134884	0.162980	0.114708	0.157907	0.082444	0.140452	0.113201	0.153409	0.111799	0.142165	0.132511	0.128936
wcspd-000	0.585216	0.581538	0.582834	0.577004	0.501057	0.565217	0.579390	0.569815	0.535677	0.528630	0.548187	0.545738	0.584236	0.546859	0.554040	0.557531	0.570866	0.522703	0.539432	0.556012
wcspd-010	0.689487	0.701613	0.705882	0.690176	0.675127	0.651852	0.656642	0.676393	0.689223	0.684073	0.656489	0.616505	0.697051	0.683924	0.678481	0.646907	0.644608	0.709443	0.691358	0.663978
wcspd-100	0.822727	0.795238	0.760181	0.779412	0.735683	0.793578	0.743363	0.790816	0.773585	0.778846	0.777778	0.810526	0.810185	0.785714	0.733645	0.789954	0.789216	0.724138	0.784753	0.800000
wcspd-110	0.787037	0.779661	0.733333	0.728000	0.762590	0.764706	0.704918	0.827338	0.735537	0.754237	0.780303	0.774775	0.745614	0.792000	0.807692	0.745614	0.833333	0.775701	0.762295	0.830508
wcspd-001	0.698492	0.748768	0.770053	0.715596	0.696262	0.770000	0.796954	0.724771	0.669951	0.703704	0.707317	0.712121	0.671958	0.724490	0.671498	0.765258	0.691892	0.686275	0.739726	0.711538
wcspd-011	0.923529	0.868421	0.923497	0.857143	0.890244	0.900585	0.885714	0.891304	0.894444	0.923529	0.923567	0.901042	0.837662	0.883333	0.870787	0.898936	0.881250	0.892045	0.850932	0.878947
wcspd-101	0.794118	0.818182	0.815789	0.897436	0.933333	0.906250	0.846154	0.852941	0.897436	0.921053	0.909091	0.760870	0.854167	0.794872	0.914286	0.833333	0.942857	0.941176	0.850000	0.900000
wcspd-111	0.921569	0.968750	0.975000	0.942308	0.901961	0.962963	0.910714	0.976744	0.954545	0.925926	0.867925	0.944444	0.964286	0.920635	0.981132	1.000000	0.959184	0.942308	0.931818	0.898305
wcspd	0.338314	0.387212	0.392166	0.365303	0.432276	0.397746	0.331324	0.406929	0.418868	0.397296	0.375380	0.398706	0.380049	0.373776	0.427092	0.442469	0.388318	0.419604	0.392386	0.343988
wcaod-000	1.192432	1.192120	1.186049	1.178443	1.013558	1.149013	1.180538	1.163386	1.085671	1.070616	1.120817	1.112545	1.210311	1.113659	1.126671	1.140941	1.164339	1.059002	1.097808	1.128058
wcaod-010	1.351102	1.388541	1.405048	1.359918	1.310451	1.261411	1.290917	1.324704	1.358339	1.343795	1.292224	1.201374	1.377415	1.341500	1.336680	1.254615	1.267275	1.401130	1.353936	1.313162
wcaod-100	1.608629	1.529809	1.460141	1.504032	1.393040	1.545631	1.435949	1.504022	1.530960	1.501128	1.501235	1.606020	1.586225	1.486774	1.433692	1.544414	1.534524	1.382609	1.531102	1.536639
wcaod-110	1.528050	1.520396	1.379040	1.393333	1.462995	1.504902	1.354874	1.601299	1.436153	1.419277	1.490088	1.459459	1.433789	1.514457	1.579633	1.441288	1.631136	1.502907	1.461712	1.615221
wcaod-001	1.306055	1.459384	1.461066	1.340746	1.319112	1.467610	1.548852	1.360294	1.255729	1.333824	1.306663	1.368359	1.287611	1.366192	1.274902	1.486849	1.328829	1.257353	1.410850	1.351178
wcaod-011	1.758415	1.603122	1.803279	1.629754	1.618267	1.711765	1.732170	1.672309	1.710442	1.749480	1.836801	1.713235	1.561876	1.642857	1.576055	1.707861	1.685455	1.674380	1.585604	1.656642
wcaod-101	1.435556	1.335000	1.331797	1.370588	1.760000	1.628205	1.435484	1.500000	1.651786	1.682028	1.597222	1.294643	1.393162	1.266667	1.733333	1.505455	1.850427	1.468750	1.500000	1.733333
wcaod-111	1.834091	1.903469	1.833333	1.776190	1.756410	1.892857	1.751515	1.969697	1.777778	1.831818	1.699134	1.750000	1.836735	1.769947	1.928571	2.000000	1.900000	1.871795	1.841176	1.768254
wcaod	0.320830	0.355675	0.323642	0.298874	0.373221	0.371922	0.285489	0.403155	0.346054	0.380601	0.357992	0.318727	0.313212	0.328144	0.400950	0.429530	0.367831	0.406397	0.371684	0.320098
wceod-000	0.737194	0.748299	0.769068	0.723898	0.657143	0.724062	0.749436	0.716216	0.684096	0.660907	0.721973	0.709821	0.769752	0.701327	0.718750	0.747178	0.751055	0.679204	0.706935	0.700873
wceod-010	0.829596	0.808081	0.828125	0.830189	0.767241	0.775862	0.766055	0.798077	0.839623	0.791469	0.786730	0.742358	0.796020	0.765550	0.828571	0.792627	0.745536	0.836364	0.812500	0.742574
wceod-100	0.900763	0.867647	0.842857	0.879032	0.858156	0.871212	0.816901	0.917355	0.794118	0.868217	0.859259	0.867925	0.876923	0.901408	0.822581	0.862595	0.891667	0.850000	0.852941	0.919355
wceod-110	0.919355	0.924242	0.844156	0.853333	0.891566	0.838235	0.845070	0.928571	0.880597	0.819277	0.924051	0.864865	0.880597	0.897436	0.918919	0.878788	0.935484	0.875000	0.878378	0.904110
wceod-001	0.845528	0.840336	0.881356	0.852941	0.778571	0.873016	0.868852	0.860294	0.789062	0.808824	0.840909	0.809917	0.787611	0.813953	0.787402	0.893443	0.801802	0.801471	0.828571	0.804511
wceod-011	0.975806	0.949275	0.967213	0.928000	0.975410	0.966667	0.917355	0.948905	0.945736	0.968992	0.929825	0.963235	0.917431	0.976190	0.948148	0.962406	0.945455	0.983471	0.962963	0.954887
wceod-101	0.880000	0.960000	0.903226	0.970588	0.960000	0.961538	0.935484	1.000000	0.937500	0.967742	0.972222	0.937500	0.948718	0.933333	0.933333	0.960000	0.961538	0.968750	1.000000	0.933333
wceod-111	0.925000	0.980392	1.000000	0.976190	0.923077	0.976190	0.933333	0.969697	1.000000	0.931818	0.880952	1.000000	0.979592	0.957447	1.000000	1.000000	0.971429	0.948718	0.941176	0.911111
wceod	0.238613	0.232093	0.230932	0.252293	0.318267	0.252129	0.186048	0.283784	0.315904	0.308085	0.250249	0.290179	0.209840	0.274863	0.281250	0.252822	0.225893	0.304268	0.293065	0.254014
