accuracy	0.671594	0.656813	0.684988	0.642032	0.666975	0.676212	0.651270	0.660508	0.664203	0.662356	0.681755	0.662356	0.660508	0.669284	0.663741	0.649885	0.673441	0.665127	0.670670	0.654503
recall	0.658954	0.638417	0.676734	0.616959	0.665635	0.658186	0.629922	0.639716	0.650117	0.652390	0.666974	0.647347	0.648315	0.666780	0.643475	0.628443	0.667884	0.652191	0.661669	0.644343
precision	0.675405	0.674041	0.682916	0.675889	0.662972	0.681007	0.660279	0.675102	0.662667	0.655365	0.683904	0.664611	0.676561	0.665462	0.677744	0.678534	0.672315	0.661593	0.667577	0.650045
f1score	0.657579	0.629482	0.677634	0.596397	0.663306	0.656712	0.623089	0.632264	0.650009	0.653295	0.666846	0.645656	0.640892	0.665865	0.636864	0.612925	0.668282	0.652796	0.662442	0.644957
mcc	0.333954	0.310421	0.359596	0.286858	0.328596	0.338424	0.288608	0.312823	0.312533	0.307741	0.350469	0.311480	0.323645	0.332239	0.319386	0.302863	0.340171	0.313644	0.329193	0.294333
spd0-0	0.611872	0.684483	0.565865	0.754155	0.490687	0.644087	0.690476	0.686823	0.618639	0.555810	0.620349	0.625850	0.659734	0.485414	0.672822	0.737536	0.533635	0.582184	0.559908	0.553069
spd0-1	0.857143	0.912941	0.758950	0.947619	0.695749	0.851064	0.846501	0.907767	0.771635	0.760766	0.811236	0.855362	0.870968	0.751663	0.928241	0.890476	0.830808	0.837647	0.792541	0.848341
spd0	0.245271	0.228458	0.193085	0.193464	0.205063	0.206977	0.156025	0.220944	0.152995	0.204956	0.190887	0.229511	0.211233	0.266249	0.255419	0.152940	0.297173	0.255463	0.232633	0.295272
aod0-0	1.207490	1.360322	1.119474	1.499754	0.949226	1.265550	1.367484	1.357854	1.218613	1.089848	1.224165	1.233663	1.319297	0.949784	1.326473	1.461624	1.054233	1.143670	1.100736	1.088294
aod0-1	1.668292	1.786767	1.409147	1.851536	1.282691	1.647954	1.643374	1.766616	1.475140	1.415060	1.534985	1.665622	1.678606	1.391534	1.828328	1.750502	1.603244	1.612727	1.519296	1.639118
aod0	0.230401	0.213222	0.144837	0.175891	0.166733	0.191202	0.137945	0.204381	0.128263	0.162606	0.155410	0.215980	0.179655	0.220875	0.250927	0.144439	0.274505	0.234528	0.209280	0.275412
eod0-0	0.769314	0.824777	0.732301	0.868363	0.628030	0.796992	0.818584	0.821622	0.761853	0.690096	0.777409	0.769807	0.808314	0.627729	0.818478	0.868852	0.694233	0.724435	0.712731	0.686825
eod0-1	0.926357	0.956835	0.861702	0.996364	0.829861	0.925373	0.903114	0.973282	0.851852	0.850174	0.907534	0.917323	0.940351	0.872054	0.973783	0.941860	0.930041	0.912727	0.882353	0.919118
eod0	0.157042	0.132058	0.129401	0.128001	0.201832	0.128381	0.084530	0.151661	0.089998	0.160078	0.130126	0.147516	0.132037	0.244325	0.155305	0.073008	0.235808	0.188292	0.169622	0.232293
spd1-0	0.586545	0.615060	0.547652	0.737402	0.455187	0.632062	0.666667	0.687060	0.575651	0.529167	0.597203	0.616046	0.649864	0.469231	0.675656	0.704354	0.552778	0.543402	0.561061	0.566620
spd1-1	0.798103	0.947581	0.715481	0.892857	0.680481	0.783712	0.827128	0.808883	0.786290	0.726897	0.780952	0.763329	0.812052	0.680272	0.813492	0.887989	0.657931	0.800802	0.693989	0.695535
spd1	0.211558	0.332521	0.167829	0.155455	0.225294	0.151649	0.160461	0.121822	0.210639	0.197730	0.183750	0.147283	0.162188	0.211041	0.137836	0.183635	0.105153	0.257401	0.132928	0.128915
aod1-0	1.166594	1.225312	1.075596	1.467497	0.887321	1.251008	1.320687	1.368531	1.133180	1.042283	1.177649	1.228306	1.303565	0.920323	1.341483	1.405186	1.100211	1.064315	1.106812	1.119506
aod1-1	1.538683	1.874582	1.382820	1.751743	1.274160	1.502851	1.616073	1.558796	1.517552	1.376533	1.506245	1.461401	1.575680	1.293162	1.570221	1.739007	1.261337	1.553432	1.325031	1.339609
aod1	0.186044	0.324635	0.153612	0.142123	0.193419	0.125922	0.147693	0.095132	0.192186	0.167125	0.164298	0.116548	0.136058	0.186420	0.114369	0.166910	0.080563	0.244558	0.109110	0.110051
eod1-0	0.743132	0.775312	0.730618	0.859310	0.599212	0.785617	0.802168	0.826207	0.711258	0.669302	0.765020	0.760962	0.808276	0.630810	0.812071	0.841886	0.725034	0.686842	0.712383	0.712752
eod1-1	0.902004	0.984547	0.821176	0.960352	0.796218	0.889610	0.898901	0.900433	0.902935	0.822270	0.883408	0.860707	0.896714	0.780435	0.919214	0.953540	0.774942	0.905405	0.818182	0.783664
eod1	0.158873	0.209235	0.090559	0.101042	0.197007	0.103993	0.096733	0.074226	0.191676	0.152968	0.118388	0.099745	0.088438	0.149625	0.107143	0.111654	0.049908	0.218563	0.105798	0.070913
spd2-0	0.595558	0.679403	0.531159	0.734170	0.453693	0.627049	0.661955	0.674970	0.589170	0.531713	0.596717	0.601194	0.663562	0.466509	0.674350	0.711389	0.523041	0.586816	0.530864	0.538369
spd2-1	0.896476	0.900000	0.879464	0.987780	0.827887	0.899344	0.942184	0.918580	0.862661	0.820084	0.893246	0.897959	0.850112	0.803347	0.900634	0.959016	0.850816	0.798283	0.881466	0.853119
spd2	0.300918	0.220597	0.348305	0.253610	0.374194	0.272294	0.280229	0.243610	0.273491	0.288371	0.296529	0.296765	0.186550	0.336839	0.226284	0.247627	0.327774	0.211467	0.350601	0.314749
aod2-0	1.187667	1.357672	1.053395	1.466857	0.887095	1.243027	1.316103	1.345426	1.169977	1.049185	1.186591	1.195558	1.333125	0.919708	1.345325	1.416706	1.041440	1.164814	1.050556	1.069484
aod2-1	1.722734	1.731662	1.674378	1.961039	1.544006	1.712596	1.850165	1.767704	1.648192	1.540409	1.701852	1.741093	1.604639	1.490469	1.733352	1.891669	1.642785	1.478349	1.691873	1.622472
aod2	0.267533	0.186995	0.310492	0.247091	0.328455	0.234785	0.267031	0.211139	0.239107	0.245612	0.257630	0.272768	0.135757	0.285380	0.194013	0.237482	0.300672	0.156768	0.320658	0.276494
eod2-0	0.749133	0.814507	0.696935	0.857482	0.592755	0.774011	0.790618	0.808635	0.729977	0.665914	0.755454	0.744457	0.809750	0.609535	0.815421	0.845974	0.688636	0.723744	0.681044	0.666278
eod2-1	0.955128	0.960961	0.954098	1.000000	0.904908	0.971338	0.971787	0.975758	0.922840	0.888235	0.953704	0.948640	0.925806	0.894578	0.951662	0.990506	0.914894	0.884146	0.951613	0.923754
eod2	0.205995	0.146454	0.257163	0.142518	0.312153	0.197326	0.181169	0.167123	0.192862	0.222321	0.198250	0.204183	0.116056	0.285044	0.136241	0.144532	0.226257	0.160402	0.270569	0.257476
wcspd-000	0.473306	0.515897	0.452096	0.626582	0.330867	0.535197	0.576236	0.593429	0.493278	0.433538	0.498446	0.516632	0.572414	0.357364	0.579224	0.611925	0.454724	0.449842	0.431125	0.450154
wcspd-010	0.694377	0.919355	0.572193	0.826196	0.563452	0.686420	0.734336	0.694960	0.709273	0.629243	0.679389	0.638350	0.745308	0.525886	0.698734	0.822165	0.482843	0.719128	0.577778	0.529570
wcspd-100	0.827273	0.847619	0.710407	0.936275	0.656388	0.825688	0.800885	0.892857	0.707547	0.735577	0.773148	0.847368	0.861111	0.705357	0.911215	0.849315	0.808824	0.780172	0.771300	0.839024
wcspd-110	0.851852	0.974576	0.733333	0.928000	0.647482	0.806723	0.836066	0.884892	0.752066	0.669492	0.780303	0.774775	0.833333	0.712000	0.907692	0.903509	0.777778	0.869159	0.713115	0.771186
wcspd-001	0.814070	0.798030	0.796791	0.986239	0.728972	0.835000	0.893401	0.876147	0.758621	0.689815	0.804878	0.803030	0.761905	0.678571	0.821256	0.929577	0.735135	0.642157	0.840183	0.759615
wcspd-011	0.970588	0.968421	0.939891	0.983516	0.926829	0.935673	0.982857	0.940217	0.933333	0.923529	0.980892	0.963542	0.902597	0.883333	0.943820	0.984043	0.931250	0.903409	0.894410	0.900000
wcspd-101	0.941176	0.939394	0.894737	1.000000	0.900000	0.968750	0.948718	0.970588	0.948718	0.947368	0.931818	0.934783	0.895833	0.846154	1.000000	0.944444	0.942857	0.941176	0.950000	1.000000
wcspd-111	0.941176	1.000000	0.975000	1.000000	0.882353	0.981481	0.982143	1.000000	0.977273	0.925926	0.943396	0.981481	0.964286	0.936508	1.000000	1.000000	0.959184	0.961538	0.977273	0.932203
wcspd	0.497282	0.484103	0.522904	0.373418	0.595962	0.446285	0.406622	0.406571	0.483995	0.513831	0.482446	0.464849	0.391872	0.579144	0.420776	0.388075	0.504459	0.511697	0.546148	0.549846
wcaod-000	0.970949	1.062002	0.925432	1.276300	0.670831	1.089643	1.172900	1.210437	1.000549	0.880656	1.021709	1.054631	1.184750	0.733426	1.176211	1.246001	0.932598	0.911920	0.880793	0.916217
wcaod-010	1.363639	1.832463	1.138622	1.639419	1.085409	1.330576	1.450935	1.365015	1.399228	1.235672	1.340165	1.248359	1.475356	1.028466	1.377992	1.617565	0.938665	1.421220	1.127368	1.045137
wcaod-100	1.623467	1.641494	1.339947	1.841935	1.229095	1.610817	1.566398	1.740275	1.364164	1.401923	1.488889	1.681941	1.698390	1.308485	1.801075	1.666031	1.571429	1.509006	1.500761	1.631123
wcaod-110	1.663394	1.942308	1.389308	1.820000	1.206325	1.583333	1.640983	1.727922	1.473190	1.199656	1.490088	1.445946	1.621150	1.343972	1.798745	1.793561	1.506311	1.712573	1.351351	1.493760
wcaod-001	1.568464	1.557423	1.521493	1.963415	1.381853	1.604247	1.761093	1.699785	1.457083	1.316912	1.525529	1.564345	1.476828	1.274905	1.606890	1.843542	1.423423	1.183824	1.634177	1.443810
wcaod-011	1.891304	1.884615	1.827869	1.947368	1.714286	1.784314	1.944444	1.793912	1.812130	1.749480	1.944716	1.885504	1.744954	1.632275	1.783290	1.945455	1.812727	1.700826	1.688854	1.716792
wcaod-101	1.848889	1.750000	1.539171	2.000000	1.560000	1.833333	1.750000	1.900000	1.825893	1.824885	1.625000	1.825893	1.444444	1.411111	2.000000	1.818182	1.850427	1.468750	1.833333	2.000000
wcaod-111	1.859091	2.000000	1.833333	2.000000	1.730769	1.916667	1.977778	2.000000	1.888889	1.831818	1.861472	1.916667	1.836735	1.832447	2.000000	2.000000	1.900000	1.897436	1.900000	1.812698
wcaod	0.460178	0.468999	0.453951	0.361850	0.529969	0.413512	0.402439	0.394782	0.444170	0.475581	0.461504	0.431018	0.325992	0.549510	0.411894	0.376999	0.483701	0.492758	0.509604	0.541892
wceod-000	0.641425	0.689342	0.646186	0.765661	0.454945	0.699779	0.735892	0.738739	0.638344	0.568035	0.674888	0.683036	0.749436	0.502212	0.736607	0.774266	0.639241	0.590708	0.595078	0.593886
wceod-010	0.820628	0.964646	0.677083	0.915094	0.659483	0.810345	0.821101	0.802885	0.853774	0.729858	0.796209	0.751092	0.835821	0.598086	0.842857	0.921659	0.607143	0.840909	0.696429	0.603960
wceod-100	0.893130	0.911765	0.821429	0.991935	0.787234	0.901515	0.852113	0.966942	0.772059	0.844961	0.859259	0.896226	0.907692	0.845070	0.967742	0.916031	0.916667	0.878571	0.845588	0.927419
wceod-110	0.967742	1.000000	0.831169	1.000000	0.831325	0.897059	0.915493	0.964286	0.880597	0.771084	0.924051	0.878378	0.940299	0.833333	0.959459	0.939394	0.919355	0.921875	0.851351	0.849315
wceod-001	0.910569	0.890756	0.898305	1.000000	0.814286	0.928571	0.934426	0.955882	0.843750	0.779412	0.909091	0.876033	0.858407	0.767442	0.881890	0.975410	0.828829	0.742647	0.900000	0.857143
wceod-011	1.000000	1.000000	0.991803	1.000000	1.000000	1.000000	1.000000	0.985401	0.968992	0.968992	0.991228	0.992647	0.944954	0.984127	0.992593	1.000000	0.972727	0.991736	0.990741	0.962406
wceod-101	0.960000	1.000000	0.967742	1.000000	0.960000	1.000000	1.000000	1.000000	0.968750	0.967742	1.000000	0.968750	1.000000	0.966667	1.000000	1.000000	0.961538	0.968750	1.000000	1.000000
wceod-111	0.950000	1.000000	1.000000	1.000000	0.897436	1.000000	0.977778	1.000000	1.000000	0.931818	0.952381	1.000000	0.979592	0.957447	1.000000	1.000000	0.971429	0.974359	1.000000	0.955556
wceod	0.358575	0.310658	0.353814	0.234339	0.545055	0.300221	0.264108	0.261261	0.361656	0.400958	0.325112	0.316964	0.250564	0.481915	0.263393	0.225734	0.365584	0.401028	0.404922	0.406114
