accuracy	0.651270	0.661894	0.673903	0.658199	0.666051	0.667898	0.659122	0.665589	0.656351	0.663741	0.672055	0.654042	0.654965	0.666513	0.661894	0.666051	0.651270	0.670670	0.664665	0.658661
recall	0.630430	0.642158	0.654136	0.638360	0.639389	0.642733	0.637904	0.643810	0.634348	0.637658	0.650617	0.632136	0.640578	0.640801	0.641250	0.646240	0.634202	0.649404	0.643678	0.635139
precision	0.672634	0.685977	0.690009	0.676125	0.664696	0.687703	0.669953	0.684887	0.664905	0.665921	0.685549	0.669075	0.680263	0.676100	0.676460	0.693208	0.674428	0.677766	0.677865	0.671428
f1score	0.618333	0.631369	0.648408	0.629247	0.638067	0.634326	0.631676	0.635398	0.628478	0.634848	0.645457	0.623135	0.628288	0.635769	0.634069	0.635157	0.621837	0.646326	0.637467	0.627736
mcc	0.300111	0.325197	0.342270	0.312209	0.303030	0.327362	0.306184	0.326120	0.297689	0.302260	0.334346	0.298937	0.318377	0.314928	0.315752	0.336183	0.305997	0.325938	0.319721	0.304411
spd0-0	0.730594	0.724138	0.703895	0.713467	0.688009	0.730195	0.708479	0.717627	0.702687	0.690326	0.699419	0.717687	0.711150	0.706534	0.706867	0.729513	0.718485	0.686782	0.702765	0.709122
spd0-1	0.832930	0.832941	0.794749	0.823810	0.778523	0.827423	0.774266	0.832524	0.795673	0.818182	0.808989	0.825436	0.836406	0.820399	0.810185	0.830952	0.848485	0.785882	0.808858	0.841232
spd0	0.102336	0.108803	0.090855	0.110342	0.090514	0.097228	0.065788	0.114897	0.092986	0.127856	0.109570	0.107749	0.125256	0.113865	0.103318	0.101439	0.130000	0.099101	0.106093	0.132110
aod0-0	1.448202	1.439806	1.396575	1.416988	1.347141	1.439699	1.403055	1.419651	1.388113	1.359971	1.383634	1.419453	1.422136	1.394050	1.395754	1.444085	1.426307	1.353362	1.387848	1.401193
aod0-1	1.611503	1.587530	1.503624	1.571160	1.478774	1.602480	1.471981	1.588448	1.537341	1.552624	1.537783	1.595452	1.600353	1.555315	1.567858	1.614556	1.648995	1.490303	1.563882	1.619118
aod0	0.081650	0.073862	0.053525	0.077086	0.065816	0.081390	0.034463	0.084398	0.074614	0.096327	0.077075	0.088000	0.089109	0.080632	0.086052	0.085236	0.111344	0.068470	0.088017	0.108963
eod0-0	0.856366	0.861607	0.856195	0.846239	0.811380	0.870032	0.840708	0.850811	0.835129	0.817891	0.843854	0.844754	0.852194	0.835153	0.843478	0.875410	0.849837	0.825619	0.844396	0.836933
eod0-1	0.914729	0.920863	0.875887	0.909091	0.875000	0.899254	0.861592	0.935115	0.859259	0.888502	0.897260	0.901575	0.915789	0.912458	0.895131	0.910853	0.930041	0.883636	0.882353	0.919118
eod0	0.058363	0.059256	0.019692	0.062852	0.063620	0.029222	0.020884	0.084304	0.024130	0.070610	0.053406	0.056821	0.063595	0.077305	0.051653	0.035443	0.080204	0.058017	0.037957	0.082185
spd1-0	0.693763	0.691766	0.671271	0.686302	0.642202	0.705508	0.676575	0.689170	0.672062	0.648611	0.668531	0.684097	0.685286	0.673427	0.665720	0.695225	0.695139	0.642908	0.673412	0.684432
spd1-1	0.859079	0.848118	0.822873	0.825397	0.828877	0.831776	0.807181	0.835801	0.813172	0.846897	0.825850	0.834850	0.843615	0.840816	0.842593	0.852901	0.835862	0.826203	0.822404	0.832206
spd1	0.165315	0.156352	0.151602	0.139094	0.186675	0.126267	0.130606	0.146631	0.141110	0.198285	0.157319	0.150753	0.158329	0.167390	0.176872	0.157677	0.140723	0.183296	0.148992	0.147774
aod1-0	1.382116	1.379237	1.325675	1.364301	1.263311	1.398958	1.340036	1.372392	1.328620	1.282629	1.321962	1.364783	1.374253	1.330616	1.321686	1.386481	1.385657	1.263250	1.332509	1.355606
aod1-1	1.672197	1.644865	1.601507	1.603933	1.597164	1.607169	1.569075	1.617422	1.571219	1.627011	1.600943	1.613363	1.643435	1.633043	1.632323	1.659024	1.639566	1.605560	1.596264	1.621860
aod1	0.145041	0.132814	0.137916	0.119816	0.166926	0.104105	0.114520	0.122515	0.121299	0.172191	0.139491	0.124290	0.134591	0.151213	0.155319	0.136271	0.126955	0.171155	0.131878	0.133127
eod1-0	0.824176	0.834951	0.827858	0.824828	0.773982	0.846676	0.817073	0.837241	0.788079	0.776021	0.819760	0.814710	0.837241	0.818061	0.801097	0.850208	0.844049	0.786842	0.814913	0.825503
eod1-1	0.942094	0.940397	0.920000	0.918502	0.909664	0.924242	0.892308	0.919913	0.930023	0.929336	0.919283	0.918919	0.920188	0.913043	0.941048	0.935841	0.904872	0.927928	0.918182	0.905077
eod1	0.117918	0.105446	0.092142	0.093675	0.135682	0.077567	0.075235	0.082672	0.141943	0.153315	0.099523	0.104209	0.082946	0.094982	0.139951	0.085633	0.060823	0.141086	0.103268	0.079574
spd2-0	0.727645	0.715224	0.684333	0.709080	0.679367	0.718384	0.680801	0.714116	0.697469	0.680498	0.692849	0.711045	0.718277	0.703616	0.702719	0.716160	0.719470	0.675103	0.700176	0.708034
spd2-1	0.834802	0.848980	0.863839	0.822811	0.808279	0.864333	0.871520	0.828810	0.804721	0.836820	0.830065	0.828571	0.805369	0.824268	0.816068	0.862705	0.834499	0.819742	0.810345	0.824950
spd2	0.107157	0.133756	0.179506	0.113731	0.128912	0.145949	0.190719	0.114694	0.107252	0.156322	0.137217	0.117527	0.087092	0.120652	0.113349	0.146545	0.115029	0.144639	0.110168	0.116916
aod2-0	1.452522	1.429285	1.360656	1.416605	1.340299	1.426534	1.353272	1.423700	1.387503	1.347692	1.379385	1.416102	1.442310	1.395073	1.402238	1.425936	1.435217	1.341119	1.390292	1.408574
aod2-1	1.567759	1.606090	1.640284	1.533797	1.507496	1.638791	1.685144	1.541692	1.501565	1.568244	1.556173	1.569743	1.499388	1.543613	1.515999	1.650206	1.598422	1.529825	1.526602	1.567505
aod2	0.057619	0.088403	0.139814	0.058596	0.083598	0.106129	0.165936	0.058996	0.057031	0.110276	0.088394	0.076821	0.028539	0.074270	0.056881	0.112135	0.081603	0.094353	0.068155	0.079466
eod2-0	0.850867	0.853746	0.833144	0.838480	0.805708	0.854237	0.818078	0.848308	0.822654	0.805869	0.839265	0.836639	0.858502	0.834279	0.836449	0.857643	0.852273	0.816210	0.835414	0.840140
eod2-1	0.919872	0.930931	0.940984	0.916914	0.883436	0.939490	0.921630	0.924242	0.888889	0.908824	0.904321	0.909366	0.893548	0.906627	0.903323	0.952532	0.911348	0.899390	0.903226	0.894428
eod2	0.069005	0.077185	0.107839	0.078434	0.077728	0.085253	0.103552	0.075934	0.066234	0.102954	0.065056	0.072726	0.035047	0.072347	0.066875	0.094889	0.059075	0.083180	0.067812	0.054288
wcspd-000	0.657084	0.649231	0.626747	0.646624	0.600423	0.662526	0.626709	0.655031	0.640124	0.597137	0.622798	0.648649	0.653202	0.632338	0.636936	0.648536	0.663386	0.601901	0.625657	0.644399
wcspd-010	0.819071	0.806452	0.759358	0.783375	0.794416	0.782716	0.756892	0.777188	0.774436	0.798956	0.778626	0.776699	0.812332	0.792916	0.800000	0.804124	0.779412	0.779661	0.790123	0.771505
wcspd-100	0.827273	0.795238	0.760181	0.784314	0.735683	0.793578	0.743363	0.790816	0.778302	0.778846	0.777778	0.815789	0.810185	0.785714	0.738318	0.803653	0.799020	0.728448	0.784753	0.804878
wcspd-110	0.814815	0.830508	0.791667	0.824000	0.798561	0.815126	0.737705	0.848921	0.760331	0.813559	0.810606	0.828829	0.815789	0.848000	0.830769	0.815789	0.870370	0.803738	0.827869	0.864407
wcspd-001	0.708543	0.768473	0.775401	0.729358	0.705607	0.785000	0.807107	0.729358	0.679803	0.712963	0.721951	0.722222	0.671958	0.729592	0.681159	0.774648	0.713514	0.696078	0.739726	0.716346
wcspd-011	0.964706	0.900000	0.939891	0.890110	0.914634	0.923977	0.931429	0.913043	0.905556	0.952941	0.942675	0.932292	0.896104	0.905556	0.904494	0.936170	0.918750	0.914773	0.888199	0.910526
wcspd-101	0.794118	0.818182	0.815789	0.897436	0.800000	0.906250	0.846154	0.823529	0.846154	0.894737	0.886364	0.717391	0.854167	0.769231	0.914286	0.805556	0.914286	0.882353	0.825000	0.875000
wcspd-111	0.921569	0.968750	0.975000	0.923077	0.901961	0.944444	0.928571	0.976744	0.931818	0.925926	0.867925	0.944444	0.964286	0.920635	0.981132	1.000000	0.959184	0.942308	0.863636	0.898305
wcspd	0.307622	0.319519	0.348253	0.276452	0.314211	0.281919	0.304720	0.321713	0.291694	0.355804	0.319877	0.295796	0.311084	0.288297	0.344196	0.351464	0.295798	0.340407	0.262542	0.266128
wcaod-000	1.333825	1.326378	1.272777	1.316910	1.211128	1.343609	1.274897	1.333512	1.293316	1.207255	1.268376	1.316330	1.345925	1.284720	1.290665	1.320388	1.347299	1.216859	1.269868	1.305923
wcaod-010	1.619991	1.599443	1.511790	1.550969	1.555875	1.526610	1.494095	1.531805	1.530068	1.571669	1.537081	1.528002	1.611477	1.563776	1.584556	1.580349	1.543866	1.542487	1.555841	1.527956
wcaod-100	1.619864	1.529809	1.460141	1.516532	1.393040	1.545631	1.435949	1.504022	1.538313	1.501128	1.501235	1.617925	1.586225	1.486774	1.441756	1.571044	1.551190	1.389752	1.531102	1.548984
wcaod-110	1.582048	1.623543	1.521293	1.606667	1.552281	1.602941	1.427782	1.649567	1.488115	1.536661	1.559350	1.581081	1.584948	1.654937	1.628861	1.596591	1.712482	1.565044	1.613739	1.687062
wcaod-001	1.332371	1.496499	1.469541	1.377331	1.339768	1.496997	1.575519	1.367647	1.282396	1.348529	1.335513	1.389610	1.287611	1.381118	1.295276	1.503243	1.369369	1.286765	1.410850	1.358697
wcaod-011	1.869565	1.694537	1.836066	1.696842	1.682279	1.767647	1.829048	1.729461	1.725946	1.838155	1.877601	1.809874	1.722732	1.706349	1.668045	1.813807	1.772727	1.737190	1.669986	1.741855
wcaod-101	1.435556	1.335000	1.331797	1.370588	1.440000	1.628205	1.435484	1.458333	1.477679	1.649770	1.472222	1.232143	1.393162	1.233333	1.733333	1.414545	1.811966	1.406250	1.464286	1.700000
wcaod-111	1.834091	1.903469	1.833333	1.752381	1.756410	1.869048	1.773737	1.969697	1.749206	1.831818	1.699134	1.750000	1.836735	1.769947	1.928571	2.000000	1.900000	1.871795	1.682353	1.768254
wcaod	0.268597	0.288546	0.281644	0.217736	0.272641	0.262719	0.277075	0.318093	0.233405	0.315450	0.304613	0.288866	0.274562	0.268307	0.318953	0.339806	0.276350	0.327468	0.206243	0.231166
wceod-000	0.792873	0.809524	0.802966	0.788863	0.740659	0.821192	0.794582	0.799550	0.775599	0.725702	0.784753	0.796875	0.828442	0.787611	0.785714	0.819413	0.827004	0.752212	0.789709	0.799127
wceod-010	0.910314	0.904040	0.885417	0.891509	0.870690	0.896552	0.853211	0.875000	0.915094	0.914692	0.905213	0.877729	0.890547	0.861244	0.914286	0.907834	0.848214	0.900000	0.892857	0.851485
wceod-100	0.900763	0.867647	0.842857	0.879032	0.858156	0.871212	0.816901	0.917355	0.801471	0.868217	0.859259	0.867925	0.876923	0.901408	0.830645	0.877863	0.908333	0.857143	0.852941	0.919355
wceod-110	0.951613	0.969697	0.870130	0.906667	0.891566	0.897059	0.859155	0.940476	0.895522	0.879518	0.936709	0.905405	0.925373	0.910256	0.932432	0.909091	0.951613	0.890625	0.905405	0.931507
wceod-001	0.845528	0.865546	0.889831	0.852941	0.785714	0.888889	0.868852	0.867647	0.789062	0.823529	0.856061	0.818182	0.787611	0.813953	0.795276	0.909836	0.828829	0.801471	0.828571	0.812030
wceod-011	1.000000	0.963768	0.983607	0.960000	0.991803	0.983333	0.958678	0.963504	0.961240	0.984496	0.947368	0.970588	0.944954	0.984127	0.970370	0.977444	0.972727	0.991736	0.990741	0.969925
wceod-101	0.880000	0.960000	0.903226	0.970588	0.840000	0.961538	0.935484	0.958333	0.906250	0.935484	0.972222	0.875000	0.948718	0.900000	0.933333	0.960000	0.923077	0.906250	0.964286	0.900000
wceod-111	0.925000	0.980392	1.000000	0.952381	0.923077	0.952381	0.955556	0.969697	0.971429	0.931818	0.880952	1.000000	0.979592	0.957447	1.000000	1.000000	0.971429	0.948718	0.882353	0.911111
wceod	0.207127	0.170868	0.197034	0.181725	0.251144	0.162141	0.164095	0.170147	0.195829	0.258794	0.187469	0.203125	0.191981	0.196516	0.214286	0.180587	0.145723	0.239523	0.201032	0.170798
