accuracy	0.675751	0.673903	0.681755	0.674365	0.668360	0.669746	0.668822	0.671594	0.663741	0.665127	0.681293	0.666051	0.672979	0.667436	0.682679	0.679908	0.673903	0.666975	0.672979	0.553349
recall	0.666109	0.667467	0.676546	0.663746	0.665233	0.662104	0.652804	0.663598	0.656778	0.655335	0.666749	0.655077	0.670491	0.661854	0.673528	0.672638	0.664495	0.657738	0.655818	0.500000
precision	0.675822	0.671876	0.678570	0.674958	0.663218	0.665403	0.671646	0.668633	0.659276	0.658253	0.683061	0.664325	0.671531	0.662314	0.680915	0.678782	0.677566	0.662240	0.679286	0.276674
f1score	0.666265	0.668070	0.677171	0.663674	0.663769	0.662924	0.651400	0.664352	0.657468	0.656245	0.666701	0.655320	0.670779	0.662063	0.674362	0.673208	0.663368	0.658655	0.653526	0.356230
mcc	0.341793	0.339314	0.355110	0.338518	0.328445	0.327490	0.323903	0.332194	0.316045	0.313575	0.349429	0.319268	0.342020	0.324168	0.354366	0.351367	0.341811	0.319946	0.334281	0.000000
spd0-0	0.603311	0.567241	0.555556	0.612607	0.528522	0.564868	0.653891	0.573303	0.562607	0.568403	0.629070	0.604308	0.527441	0.542007	0.592037	0.583381	0.615602	0.577011	0.665323	1.000000
spd0-1	0.716707	0.684706	0.637232	0.721429	0.610738	0.685579	0.744921	0.706311	0.663462	0.703349	0.766292	0.730673	0.640553	0.656319	0.689815	0.676190	0.750000	0.694118	0.773893	1.000000
spd0	0.113397	0.117465	0.081676	0.108821	0.082217	0.120711	0.091030	0.133008	0.100854	0.134946	0.137222	0.126365	0.113112	0.114312	0.097778	0.092809	0.134398	0.117106	0.108570	0.000000
aod0-0	1.190157	1.125148	1.098993	1.213763	1.023392	1.107786	1.292676	1.129547	1.105988	1.113968	1.241709	1.190429	1.054690	1.062944	1.162998	1.149055	1.218285	1.133199	1.312228	2.000000
aod0-1	1.361065	1.245510	1.138220	1.336552	1.119759	1.286110	1.399699	1.310178	1.242415	1.298242	1.435379	1.385666	1.170799	1.196729	1.296697	1.296009	1.435246	1.293939	1.473726	2.000000
aod0	0.085454	0.060181	0.019614	0.061395	0.048183	0.089162	0.053511	0.090316	0.068213	0.092137	0.096835	0.097619	0.058055	0.066893	0.066850	0.073477	0.108481	0.080370	0.080749	0.000000
eod0-0	0.762786	0.718750	0.720133	0.765487	0.672287	0.713212	0.797566	0.718919	0.710129	0.709265	0.785161	0.749465	0.692841	0.684498	0.752174	0.756284	0.774755	0.720129	0.812840	1.000000
eod0-1	0.825581	0.823741	0.765957	0.840000	0.736111	0.802239	0.847751	0.843511	0.762963	0.794425	0.873288	0.834646	0.761404	0.781145	0.823970	0.771318	0.860082	0.807273	0.875000	1.000000
eod0	0.062796	0.104991	0.045825	0.074513	0.063824	0.089027	0.050184	0.124593	0.052834	0.085160	0.088127	0.085181	0.068563	0.096647	0.071796	0.015034	0.085327	0.087144	0.062160	0.000000
spd1-0	0.564121	0.536242	0.515884	0.582683	0.484827	0.535311	0.629158	0.536568	0.525686	0.525000	0.600699	0.570917	0.502044	0.505594	0.550745	0.546348	0.584722	0.544813	0.635729	1.000000
spd1-1	0.742547	0.693548	0.683403	0.728836	0.660428	0.688919	0.753989	0.717362	0.689516	0.732414	0.767347	0.730819	0.651363	0.682993	0.724868	0.707152	0.750345	0.704545	0.786885	1.000000
spd1	0.178427	0.157306	0.167519	0.146153	0.175601	0.153608	0.124832	0.180794	0.163830	0.207414	0.166648	0.159902	0.149319	0.177399	0.174123	0.160804	0.165623	0.159732	0.151156	0.000000
aod1-0	1.121840	1.067725	1.012318	1.155564	0.945667	1.057353	1.243812	1.066543	1.033300	1.032718	1.184724	1.137977	1.008332	0.994150	1.090271	1.088361	1.164072	1.067153	1.256428	2.000000
aod1-1	1.414077	1.316037	1.316914	1.401012	1.237920	1.309577	1.456610	1.369783	1.314557	1.397241	1.477734	1.388528	1.237583	1.293123	1.373524	1.345217	1.453549	1.351855	1.516438	2.000000
aod1	0.146118	0.124156	0.152298	0.122724	0.146127	0.126112	0.106399	0.151620	0.140629	0.182262	0.146505	0.125275	0.114626	0.149486	0.141626	0.128428	0.144739	0.142351	0.130005	0.000000
eod1-0	0.718407	0.694868	0.696452	0.746207	0.634691	0.690638	0.784553	0.700690	0.660927	0.675889	0.767690	0.718529	0.677241	0.657371	0.706447	0.715673	0.757866	0.688158	0.784288	1.000000
eod1-1	0.870824	0.821192	0.792941	0.841410	0.771008	0.800866	0.850549	0.818182	0.826185	0.815846	0.872197	0.839917	0.765258	0.791304	0.866812	0.829646	0.851508	0.828829	0.900000	1.000000
eod1	0.152417	0.126324	0.096489	0.095203	0.136317	0.110228	0.065997	0.117492	0.165258	0.139956	0.104507	0.121388	0.088017	0.133934	0.160365	0.113973	0.093642	0.140671	0.115712	0.000000
spd2-0	0.582116	0.530746	0.517181	0.585424	0.488863	0.535129	0.621319	0.539739	0.533255	0.531713	0.614302	0.595821	0.508731	0.509188	0.565012	0.522958	0.595622	0.577398	0.650794	1.000000
spd2-1	0.786344	0.793878	0.779018	0.798371	0.755991	0.787746	0.858672	0.805846	0.759657	0.815900	0.816993	0.736735	0.709172	0.765690	0.778013	0.870902	0.820513	0.682403	0.818966	1.000000
spd2	0.204228	0.263131	0.261837	0.212947	0.267128	0.252617	0.237353	0.266106	0.226402	0.284186	0.202691	0.140914	0.200441	0.256502	0.213001	0.347944	0.224891	0.105005	0.168172	0.000000
aod2-0	1.160714	1.060189	1.025420	1.169020	0.957281	1.059242	1.233893	1.074652	1.058088	1.049425	1.221579	1.184833	1.024059	1.005342	1.126073	1.038606	1.186693	1.145446	1.290809	2.000000
aod2-1	1.458875	1.481246	1.456265	1.480558	1.376009	1.466393	1.633737	1.482591	1.405103	1.508696	1.537654	1.358624	1.279209	1.405554	1.437492	1.665514	1.567376	1.221368	1.539506	2.000000
aod2	0.149080	0.210528	0.215423	0.155769	0.209364	0.203576	0.199922	0.203969	0.173508	0.229635	0.158038	0.086895	0.127575	0.200106	0.155709	0.313454	0.190342	0.037961	0.124348	0.000000
eod2-0	0.738728	0.686088	0.683314	0.737530	0.628979	0.681356	0.765446	0.682614	0.675057	0.663657	0.777268	0.738623	0.669441	0.649262	0.730140	0.684947	0.757955	0.722603	0.795687	1.000000
eod2-1	0.881410	0.888889	0.868852	0.896142	0.849693	0.878981	0.931034	0.912121	0.848765	0.900000	0.885802	0.842900	0.819355	0.864458	0.867069	0.962025	0.900709	0.786585	0.916129	1.000000
eod2	0.142682	0.202801	0.185538	0.158613	0.220714	0.197625	0.165588	0.229507	0.173708	0.236343	0.108535	0.104277	0.149914	0.215196	0.136929	0.277078	0.142755	0.063983	0.120442	0.000000
wcspd-000	0.512320	0.472821	0.469062	0.527426	0.424947	0.476190	0.566772	0.473306	0.476732	0.453988	0.543005	0.536383	0.458128	0.441813	0.514166	0.465481	0.535433	0.508976	0.572029	1.000000
wcspd-010	0.667482	0.594086	0.582888	0.654912	0.576142	0.597531	0.676692	0.596817	0.601504	0.637076	0.687023	0.648058	0.581769	0.588556	0.635443	0.587629	0.664216	0.656174	0.753086	1.000000
wcspd-100	0.686364	0.614286	0.561086	0.647059	0.537445	0.614679	0.707965	0.622449	0.603774	0.625000	0.708333	0.689474	0.574074	0.602679	0.584112	0.602740	0.676471	0.659483	0.748879	1.000000
wcspd-110	0.675926	0.661017	0.633333	0.704000	0.597122	0.655462	0.704918	0.733813	0.636364	0.669492	0.765152	0.756757	0.596491	0.632000	0.692308	0.631579	0.750000	0.700935	0.745902	1.000000
wcspd-001	0.648241	0.719212	0.657754	0.711009	0.649533	0.685000	0.796954	0.701835	0.620690	0.685185	0.702439	0.606061	0.582011	0.668367	0.623188	0.802817	0.686486	0.529412	0.762557	1.000000
wcspd-011	0.917647	0.836842	0.868852	0.846154	0.853659	0.847953	0.914286	0.902174	0.872222	0.923529	0.917197	0.848958	0.785714	0.850000	0.876404	0.925532	0.918750	0.812500	0.863354	1.000000
wcspd-101	0.764706	0.787879	0.789474	0.871795	0.800000	0.843750	0.846154	0.794118	0.820513	0.894737	0.863636	0.652174	0.791667	0.717949	0.914286	0.833333	0.942857	0.852941	0.825000	1.000000
wcspd-111	0.901961	0.906250	0.925000	0.942308	0.862745	0.944444	0.910714	0.930233	0.886364	0.944444	0.924528	0.888889	0.857143	0.857143	0.962264	0.980392	0.918367	0.730769	0.931818	1.000000
wcspd	0.405327	0.433429	0.455938	0.414882	0.437798	0.468254	0.347514	0.456927	0.409631	0.490457	0.381523	0.352506	0.399015	0.415330	0.448098	0.514911	0.407424	0.343965	0.359789	0.000000
wcaod-000	1.047844	0.974267	0.959362	1.081745	0.861118	0.970528	1.155761	0.969582	0.967372	0.922980	1.111498	1.094176	0.959553	0.901990	1.047392	0.957388	1.095271	1.030817	1.162605	2.000000
wcaod-010	1.306283	1.173981	1.159741	1.291127	1.114410	1.154824	1.334178	1.171598	1.182524	1.255263	1.354383	1.270217	1.146708	1.144691	1.249936	1.139947	1.307842	1.295407	1.480392	2.000000
wcaod-100	1.325585	1.133347	1.010582	1.219758	0.992248	1.152925	1.350436	1.134986	1.144350	1.179472	1.340741	1.356918	1.091592	1.100137	1.114695	1.171756	1.300000	1.249379	1.451572	2.000000
wcaod-110	1.289621	1.259324	1.192389	1.353333	1.121988	1.279412	1.360398	1.408874	1.239082	1.232702	1.458562	1.405405	1.135599	1.190398	1.333494	1.210227	1.452314	1.332122	1.412725	2.000000
wcaod-001	1.209671	1.398459	1.240973	1.333393	1.209459	1.293651	1.538579	1.304161	1.166562	1.283824	1.311333	1.157025	1.107010	1.237880	1.191535	1.566384	1.324324	0.948529	1.452080	2.000000
wcaod-011	1.736676	1.523690	1.663934	1.613754	1.522248	1.580392	1.763238	1.686908	1.643867	1.749480	1.799062	1.566176	1.436290	1.574074	1.583463	1.756118	1.750909	1.469421	1.613732	2.000000
wcaod-101	1.395556	1.210000	1.299539	1.341176	1.440000	1.551282	1.435484	1.416667	1.446429	1.649770	1.541667	1.098214	1.230769	1.166667	1.733333	1.505455	1.850427	1.375000	1.464286	2.000000
wcaod-111	1.809091	1.767722	1.637255	1.776190	1.647436	1.809524	1.682828	1.839394	1.609524	1.854545	1.837662	1.619048	1.469388	1.602394	1.857143	1.933333	1.800000	1.435897	1.841176	2.000000
wcaod	0.380624	0.396728	0.352286	0.347223	0.393159	0.419498	0.303739	0.434906	0.338248	0.465783	0.363082	0.262436	0.254917	0.350202	0.404875	0.487973	0.377578	0.260446	0.339286	0.000000
wceod-000	0.672606	0.637188	0.663136	0.689095	0.578022	0.631347	0.740406	0.614865	0.620915	0.602592	0.724215	0.703125	0.650113	0.584071	0.683036	0.659142	0.729958	0.657080	0.736018	1.000000
wceod-010	0.811659	0.696970	0.692708	0.783019	0.663793	0.715517	0.770642	0.692308	0.754717	0.720379	0.810427	0.751092	0.681592	0.688995	0.790476	0.718894	0.758929	0.777273	0.861607	1.000000
wceod-100	0.786260	0.727941	0.714286	0.782258	0.666667	0.757576	0.802817	0.801653	0.683824	0.736434	0.822222	0.773585	0.684615	0.746479	0.725806	0.671756	0.800000	0.792857	0.830882	1.000000
wceod-110	0.854839	0.893939	0.727273	0.813333	0.746988	0.750000	0.830986	0.845238	0.776119	0.746988	0.911392	0.864865	0.731343	0.743590	0.851351	0.772727	0.887097	0.843750	0.891892	1.000000
wceod-001	0.788618	0.815126	0.762712	0.845588	0.750000	0.793651	0.885246	0.852941	0.726562	0.808824	0.818182	0.702479	0.699115	0.775194	0.716535	0.918033	0.783784	0.639706	0.857143	1.000000
wceod-011	0.975806	0.927536	0.942623	0.912000	0.950820	0.933333	0.966942	0.963504	0.937984	0.968992	0.938596	0.941176	0.880734	0.944444	0.955556	0.992481	0.990909	0.942149	0.972222	1.000000
wceod-101	0.840000	0.960000	0.870968	0.941176	0.840000	0.884615	0.935484	0.916667	0.875000	0.935484	0.916667	0.812500	0.897436	0.833333	0.933333	0.960000	0.961538	0.875000	0.964286	1.000000
wceod-111	0.900000	0.921569	0.970588	0.976190	0.897436	0.976190	0.955556	0.939394	0.942857	0.954545	0.928571	0.952381	0.897959	0.914894	1.000000	1.000000	0.942857	0.743590	0.941176	1.000000
wceod	0.303201	0.322812	0.307453	0.287095	0.372798	0.344844	0.226536	0.348639	0.321942	0.366400	0.214381	0.249902	0.247846	0.360374	0.316964	0.340858	0.260951	0.302443	0.236204	0.000000
