accuracy	0.763333	0.763333	0.716667	0.700000	0.740000	0.710000	0.716667	0.806667	0.746667	0.773333	0.726667	0.736667	0.713333	0.726667	0.730000	0.773333	0.780000	0.756667	0.750000	0.766667
recall	0.670669	0.667192	0.645032	0.598632	0.649078	0.663515	0.647602	0.721281	0.669841	0.672857	0.644609	0.673116	0.632148	0.594879	0.638787	0.648620	0.692830	0.663880	0.689338	0.698495
precision	0.710368	0.711057	0.675804	0.615463	0.711934	0.648443	0.686025	0.766928	0.695541	0.714583	0.686416	0.699581	0.669386	0.626537	0.691153	0.799242	0.756250	0.720550	0.712383	0.711257
f1score	0.683031	0.680137	0.652394	0.603501	0.659309	0.653658	0.654804	0.737493	0.678674	0.686328	0.653306	0.681345	0.639181	0.601787	0.647698	0.662341	0.709234	0.676986	0.697479	0.704042
mcc	0.378963	0.375697	0.319357	0.213433	0.355498	0.311594	0.331407	0.486071	0.364477	0.385187	0.328374	0.371756	0.299226	0.219142	0.325757	0.421775	0.444580	0.380230	0.401060	0.409554
spd0-0	0.644231	0.772727	0.887640	0.384615	0.680412	0.914894	0.873563	0.705882	0.557692	0.535354	0.844037	0.660000	0.447619	0.453608	0.547368	0.705263	0.651163	0.527473	0.750000	0.739130
spd0-1	0.867347	0.806604	0.706161	0.984694	0.871921	0.567961	0.723005	0.823256	0.867347	0.930348	0.748691	0.785000	0.958974	1.000000	0.921951	0.960976	0.859813	0.923445	0.730769	0.745192
spd0	0.223116	0.033877	0.181479	0.600078	0.191509	0.346932	0.150559	0.117373	0.309655	0.394995	0.095346	0.125000	0.511355	0.546392	0.374583	0.255712	0.208650	0.395972	0.019231	0.006062
aod0-0	1.205128	1.419048	1.722469	0.679739	1.253365	1.762334	1.723784	1.234336	1.012759	0.924242	1.648033	1.201389	0.752782	0.726166	0.978814	1.259524	1.214566	0.932143	1.457668	1.352723
aod0-1	1.577895	1.465069	1.288770	1.952381	1.640691	0.925022	1.298083	1.452273	1.610577	1.741944	1.333053	1.457457	1.877783	2.000000	1.791954	1.870436	1.574254	1.774123	1.257813	1.295094
aod0	0.186383	0.023011	0.216850	0.636321	0.193663	0.418656	0.212850	0.108968	0.298909	0.408851	0.157490	0.128034	0.562501	0.636917	0.406570	0.305456	0.179844	0.420990	0.099927	0.028815
eod0-0	0.769231	0.883333	0.948276	0.485294	0.784615	0.969231	0.940000	0.877193	0.696970	0.681818	0.952381	0.812500	0.617647	0.588235	0.728814	0.916667	0.843137	0.732143	0.867925	0.868852
eod0-1	0.939597	0.896104	0.818182	0.993197	0.963768	0.679739	0.843537	0.925000	0.937500	0.986842	0.842857	0.876812	0.992537	1.000000	0.958621	0.993243	0.942675	0.967105	0.854305	0.850649
eod0	0.170367	0.012771	0.130094	0.507903	0.179153	0.289492	0.096463	0.047807	0.240530	0.305024	0.109524	0.064312	0.374890	0.411765	0.229807	0.076577	0.099538	0.234962	0.013620	0.018203
spd1-0	0.694915	0.631579	0.723404	0.428571	0.721311	0.557692	0.700000	0.604167	0.516129	0.603448	0.654545	0.515625	0.590164	0.517857	0.557692	0.717391	0.612245	0.634615	0.614035	0.500000
spd1-1	0.813278	0.835391	0.766798	0.856557	0.832636	0.701613	0.780000	0.825397	0.823529	0.847107	0.812245	0.805085	0.828452	0.893443	0.854839	0.909449	0.836653	0.838710	0.765432	0.787402
spd1	0.118363	0.203812	0.043394	0.427986	0.111325	0.143921	0.080000	0.221230	0.307400	0.243659	0.157699	0.289460	0.238288	0.375585	0.297146	0.192058	0.224408	0.204094	0.151397	0.287402
aod1-0	1.367512	1.227273	1.388889	0.751067	1.437634	1.080960	1.405844	1.191304	0.943089	1.139706	1.280000	0.961026	1.160560	0.961905	0.990431	1.362573	1.273810	1.127451	1.222222	0.973333
aod1-1	1.471453	1.503297	1.432853	1.650834	1.539656	1.235405	1.419048	1.427083	1.502787	1.539168	1.515173	1.483318	1.578005	1.729700	1.625275	1.709453	1.492981	1.560422	1.340080	1.384211
aod1	0.051971	0.138012	0.021982	0.449884	0.051011	0.077223	0.006602	0.117889	0.279849	0.199731	0.117587	0.261146	0.208722	0.383897	0.317422	0.173440	0.109586	0.216486	0.058929	0.205439
eod1-0	0.903226	0.727273	0.888889	0.540541	0.870968	0.689655	0.727273	0.800000	0.609756	0.764706	0.800000	0.641026	0.781250	0.628571	0.727273	0.888889	0.809524	0.794118	0.666667	0.640000
eod1-1	0.885246	0.922652	0.850575	0.893258	0.912791	0.777778	0.885714	0.927083	0.923077	0.918478	0.890173	0.907975	0.882353	0.919355	0.923977	0.983425	0.930481	0.925287	0.890805	0.884211
eod1	0.017980	0.195379	0.038314	0.352718	0.041823	0.088123	0.158442	0.127083	0.313321	0.153772	0.090173	0.266950	0.101103	0.290783	0.196704	0.094537	0.120957	0.131170	0.224138	0.244211
wcspd-00	0.588235	0.655172	0.809524	0.225000	0.617647	0.800000	0.827586	0.545455	0.363636	0.343750	0.750000	0.514286	0.258065	0.205882	0.310345	0.629630	0.515152	0.529412	0.617647	0.545455
wcspd-01	0.671429	0.830508	0.911765	0.484375	0.714286	0.956522	0.896552	0.761905	0.647887	0.626866	0.876543	0.738462	0.527027	0.587302	0.651515	0.735294	0.735849	0.526316	0.827586	0.800000
wcspd-10	0.840000	0.607143	0.653846	0.937500	0.851852	0.333333	0.523810	0.653846	0.689655	0.923077	0.555556	0.517241	0.933333	1.000000	0.869565	0.842105	0.812500	0.833333	0.608696	0.458333
wcspd-11	0.871345	0.836957	0.713514	0.988889	0.875000	0.603352	0.744792	0.846561	0.898204	0.931429	0.780488	0.830409	0.963636	1.000000	0.928571	0.973118	0.863636	0.931937	0.745946	0.782609
wcspd	0.283110	0.229814	0.257919	0.763889	0.257353	0.623188	0.372742	0.301106	0.534567	0.587679	0.320988	0.316124	0.705572	0.794118	0.618227	0.343489	0.348485	0.405621	0.218891	0.341667
wcaod-00	1.201389	1.232323	1.555556	0.386667	1.256944	1.493056	1.686869	0.991453	0.678571	0.687500	1.471795	0.912587	0.533333	0.382456	0.576923	1.216667	1.130952	0.915751	1.285714	1.050000
wcaod-01	1.231293	1.516807	1.798419	0.867110	1.275510	1.879592	1.738192	1.330144	1.168376	1.072941	1.715909	1.359213	0.879605	0.908163	1.161780	1.259903	1.228938	0.941558	1.581646	1.469388
wcaod-10	1.600000	1.205128	1.254545	1.750000	1.683333	0.670330	1.045455	1.333333	1.244444	1.819444	1.083333	1.004902	1.846154	2.000000	1.607843	1.571429	1.603175	1.646154	1.276786	0.902098
wcaod-11	1.581484	1.498641	1.293997	1.970370	1.627857	0.937912	1.314076	1.469018	1.680608	1.724245	1.376821	1.537355	1.887286	2.000000	1.812789	1.912647	1.565946	1.786110	1.248889	1.344549
wcaod	0.199306	0.155839	0.271937	0.791852	0.213194	0.604631	0.346369	0.238782	0.501018	0.565972	0.316288	0.312384	0.676976	0.808772	0.617933	0.347990	0.236111	0.435179	0.166379	0.283645
wceod-00	0.812500	0.777778	1.000000	0.320000	0.812500	0.937500	0.909091	0.769231	0.428571	0.562500	0.933333	0.681818	0.533333	0.315789	0.500000	0.800000	0.750000	0.761905	0.785714	0.750000
wceod-01	0.755102	0.928571	0.934783	0.581395	0.775510	0.979592	0.948718	0.909091	0.822222	0.720000	0.958333	0.880952	0.641509	0.693878	0.813953	0.955556	0.871795	0.714286	0.897436	0.897959
wceod-10	1.000000	0.666667	0.800000	1.000000	0.933333	0.384615	0.545455	0.833333	0.800000	0.944444	0.666667	0.588235	1.000000	1.000000	0.941176	1.000000	0.888889	0.846154	0.562500	0.538462
wceod-11	0.932836	0.920863	0.820312	0.992593	0.967480	0.707143	0.867647	0.932432	0.959677	0.992537	0.864000	0.917355	0.991453	1.000000	0.960938	0.992647	0.945946	0.978417	0.888889	0.879433
wceod	0.244898	0.261905	0.200000	0.680000	0.191969	0.594976	0.403263	0.163202	0.531106	0.430037	0.291667	0.329120	0.466667	0.684211	0.460938	0.200000	0.195946	0.264132	0.334936	0.359498
