accuracy	0.681293	0.680370	0.693764	0.677598	0.684527	0.676674	0.665589	0.683603	0.671594	0.674827	0.690531	0.673903	0.694688	0.682217	0.693303	0.681293	0.682217	0.688684	0.679908	0.665589
recall	0.670069	0.673193	0.683763	0.671031	0.675611	0.668460	0.655874	0.673020	0.666266	0.669010	0.682397	0.666686	0.690027	0.670411	0.685016	0.671817	0.673332	0.676101	0.671936	0.652964
precision	0.683904	0.679052	0.693645	0.675213	0.677473	0.672671	0.662259	0.683096	0.667440	0.669010	0.687517	0.670669	0.694992	0.677924	0.691530	0.682525	0.685677	0.686882	0.676832	0.663046
f1score	0.669736	0.673811	0.684653	0.671749	0.676356	0.669407	0.656562	0.673655	0.666713	0.669010	0.683486	0.667476	0.690427	0.671728	0.686053	0.671864	0.672710	0.677278	0.672850	0.653338
mcc	0.353703	0.352197	0.377279	0.346218	0.353079	0.341105	0.318068	0.355973	0.333705	0.338021	0.369878	0.337331	0.384988	0.348254	0.376490	0.354180	0.358796	0.362823	0.348733	0.315850
spd0-0	0.593037	0.543103	0.548110	0.539255	0.527357	0.518944	0.541231	0.564176	0.502573	0.512307	0.555814	0.526077	0.518775	0.574679	0.566647	0.582235	0.575466	0.574138	0.546659	0.599541
spd0-1	0.857143	0.830588	0.930788	0.795238	0.818792	0.905437	0.882619	0.890777	0.841346	0.791866	0.757303	0.872818	0.852535	0.784922	0.752315	0.816667	0.893939	0.868235	0.799534	0.779621
spd0	0.264106	0.287485	0.382678	0.255983	0.291435	0.386494	0.341387	0.326601	0.338773	0.279559	0.201489	0.346741	0.333759	0.210243	0.185667	0.234432	0.318473	0.294097	0.252875	0.180080
aod0-0	1.168436	1.076073	1.082739	1.066535	1.019065	1.014069	1.066677	1.108577	0.984415	1.000105	1.093781	1.032213	1.037333	1.126985	1.110594	1.147205	1.136698	1.123432	1.072992	1.180089
aod0-1	1.670868	1.580727	1.818347	1.501442	1.546908	1.763698	1.716937	1.731349	1.629731	1.485251	1.412347	1.693181	1.628117	1.463925	1.425604	1.579816	1.749697	1.681212	1.530325	1.484657
aod0	0.251216	0.252327	0.367804	0.217454	0.263922	0.374814	0.325130	0.311386	0.322658	0.242573	0.159283	0.330484	0.295392	0.168470	0.157505	0.216306	0.306499	0.278890	0.228667	0.152284
eod0-0	0.763874	0.707589	0.731195	0.699115	0.679663	0.679914	0.691372	0.732973	0.661638	0.663472	0.725360	0.685225	0.706697	0.725983	0.739130	0.750820	0.750816	0.744887	0.709467	0.741901
eod0-1	0.922481	0.920863	0.971631	0.894545	0.930556	0.970149	0.937716	0.958015	0.903704	0.874564	0.869863	0.944882	0.936842	0.898990	0.880150	0.906977	0.958848	0.934545	0.893382	0.871324
eod0	0.158607	0.213274	0.240437	0.195430	0.250893	0.290235	0.246345	0.225042	0.242066	0.211093	0.144503	0.259657	0.230145	0.173007	0.141019	0.156157	0.208032	0.189658	0.183916	0.129423
spd1-0	0.578136	0.532020	0.558011	0.532292	0.537050	0.548729	0.557679	0.558368	0.502463	0.497222	0.548951	0.530802	0.539510	0.560140	0.530163	0.569522	0.577083	0.553282	0.548500	0.575035
spd1-1	0.769648	0.728495	0.751743	0.694444	0.683155	0.680908	0.711436	0.756393	0.692204	0.703448	0.691156	0.698309	0.682927	0.731973	0.740741	0.739541	0.746207	0.780749	0.691257	0.749662
spd1	0.191512	0.196475	0.193732	0.162152	0.146105	0.132179	0.153757	0.198025	0.189741	0.206226	0.142205	0.167507	0.143417	0.171833	0.210578	0.170019	0.169124	0.227467	0.142757	0.174627
aod1-0	1.149541	1.058738	1.095165	1.054739	1.046904	1.083481	1.100253	1.109524	0.984989	0.976848	1.080326	1.057439	1.083793	1.101016	1.047525	1.134735	1.148472	1.079642	1.080284	1.134983
aod1-1	1.470950	1.396782	1.456857	1.324897	1.287815	1.291310	1.374588	1.450679	1.321202	1.317580	1.311977	1.318441	1.293254	1.399170	1.411447	1.410792	1.443345	1.508239	1.319334	1.452400
aod1	0.160705	0.169022	0.180846	0.135079	0.120456	0.103914	0.137168	0.170578	0.168106	0.170366	0.115825	0.130501	0.104731	0.149077	0.181961	0.138029	0.147436	0.214298	0.119525	0.158708
eod1-0	0.740385	0.708738	0.751643	0.696552	0.706965	0.712347	0.719512	0.737931	0.651656	0.650856	0.724967	0.690240	0.736552	0.731740	0.707819	0.737864	0.760602	0.725000	0.713715	0.735570
eod1-1	0.893096	0.836645	0.854118	0.821586	0.787815	0.796537	0.802198	0.852814	0.826185	0.813704	0.820628	0.814969	0.809859	0.828261	0.871179	0.860619	0.851508	0.896396	0.815909	0.830022
eod1	0.152711	0.127907	0.102475	0.125034	0.080851	0.084189	0.082686	0.114883	0.174529	0.162848	0.095661	0.124728	0.073307	0.096521	0.163360	0.122755	0.090906	0.171396	0.102194	0.094452
wcspd-00	0.520887	0.477929	0.481077	0.475129	0.476724	0.472556	0.485192	0.500839	0.431624	0.432998	0.503419	0.462931	0.470930	0.510711	0.493966	0.520958	0.515404	0.487402	0.491453	0.541067
wcspd-01	0.739206	0.679715	0.691203	0.668394	0.632616	0.612847	0.653310	0.698752	0.645941	0.683544	0.667273	0.647351	0.628083	0.711152	0.713787	0.706597	0.702465	0.743633	0.660777	0.722420
wcspd-10	0.842520	0.794239	0.911197	0.806584	0.809339	0.904000	0.871698	0.856522	0.832669	0.808943	0.753846	0.864407	0.852273	0.779468	0.698795	0.792157	0.887029	0.838346	0.802281	0.738776
wcspd-11	0.880503	0.879121	0.962500	0.779661	0.831579	0.907514	0.898876	0.934066	0.854545	0.767442	0.762162	0.884848	0.852941	0.792553	0.825137	0.854545	0.904459	0.918239	0.795181	0.836158
wcspd	0.359617	0.401192	0.481423	0.331456	0.354855	0.434959	0.413685	0.433227	0.422922	0.375945	0.258743	0.421917	0.382011	0.281842	0.331171	0.333587	0.389055	0.430837	0.310828	0.295091
wcaod-00	1.050214	0.972677	0.965290	0.958982	0.944582	0.947404	0.975622	1.011370	0.862165	0.864979	1.011176	0.932050	0.971267	1.022866	0.991022	1.053305	1.040743	0.966844	0.981708	1.081858
wcaod-01	1.410563	1.304941	1.348012	1.284658	1.186191	1.150568	1.262851	1.330113	1.231302	1.295899	1.278291	1.228670	1.200461	1.367291	1.359535	1.341568	1.355827	1.436217	1.269051	1.403669
wcaod-10	1.648744	1.497955	1.771730	1.528593	1.516153	1.757292	1.691505	1.650710	1.628084	1.539535	1.415599	1.697131	1.644784	1.445438	1.315379	1.531080	1.737001	1.605270	1.550813	1.395604
wcaod-11	1.705366	1.688889	1.900349	1.463675	1.587994	1.773160	1.754727	1.835897	1.643324	1.398075	1.408187	1.682970	1.596424	1.491175	1.575474	1.655462	1.769072	1.808599	1.493614	1.618644
wcaod	0.327576	0.358106	0.467530	0.284805	0.321706	0.412878	0.389553	0.412264	0.390579	0.337278	0.202212	0.382540	0.336758	0.234154	0.292226	0.301078	0.364165	0.420877	0.284553	0.268393
wceod-00	0.695804	0.657143	0.689831	0.638448	0.643697	0.640760	0.654867	0.686207	0.589438	0.584307	0.686851	0.629174	0.678058	0.679862	0.674783	0.697345	0.712821	0.666667	0.666099	0.703892
wceod-01	0.876081	0.791667	0.808917	0.801187	0.740113	0.744318	0.752212	0.811594	0.785924	0.802941	0.793846	0.772603	0.758065	0.805970	0.846377	0.837143	0.817365	0.879765	0.786145	0.808955
wceod-10	0.903846	0.888199	0.964912	0.905063	0.933735	0.974684	0.930636	0.944828	0.869048	0.900000	0.853801	0.942029	0.928994	0.906977	0.831169	0.884615	0.952055	0.924419	0.884146	0.857143
wceod-11	0.950980	0.965812	0.981982	0.880342	0.926230	0.963636	0.948276	0.974359	0.960784	0.842520	0.892562	0.948276	0.948276	0.888000	0.946903	0.941176	0.969072	0.951456	0.907407	0.889831
wceod	0.255176	0.308669	0.292151	0.266615	0.290037	0.333924	0.293409	0.288152	0.371346	0.315693	0.205711	0.319102	0.270218	0.227114	0.272120	0.243831	0.256252	0.284790	0.241309	0.185939
