accuracy	0.861023	0.858707	0.857865	0.854917	0.855970	0.861023	0.862919	0.854706	0.861023	0.857023	0.863761	0.860602	0.853232	0.859549	0.866077	0.859549	0.854285	0.865024	0.858497	0.852811
recall	0.677493	0.654716	0.629426	0.628105	0.650839	0.652202	0.671428	0.654904	0.666685	0.653802	0.637551	0.660054	0.648657	0.671532	0.669326	0.647841	0.701498	0.678909	0.666353	0.664540
precision	0.760520	0.776602	0.788854	0.792595	0.755798	0.777311	0.765785	0.759043	0.796904	0.762642	0.804538	0.785593	0.760020	0.775343	0.775927	0.777950	0.756287	0.771567	0.751946	0.752718
f1score	0.705519	0.687307	0.661772	0.659932	0.680587	0.685231	0.701552	0.684735	0.701638	0.684449	0.672801	0.693821	0.678729	0.702973	0.701762	0.680754	0.722758	0.709266	0.694190	0.692295
mcc	0.430073	0.413739	0.386705	0.387211	0.392857	0.410888	0.426910	0.400634	0.444924	0.401970	0.409339	0.427599	0.393212	0.434650	0.432303	0.405425	0.454494	0.440843	0.409448	0.407834
spd0-0	0.099780	0.089460	0.078186	0.059481	0.099253	0.086312	0.078924	0.102587	0.075413	0.094010	0.048352	0.084918	0.114121	0.096293	0.089892	0.084150	0.125393	0.090671	0.096549	0.112461
spd0-1	0.111964	0.085508	0.058340	0.075209	0.082929	0.081874	0.117291	0.085900	0.104067	0.087734	0.085691	0.091238	0.068082	0.102483	0.096122	0.079505	0.139461	0.112016	0.106098	0.096991
spd0	0.012184	0.003952	0.019846	0.015728	0.016325	0.004438	0.038367	0.016687	0.028654	0.006276	0.037340	0.006320	0.046039	0.006190	0.006230	0.004645	0.014068	0.021345	0.009549	0.015469
aod0-0	0.506780	0.486514	0.412980	0.338756	0.477683	0.445464	0.429129	0.493648	0.414960	0.481772	0.308743	0.428986	0.538130	0.477804	0.467960	0.455160	0.563342	0.466717	0.492649	0.516558
aod0-1	0.414250	0.317375	0.238200	0.282886	0.319300	0.320774	0.428906	0.324407	0.386585	0.325790	0.327456	0.357921	0.275205	0.389206	0.378678	0.301712	0.501200	0.427961	0.387587	0.365123
aod0	0.046265	0.084570	0.087390	0.027935	0.079191	0.062345	0.000112	0.084621	0.014187	0.077991	0.009357	0.035532	0.131463	0.044299	0.044641	0.076724	0.031071	0.019378	0.052531	0.075718
eod0-0	0.461279	0.449477	0.381107	0.320132	0.429508	0.409677	0.392593	0.445860	0.389610	0.440000	0.296167	0.392157	0.477509	0.437299	0.426621	0.422819	0.496711	0.425676	0.444840	0.458746
eod0-1	0.366197	0.286252	0.222664	0.255682	0.287449	0.291242	0.381044	0.290837	0.350000	0.290514	0.296875	0.329480	0.258912	0.350097	0.345603	0.271120	0.445672	0.384615	0.342574	0.328215
eod0	0.095082	0.163225	0.158443	0.064450	0.142059	0.118435	0.011548	0.155023	0.039610	0.149486	0.000708	0.062677	0.218597	0.087202	0.081018	0.151699	0.051038	0.041060	0.102266	0.130531
spd1-0	0.065913	0.058531	0.041250	0.042447	0.058073	0.057143	0.078799	0.058642	0.050837	0.058786	0.054087	0.049779	0.065368	0.060923	0.068182	0.057001	0.087940	0.071518	0.056277	0.079751
spd1-1	0.126426	0.102132	0.081613	0.080712	0.106851	0.097353	0.109206	0.112176	0.110969	0.106726	0.074952	0.107527	0.102280	0.119718	0.105529	0.094418	0.155527	0.116957	0.124840	0.116730
spd1	0.060512	0.043601	0.040363	0.038265	0.048778	0.040211	0.030407	0.053534	0.060132	0.047939	0.020865	0.057747	0.036912	0.058795	0.037347	0.037417	0.067588	0.045439	0.068563	0.036980
aod1-0	0.329005	0.303693	0.231225	0.203593	0.271753	0.277633	0.379422	0.282807	0.248832	0.252108	0.289582	0.281151	0.318203	0.306624	0.343710	0.288146	0.382319	0.373193	0.273554	0.368858
aod1-1	0.499225	0.407927	0.336479	0.341036	0.427143	0.404536	0.446335	0.434279	0.454947	0.436307	0.330584	0.425143	0.398343	0.474452	0.442912	0.389510	0.586562	0.470094	0.488483	0.445461
aod1	0.085110	0.052117	0.052627	0.068722	0.077695	0.063451	0.033456	0.075736	0.103058	0.092100	0.020501	0.071996	0.040070	0.083914	0.049601	0.050682	0.102122	0.048451	0.107465	0.038301
eod1-0	0.302632	0.281938	0.218182	0.185345	0.245614	0.251163	0.342466	0.255605	0.229167	0.219731	0.272340	0.265116	0.292373	0.286290	0.317181	0.267782	0.341365	0.344186	0.247748	0.330396
eod1-1	0.441696	0.367174	0.306780	0.315526	0.380035	0.368601	0.401408	0.386172	0.417763	0.394511	0.306738	0.383607	0.353242	0.424138	0.400000	0.352113	0.515050	0.420870	0.430851	0.393635
eod1	0.139065	0.085236	0.088598	0.130181	0.134421	0.117438	0.058943	0.130567	0.188596	0.174780	0.034397	0.118490	0.060869	0.137848	0.082819	0.084330	0.173685	0.076684	0.183103	0.063238
wcspd-00	0.050734	0.061252	0.045872	0.038251	0.063025	0.060893	0.057746	0.068241	0.035374	0.060192	0.036364	0.039894	0.072973	0.049202	0.059840	0.050894	0.064426	0.066578	0.056505	0.100551
wcspd-01	0.123853	0.103517	0.094072	0.069814	0.115803	0.098392	0.088575	0.119816	0.094954	0.109897	0.054485	0.107356	0.134259	0.120548	0.104259	0.100066	0.154203	0.102398	0.116492	0.118236
wcspd-10	0.079384	0.056140	0.037037	0.045977	0.053927	0.053828	0.095613	0.050117	0.063781	0.057579	0.070012	0.058683	0.058754	0.071019	0.075721	0.062007	0.107062	0.075919	0.056075	0.062571
wcspd-11	0.128834	0.100856	0.069505	0.090688	0.098209	0.096356	0.129397	0.104969	0.125767	0.103662	0.094001	0.107683	0.072904	0.118990	0.106784	0.089109	0.156744	0.130893	0.132793	0.115361
wcspd	0.078100	0.047377	0.057035	0.052436	0.061876	0.044565	0.071651	0.069699	0.090393	0.052318	0.057638	0.067789	0.075505	0.071346	0.046943	0.049172	0.092318	0.064315	0.076718	0.055665
wcaod-00	0.366425	0.437067	0.320210	0.237573	0.321284	0.340169	0.360226	0.391799	0.217776	0.320231	0.301695	0.313106	0.373945	0.308435	0.343259	0.347381	0.311974	0.391386	0.366923	0.535989
wcaod-01	0.556963	0.507728	0.444678	0.373544	0.529494	0.475603	0.450030	0.531605	0.484689	0.526233	0.311628	0.467229	0.612409	0.554662	0.511544	0.494276	0.652905	0.497321	0.542640	0.510336
wcaod-10	0.315482	0.233505	0.184117	0.187322	0.243009	0.243419	0.389141	0.218133	0.265946	0.220980	0.288299	0.267467	0.280931	0.307435	0.340880	0.261363	0.414586	0.361463	0.225391	0.276653
wcaod-11	0.460549	0.351043	0.261718	0.323721	0.355363	0.354947	0.447449	0.368578	0.439743	0.374642	0.346233	0.395507	0.273143	0.425275	0.396952	0.321560	0.542529	0.455315	0.456536	0.403161
wcaod	0.120741	0.137112	0.130280	0.093111	0.143242	0.116092	0.044902	0.156736	0.133457	0.152626	0.028967	0.099881	0.169633	0.123614	0.085332	0.116457	0.170466	0.067929	0.158624	0.129668
wceod-00	0.347222	0.417722	0.301370	0.220779	0.283784	0.304348	0.327869	0.358025	0.202532	0.281250	0.291667	0.298507	0.337079	0.294737	0.310811	0.328947	0.272727	0.361446	0.342105	0.480519
wceod-01	0.497778	0.461538	0.405983	0.353982	0.476190	0.439834	0.411483	0.476395	0.454148	0.483051	0.297674	0.418410	0.540000	0.500000	0.465753	0.454955	0.572687	0.450704	0.482927	0.451327
wceod-10	0.282051	0.209459	0.176871	0.167742	0.227273	0.226027	0.348101	0.197183	0.242236	0.194969	0.263804	0.250000	0.265306	0.281046	0.320261	0.239264	0.372093	0.333333	0.198630	0.253333
wceod-11	0.404692	0.315927	0.241573	0.292225	0.314706	0.318841	0.395543	0.327778	0.395778	0.334294	0.312321	0.361186	0.256477	0.379121	0.357143	0.286127	0.479784	0.403315	0.401114	0.358491
wceod	0.215726	0.252079	0.229112	0.186240	0.248918	0.213807	0.083614	0.279212	0.251617	0.288082	0.048517	0.168410	0.283523	0.218954	0.154943	0.215691	0.299960	0.117371	0.284297	0.227186
