accuracy	0.857023	0.854075	0.854706	0.853022	0.857023	0.860392	0.861866	0.851548	0.856812	0.856391	0.862497	0.858707	0.849021	0.856812	0.865866	0.858075	0.852601	0.864182	0.853864	0.852601
recall	0.646403	0.633524	0.608889	0.613683	0.637993	0.634905	0.650941	0.626774	0.639664	0.633187	0.625310	0.641197	0.625430	0.651773	0.651232	0.630200	0.675515	0.663712	0.628899	0.641880
precision	0.759003	0.771045	0.795527	0.800838	0.767474	0.789307	0.772406	0.762188	0.804897	0.773479	0.813952	0.793797	0.755600	0.776980	0.787427	0.786440	0.758991	0.776281	0.749044	0.762587
f1score	0.676861	0.664455	0.637227	0.642861	0.669306	0.668291	0.683521	0.656138	0.673831	0.664639	0.659174	0.675107	0.653842	0.684201	0.686067	0.662530	0.702905	0.696485	0.657720	0.672207
mcc	0.389456	0.380479	0.358773	0.369865	0.384237	0.395114	0.405548	0.364629	0.412714	0.381700	0.396693	0.407349	0.358106	0.410065	0.416981	0.386235	0.426412	0.425349	0.358339	0.386036
spd0-0	0.092747	0.081045	0.069114	0.056351	0.093105	0.077594	0.074074	0.093819	0.074074	0.084827	0.049231	0.080938	0.100355	0.091320	0.081290	0.077916	0.117303	0.085440	0.089559	0.094467
spd0-1	0.080032	0.071457	0.041906	0.059292	0.064725	0.063544	0.092301	0.056321	0.070973	0.064175	0.068715	0.068730	0.054065	0.081987	0.075908	0.060727	0.106973	0.094908	0.066260	0.076010
spd0	0.012715	0.009588	0.027208	0.002941	0.028380	0.014050	0.018227	0.037498	0.003101	0.020652	0.019484	0.012208	0.046290	0.009333	0.005383	0.017189	0.010330	0.009468	0.023299	0.018457
aod0-0	0.467215	0.435197	0.377688	0.326786	0.453954	0.419052	0.414014	0.456717	0.407949	0.445732	0.315711	0.416113	0.475125	0.450502	0.434750	0.430919	0.540128	0.443443	0.451013	0.451253
aod0-1	0.305002	0.266565	0.174849	0.227981	0.264656	0.255092	0.346035	0.222007	0.275881	0.249256	0.269963	0.281237	0.220475	0.320287	0.312094	0.237173	0.394302	0.371713	0.253744	0.294649
aod0	0.081106	0.084316	0.101419	0.049402	0.094649	0.081980	0.033989	0.117355	0.066034	0.098238	0.022874	0.067438	0.127325	0.065107	0.061328	0.096873	0.072913	0.035865	0.098634	0.078302
eod0-0	0.424242	0.400697	0.351792	0.310231	0.409836	0.390323	0.381481	0.414013	0.383117	0.410000	0.303136	0.382353	0.422145	0.411576	0.399317	0.402685	0.480263	0.405405	0.405694	0.405941
eod0-1	0.273642	0.241055	0.165010	0.208333	0.244939	0.234216	0.311412	0.203187	0.255556	0.227273	0.248047	0.263969	0.208255	0.292070	0.290389	0.216110	0.355433	0.338057	0.229703	0.268714
eod0	0.150601	0.159642	0.186782	0.101898	0.164897	0.156107	0.070069	0.210825	0.127561	0.182727	0.055089	0.118384	0.213890	0.119506	0.108929	0.186575	0.124830	0.067349	0.175991	0.137227
spd1-0	0.055869	0.046700	0.028125	0.038077	0.049138	0.044444	0.071920	0.046296	0.048977	0.045512	0.055317	0.044108	0.045883	0.054154	0.055556	0.048327	0.076633	0.063990	0.046382	0.054829
spd1-1	0.101394	0.090996	0.068911	0.068001	0.092709	0.083176	0.089524	0.088846	0.084503	0.088412	0.061499	0.089817	0.091197	0.103073	0.090047	0.079426	0.129553	0.103645	0.093550	0.099873
spd1	0.045525	0.044296	0.040786	0.029924	0.043571	0.038731	0.017604	0.042550	0.035525	0.042900	0.006183	0.045708	0.045314	0.048919	0.034492	0.031099	0.052920	0.039655	0.047168	0.045044
aod1-0	0.277097	0.238393	0.181621	0.187742	0.239463	0.239432	0.359927	0.230805	0.239770	0.202919	0.298092	0.262825	0.239336	0.272188	0.299624	0.257223	0.352558	0.340935	0.220420	0.280957
aod1-1	0.405212	0.363007	0.283028	0.293413	0.381174	0.350185	0.372885	0.348645	0.358407	0.371356	0.279612	0.360784	0.349158	0.414080	0.385834	0.332813	0.491727	0.422730	0.371454	0.384897
aod1	0.064058	0.062307	0.050704	0.052835	0.070856	0.055377	0.006479	0.058920	0.059318	0.084219	0.009240	0.048980	0.054911	0.070946	0.043105	0.037795	0.069584	0.040898	0.075517	0.051970
eod1-0	0.254386	0.220264	0.177273	0.172414	0.219298	0.223256	0.328767	0.210762	0.220833	0.179372	0.280851	0.251163	0.224576	0.254032	0.281938	0.242678	0.321285	0.316279	0.198198	0.259912
eod1-1	0.360424	0.326565	0.257627	0.273790	0.343257	0.320819	0.338028	0.311973	0.333882	0.339623	0.262411	0.327869	0.307167	0.372414	0.351351	0.302817	0.433110	0.380870	0.329787	0.341709
eod1	0.106038	0.106301	0.080354	0.101376	0.123959	0.097563	0.009261	0.101211	0.113048	0.160250	0.018440	0.076706	0.082591	0.118382	0.069413	0.060139	0.111825	0.064590	0.131589	0.081797
wcspd-00	0.029372	0.035952	0.018349	0.028689	0.043417	0.033829	0.042254	0.041995	0.031293	0.031464	0.038961	0.027926	0.031081	0.034574	0.033245	0.031637	0.039216	0.050599	0.035480	0.045455
wcspd-01	0.123853	0.103517	0.094072	0.069814	0.115803	0.098392	0.088575	0.119816	0.094954	0.109897	0.054485	0.107356	0.134259	0.120548	0.104259	0.100066	0.154203	0.102398	0.116492	0.118236
wcspd-10	0.079384	0.056140	0.037037	0.045977	0.053927	0.053828	0.095613	0.050117	0.063781	0.057579	0.070012	0.058683	0.058754	0.071019	0.075721	0.062007	0.107062	0.075919	0.056075	0.062571
wcspd-11	0.080368	0.079462	0.044458	0.066342	0.070414	0.068561	0.090452	0.059627	0.074847	0.067660	0.068027	0.073805	0.051640	0.087740	0.076005	0.060025	0.106926	0.104839	0.071696	0.083182
wcspd	0.094481	0.067565	0.075724	0.041125	0.072386	0.064563	0.053360	0.077821	0.063661	0.078433	0.031051	0.079430	0.103178	0.085973	0.071015	0.068429	0.114987	0.054240	0.081013	0.072782
wcaod-00	0.206261	0.252411	0.179531	0.192505	0.227703	0.232317	0.298719	0.253657	0.190935	0.161615	0.329473	0.259571	0.171128	0.219659	0.217452	0.256144	0.226631	0.310115	0.214887	0.291217
wcaod-01	0.556963	0.507728	0.444678	0.373544	0.529494	0.475603	0.450030	0.531605	0.484689	0.526233	0.311628	0.467229	0.612409	0.554662	0.511544	0.494276	0.652905	0.497321	0.542640	0.510336
wcaod-10	0.315482	0.233505	0.184117	0.187322	0.243009	0.243419	0.389141	0.218133	0.265946	0.220980	0.288299	0.267467	0.280931	0.307435	0.340880	0.261363	0.414586	0.361463	0.225391	0.276653
wcaod-11	0.300051	0.279600	0.171394	0.244886	0.274833	0.260444	0.326084	0.223156	0.279599	0.261853	0.261192	0.286702	0.196846	0.325934	0.299079	0.225675	0.384572	0.376579	0.264830	0.302362
wcaod	0.175351	0.137112	0.136642	0.093111	0.150896	0.121643	0.075655	0.156736	0.146877	0.182309	0.034140	0.103829	0.220640	0.167502	0.147046	0.134301	0.213137	0.093603	0.163876	0.116842
wceod-00	0.194444	0.240506	0.178082	0.181818	0.202703	0.217391	0.278689	0.234568	0.177215	0.140625	0.319444	0.253731	0.157303	0.210526	0.202703	0.250000	0.207792	0.289157	0.197368	0.272727
wceod-01	0.497778	0.461538	0.405983	0.353982	0.476190	0.439834	0.411483	0.476395	0.454148	0.483051	0.297674	0.418410	0.540000	0.500000	0.465753	0.454955	0.572687	0.450704	0.482927	0.451327
wceod-10	0.282051	0.209459	0.176871	0.167742	0.227273	0.226027	0.348101	0.197183	0.242236	0.194969	0.263804	0.250000	0.265306	0.281046	0.320261	0.239264	0.372093	0.333333	0.198630	0.253333
wceod-11	0.269795	0.253264	0.160112	0.225201	0.252941	0.237681	0.295265	0.205556	0.261214	0.242075	0.240688	0.269542	0.186528	0.296703	0.276786	0.205202	0.347709	0.339779	0.242340	0.274933
wceod	0.303333	0.252079	0.245871	0.186240	0.273488	0.222443	0.132795	0.279212	0.276933	0.342426	0.078757	0.168410	0.382697	0.289474	0.263051	0.249753	0.364895	0.161548	0.285558	0.197994
