accuracy	0.656813	0.668360	0.627714	0.667898	0.662356	0.644342	0.635566	0.644804	0.664665	0.672517	0.688684	0.646651	0.661432	0.676674	0.682679	0.675289	0.645266	0.670208	0.672979	0.661432
recall	0.636096	0.652997	0.597091	0.652081	0.635886	0.615330	0.610240	0.618553	0.646945	0.651265	0.676938	0.624402	0.648831	0.656198	0.670017	0.659120	0.626016	0.644368	0.655911	0.647015
precision	0.679692	0.679051	0.670104	0.676647	0.659970	0.667163	0.649247	0.673023	0.667391	0.670839	0.688013	0.660276	0.679454	0.679488	0.684506	0.690577	0.677669	0.688282	0.679107	0.659886
f1score	0.624622	0.648632	0.565894	0.648387	0.634468	0.599141	0.596712	0.600910	0.645045	0.651304	0.677851	0.614414	0.640705	0.655310	0.670023	0.653918	0.608065	0.636980	0.653686	0.646707
mcc	0.312764	0.331024	0.257026	0.327809	0.294875	0.277697	0.256539	0.286443	0.313671	0.321508	0.364783	0.282409	0.326854	0.334877	0.354227	0.348280	0.299260	0.329739	0.334215	0.306631
spd0-0	0.722032	0.661494	0.805269	0.657880	0.668219	0.750287	0.727062	0.755277	0.643796	0.642244	0.594767	0.705215	0.670133	0.655193	0.620889	0.680802	0.741097	0.717816	0.654378	0.619048
spd0-1	0.864407	0.830588	0.930788	0.828571	0.845638	0.912530	0.884876	0.902913	0.841346	0.839713	0.773034	0.895262	0.861751	0.815965	0.754630	0.814286	0.906566	0.863529	0.813520	0.781991
spd0	0.142375	0.169094	0.125518	0.170692	0.177419	0.162243	0.157814	0.147636	0.197550	0.197469	0.178266	0.190046	0.191618	0.160772	0.133741	0.133483	0.165469	0.145713	0.159142	0.162943
aod0-0	1.429970	1.314029	1.603530	1.304798	1.309094	1.484445	1.443105	1.497082	1.268836	1.262053	1.171941	1.395495	1.340095	1.289102	1.221065	1.345592	1.471865	1.415248	1.289923	1.219832
aod0-1	1.687647	1.577522	1.818347	1.581693	1.613928	1.780332	1.720397	1.761832	1.632877	1.592281	1.451876	1.745809	1.651760	1.545455	1.431665	1.573643	1.779956	1.670909	1.565849	1.491324
aod0	0.128838	0.131747	0.107408	0.138447	0.152417	0.147943	0.138646	0.132375	0.182020	0.165114	0.139967	0.175157	0.155832	0.128176	0.105300	0.114026	0.154046	0.127830	0.137963	0.135746
eod0-0	0.858542	0.806920	0.900442	0.804204	0.785037	0.859291	0.831858	0.870270	0.787716	0.780618	0.761905	0.824411	0.817552	0.799127	0.778261	0.837158	0.868335	0.857912	0.805223	0.755940
eod0-1	0.926357	0.924460	0.971631	0.912727	0.940972	0.973881	0.941176	0.961832	0.900000	0.912892	0.876712	0.956693	0.940351	0.909091	0.880150	0.906977	0.962963	0.930909	0.897059	0.871324
eod0	0.067815	0.117541	0.071189	0.108524	0.155935	0.114590	0.109318	0.091562	0.112284	0.132274	0.114808	0.132282	0.122799	0.109964	0.101889	0.069818	0.094628	0.072997	0.091836	0.115384
spd1-0	0.736510	0.676988	0.868094	0.679205	0.707833	0.833333	0.784147	0.793952	0.676284	0.654861	0.595804	0.757163	0.717984	0.656643	0.596877	0.690309	0.780556	0.729711	0.678995	0.598878
spd1-1	0.773713	0.728495	0.751743	0.712963	0.699198	0.684913	0.712766	0.763122	0.692204	0.731034	0.700680	0.710013	0.688666	0.751020	0.742063	0.738192	0.753103	0.778075	0.699454	0.751015
spd1	0.037203	0.051507	0.116351	0.033758	0.008636	0.148420	0.071381	0.030830	0.015920	0.076173	0.104876	0.047150	0.029318	0.094377	0.145186	0.047883	0.027452	0.048364	0.020458	0.152137
aod1-0	1.467902	1.349320	1.727075	1.349516	1.394773	1.657646	1.558266	1.583118	1.335151	1.293581	1.174312	1.511271	1.439625	1.294868	1.182202	1.376595	1.557146	1.438500	1.342622	1.183270
aod1-1	1.480098	1.395553	1.456857	1.365712	1.327206	1.300443	1.376786	1.467078	1.322267	1.376019	1.333763	1.345511	1.306672	1.445692	1.414803	1.407332	1.459270	1.502697	1.338730	1.455896
aod1	0.006098	0.023116	0.135109	0.008098	0.033784	0.178601	0.090740	0.058020	0.006442	0.041219	0.079725	0.082880	0.066477	0.075412	0.116301	0.015369	0.048938	0.032098	0.001946	0.136313
eod1-0	0.859890	0.832178	0.952694	0.827586	0.838371	0.938942	0.891599	0.913103	0.806623	0.795784	0.769025	0.874116	0.868966	0.820717	0.757202	0.847434	0.908345	0.863158	0.830892	0.753020
eod1-1	0.895323	0.838852	0.854118	0.832599	0.794118	0.798701	0.804396	0.854978	0.823928	0.837259	0.825112	0.821206	0.812207	0.834783	0.871179	0.860619	0.853828	0.894144	0.818182	0.830022
eod1	0.035433	0.006675	0.098576	0.005013	0.044253	0.140240	0.087203	0.058125	0.017305	0.041475	0.056087	0.052910	0.056759	0.014065	0.113977	0.013185	0.054516	0.030986	0.012710	0.077002
wcspd-00	0.713555	0.652801	0.858705	0.652659	0.685345	0.818182	0.763937	0.781879	0.642735	0.623116	0.560684	0.735345	0.688538	0.628963	0.575000	0.668092	0.759367	0.704605	0.651282	0.569856
wcspd-01	0.739206	0.679715	0.691203	0.668394	0.632616	0.612847	0.653310	0.698752	0.645941	0.683544	0.667273	0.647351	0.628083	0.711152	0.713787	0.706597	0.702465	0.743633	0.660777	0.722420
wcspd-10	0.842520	0.794239	0.911197	0.806584	0.809339	0.904000	0.871698	0.856522	0.832669	0.808943	0.753846	0.864407	0.852273	0.779468	0.698795	0.792157	0.887029	0.838346	0.802281	0.738776
wcspd-11	0.899371	0.879121	0.962500	0.858757	0.894737	0.924855	0.904494	0.961538	0.854545	0.883721	0.800000	0.939394	0.876471	0.867021	0.830601	0.848485	0.936306	0.905660	0.831325	0.841808
wcspd	0.185816	0.226320	0.271297	0.206098	0.262120	0.312008	0.251184	0.262786	0.211810	0.260605	0.239316	0.292043	0.248387	0.238058	0.255601	0.180392	0.233841	0.201056	0.180043	0.271952
wcaod-00	1.433593	1.320926	1.718769	1.313509	1.363977	1.637877	1.531447	1.570205	1.284468	1.245258	1.125701	1.475242	1.400102	1.259345	1.152776	1.347102	1.525683	1.402965	1.301434	1.139448
wcaod-01	1.410563	1.304941	1.348012	1.284658	1.186191	1.150568	1.262851	1.330113	1.231302	1.295899	1.278291	1.228670	1.200461	1.367291	1.359535	1.341568	1.355827	1.436217	1.269051	1.403669
wcaod-10	1.648744	1.497955	1.771730	1.528593	1.516153	1.757292	1.691505	1.650710	1.628084	1.539535	1.415599	1.697131	1.644784	1.445438	1.315379	1.531080	1.737001	1.605270	1.550813	1.395604
wcaod-11	1.750258	1.682051	1.900349	1.656410	1.744937	1.813997	1.763348	1.905983	1.649393	1.684689	1.502841	1.831281	1.660600	1.689778	1.589760	1.639589	1.846048	1.781033	1.589080	1.635593
wcaod	0.169847	0.188555	0.276169	0.185876	0.279373	0.331714	0.250249	0.287935	0.209046	0.219716	0.188570	0.301306	0.230070	0.215217	0.218492	0.149011	0.245111	0.189034	0.160015	0.248073
wceod-00	0.847902	0.816071	0.949153	0.805996	0.811765	0.929188	0.879646	0.905172	0.788756	0.767947	0.743945	0.857645	0.850719	0.795181	0.737391	0.837168	0.897436	0.845238	0.816014	0.725888
wceod-01	0.876081	0.791667	0.808917	0.801187	0.740113	0.744318	0.752212	0.811594	0.785924	0.802941	0.793846	0.772603	0.758065	0.805970	0.846377	0.837143	0.817365	0.879765	0.786145	0.808955
wceod-10	0.903846	0.888199	0.964912	0.905063	0.933735	0.974684	0.930636	0.944828	0.869048	0.900000	0.853801	0.942029	0.928994	0.906977	0.831169	0.884615	0.952055	0.924419	0.884146	0.857143
wceod-11	0.960784	0.974359	0.981982	0.923077	0.950820	0.972727	0.956897	0.982906	0.950980	0.929134	0.909091	0.974138	0.956897	0.912000	0.946903	0.941176	0.979381	0.941748	0.916667	0.889831
wceod	0.112882	0.182692	0.173065	0.121890	0.210707	0.230365	0.204684	0.171312	0.165057	0.161187	0.165146	0.201535	0.198832	0.116819	0.209511	0.104034	0.162016	0.096509	0.130522	0.163942
