accuracy	0.844993	0.845418	0.847119	0.856687	0.847969	0.855411	0.850308	0.845205	0.848182	0.848820	0.857112	0.841803	0.850521	0.853285	0.841378	0.866256	0.838826	0.855199	0.849245	0.848182
recall	0.600211	0.596666	0.636160	0.623519	0.592371	0.630268	0.622210	0.614427	0.619078	0.605698	0.625874	0.580826	0.625452	0.632620	0.619807	0.638193	0.571680	0.619591	0.622124	0.591611
precision	0.731880	0.760196	0.750177	0.765849	0.775485	0.770718	0.751283	0.758765	0.740929	0.762550	0.751554	0.747740	0.742359	0.769373	0.742865	0.772460	0.761376	0.743461	0.753353	0.744437
f1score	0.623266	0.619461	0.664448	0.653610	0.614491	0.661134	0.650230	0.641000	0.645794	0.631398	0.655180	0.597842	0.653070	0.663239	0.645726	0.671288	0.583953	0.647512	0.650109	0.613407
mcc	0.304874	0.317188	0.369129	0.362422	0.319041	0.375585	0.350481	0.344149	0.338758	0.333174	0.355888	0.283011	0.348738	0.378017	0.341156	0.388084	0.273754	0.341267	0.351798	0.299286
spd0-0	0.094134	0.074842	0.092176	0.070765	0.060412	0.075137	0.087366	0.075056	0.084979	0.069401	0.073149	0.053706	0.095066	0.076101	0.083446	0.077063	0.058688	0.078075	0.083028	0.068844
spd0-1	0.038738	0.039839	0.081081	0.067158	0.041303	0.071400	0.061918	0.063761	0.066508	0.053140	0.073141	0.044490	0.063352	0.076140	0.074014	0.068482	0.026782	0.065600	0.066191	0.041855
spd0	0.055396	0.035003	0.011095	0.003607	0.019109	0.003737	0.025447	0.011295	0.018471	0.016261	0.000008	0.009216	0.031714	0.000039	0.009432	0.008580	0.031905	0.012475	0.016836	0.026989
aod0-0	0.465729	0.391199	0.453954	0.359466	0.319049	0.393071	0.422427	0.391041	0.410614	0.366916	0.398015	0.290230	0.462538	0.391629	0.394240	0.468543	0.297148	0.409751	0.413252	0.375156
aod0-1	0.148224	0.154111	0.291447	0.268036	0.166115	0.276551	0.242462	0.230294	0.248818	0.202655	0.272470	0.156736	0.242989	0.286130	0.263842	0.269139	0.110105	0.247857	0.250673	0.154890
aod0	0.158753	0.118544	0.081253	0.045715	0.076467	0.058260	0.089983	0.080373	0.080898	0.082130	0.062772	0.066747	0.109775	0.052750	0.065199	0.099702	0.093521	0.080947	0.081290	0.110133
eod0-0	0.416974	0.357143	0.407143	0.325088	0.293286	0.358696	0.376344	0.356115	0.366906	0.334559	0.363636	0.266904	0.412409	0.359736	0.350694	0.434043	0.269091	0.370656	0.371324	0.342205
eod0-1	0.134615	0.142322	0.261426	0.246465	0.154580	0.252874	0.223507	0.207957	0.222437	0.185741	0.241935	0.137996	0.220273	0.257367	0.235935	0.245545	0.105072	0.220884	0.228037	0.139265
eod0	0.282359	0.214821	0.145717	0.078624	0.138706	0.105822	0.152837	0.148159	0.144469	0.148818	0.121701	0.128908	0.192136	0.102369	0.114760	0.188498	0.164018	0.149773	0.143286	0.202940
spd1-0	0.030014	0.027098	0.070081	0.057162	0.032531	0.061141	0.046433	0.040158	0.056452	0.034937	0.055848	0.034182	0.048485	0.056932	0.047202	0.042208	0.020216	0.049407	0.047588	0.031060
spd1-1	0.080321	0.070219	0.093818	0.074505	0.058749	0.078613	0.086727	0.082915	0.083670	0.073132	0.081421	0.055746	0.091983	0.085047	0.092857	0.087259	0.051258	0.081947	0.086520	0.065798
spd1	0.050308	0.043121	0.023737	0.017343	0.026218	0.017472	0.040293	0.042757	0.027219	0.038195	0.025573	0.021564	0.043498	0.028114	0.045656	0.045051	0.031043	0.032540	0.038933	0.034738
aod1-0	0.158152	0.167038	0.352628	0.302074	0.196313	0.329313	0.261119	0.226435	0.282450	0.221499	0.282834	0.190160	0.247346	0.280813	0.219717	0.229812	0.122335	0.260216	0.237036	0.178731
aod1-1	0.301025	0.264009	0.349214	0.304168	0.231108	0.315721	0.327234	0.307314	0.316692	0.276098	0.330251	0.209534	0.350844	0.340928	0.340839	0.370109	0.195312	0.321026	0.334985	0.250022
aod1	0.071436	0.048486	0.001707	0.001047	0.017398	0.006796	0.033057	0.040440	0.017121	0.027300	0.023708	0.009687	0.051749	0.030057	0.060561	0.070148	0.036489	0.030405	0.048975	0.035645
eod1-0	0.147059	0.158730	0.319372	0.278607	0.185185	0.306533	0.243386	0.211340	0.254054	0.212435	0.258537	0.177083	0.225641	0.253807	0.194872	0.209945	0.117647	0.236264	0.216346	0.165714
eod1-1	0.260647	0.233600	0.308176	0.273830	0.208738	0.283806	0.287356	0.271586	0.278689	0.243464	0.293694	0.184466	0.307432	0.308943	0.299689	0.336315	0.173355	0.283478	0.297162	0.219835
eod1	0.113589	0.074870	0.011196	0.004777	0.023553	0.022726	0.043970	0.060245	0.024634	0.031029	0.035157	0.007383	0.081791	0.055136	0.104818	0.126370	0.055708	0.047215	0.080816	0.054120
wcspd-00	0.020231	0.023324	0.059574	0.045780	0.020468	0.048961	0.046477	0.030000	0.054096	0.025210	0.040404	0.022923	0.037147	0.047482	0.038849	0.039381	0.012195	0.037762	0.039823	0.021521
wcspd-01	0.128069	0.097911	0.107307	0.081946	0.078614	0.086728	0.104792	0.095738	0.098039	0.090365	0.087799	0.067524	0.120443	0.088918	0.103811	0.094983	0.078912	0.097446	0.102530	0.089866
wcspd-10	0.038760	0.030230	0.079589	0.066829	0.042204	0.071429	0.046398	0.048840	0.058264	0.043587	0.068758	0.044081	0.057882	0.065163	0.054569	0.044632	0.026570	0.059776	0.053892	0.039541
wcspd-11	0.038728	0.044632	0.081765	0.067326	0.040841	0.071387	0.069613	0.071127	0.070623	0.057704	0.075368	0.044686	0.065993	0.081423	0.083039	0.080336	0.026885	0.068356	0.072275	0.042952
wcspd	0.107838	0.074588	0.047733	0.036167	0.058146	0.037767	0.058394	0.065738	0.043943	0.065155	0.047395	0.044601	0.083296	0.041436	0.064962	0.055602	0.066717	0.059684	0.062707	0.068345
wcaod-00	0.151529	0.196897	0.328993	0.275734	0.182243	0.337022	0.291529	0.240218	0.311711	0.225232	0.325219	0.217824	0.272459	0.298645	0.225592	0.309949	0.111111	0.242399	0.240296	0.179128
wcaod-01	0.589821	0.452678	0.500677	0.392487	0.361729	0.413806	0.469005	0.441622	0.445668	0.418667	0.424477	0.314028	0.531033	0.422374	0.458526	0.523473	0.365736	0.471258	0.482170	0.429864
wcaod-10	0.164341	0.152843	0.368077	0.319826	0.205505	0.326946	0.242605	0.221840	0.265086	0.221274	0.268926	0.181421	0.236961	0.272689	0.217784	0.193395	0.129833	0.272548	0.236303	0.180551
wcaod-11	0.142384	0.154957	0.269420	0.249627	0.152252	0.259265	0.243267	0.233387	0.243068	0.197775	0.273261	0.148141	0.243339	0.289708	0.275510	0.293739	0.103098	0.239974	0.255041	0.146749
wcaod	0.223718	0.149918	0.115629	0.071430	0.104739	0.077271	0.113200	0.109891	0.101300	0.110446	0.077776	0.082943	0.147036	0.074843	0.120371	0.165039	0.131319	0.115642	0.122933	0.141558
wceod-00	0.146667	0.190476	0.297297	0.256410	0.177419	0.318841	0.271429	0.230769	0.285714	0.220588	0.312500	0.213115	0.260870	0.277778	0.207792	0.293103	0.111111	0.223881	0.223684	0.169811
wceod-01	0.520408	0.405530	0.446602	0.351220	0.325792	0.371981	0.411483	0.394366	0.394231	0.372549	0.380000	0.281818	0.463415	0.385281	0.402844	0.480226	0.325123	0.421875	0.428571	0.385714
wceod-10	0.147287	0.142857	0.333333	0.292683	0.188976	0.300000	0.226891	0.201550	0.234783	0.208000	0.234043	0.160305	0.206349	0.240000	0.186441	0.170732	0.121212	0.243478	0.212121	0.163934
wceod-11	0.130435	0.142157	0.241860	0.231183	0.143577	0.237245	0.222500	0.209906	0.218905	0.178922	0.245070	0.130653	0.224806	0.263021	0.249423	0.269634	0.100000	0.214099	0.233251	0.131646
wceod	0.389973	0.263373	0.204741	0.120037	0.182215	0.134736	0.188983	0.192816	0.175325	0.193627	0.145957	0.151165	0.257065	0.145281	0.216403	0.309494	0.225123	0.207776	0.216450	0.254069
