accuracy	0.733333	0.770000	0.730000	0.763333	0.716667	0.750000	0.743333	0.790000	0.753333	0.763333	0.773333	0.713333	0.733333	0.726667	0.713333	0.763333	0.770000	0.740000	0.766667	0.763333
recall	0.667029	0.668387	0.657546	0.685499	0.642603	0.660606	0.667907	0.698601	0.677778	0.669781	0.695241	0.629521	0.644373	0.631479	0.643076	0.680811	0.685619	0.673077	0.704350	0.692613
precision	0.671962	0.723738	0.694720	0.706506	0.671053	0.680124	0.730889	0.742410	0.704678	0.698691	0.757484	0.669756	0.703619	0.641183	0.664591	0.726514	0.737894	0.691268	0.735080	0.706767
f1score	0.669312	0.683249	0.666388	0.693750	0.649913	0.668137	0.678161	0.713528	0.687130	0.680137	0.710227	0.636394	0.653500	0.635556	0.649533	0.693750	0.699891	0.679891	0.714736	0.698638
mcc	0.338955	0.388199	0.350299	0.391442	0.312363	0.340171	0.393791	0.438829	0.381509	0.367336	0.448427	0.296561	0.342911	0.272490	0.306914	0.404753	0.420274	0.363891	0.438355	0.399129
spd0-0	0.692308	0.750000	0.764045	0.673077	0.639175	0.691489	0.724138	0.694118	0.730769	0.646465	0.715596	0.710000	0.733333	0.639175	0.705263	0.789474	0.720930	0.615385	0.695652	0.717391
spd0-1	0.744898	0.834906	0.767773	0.806122	0.817734	0.805825	0.821596	0.832558	0.775510	0.850746	0.832461	0.825000	0.846154	0.822660	0.765854	0.780488	0.817757	0.794258	0.769231	0.759615
spd0	0.052590	0.084906	0.003728	0.133046	0.178559	0.114336	0.097458	0.138440	0.044741	0.204282	0.116864	0.115000	0.112821	0.183485	0.060591	0.008986	0.096827	0.178874	0.073579	0.042224
aod0-0	1.312821	1.366667	1.442714	1.238562	1.223558	1.248276	1.386486	1.234962	1.363636	1.196970	1.361284	1.328125	1.329491	1.168864	1.341337	1.476190	1.368067	1.128571	1.336236	1.319937
aod0-1	1.300300	1.525526	1.418244	1.428571	1.512152	1.467259	1.532777	1.488636	1.387286	1.526047	1.509664	1.568724	1.624297	1.522353	1.414943	1.404694	1.472232	1.464912	1.343558	1.326599
aod0	0.006260	0.079430	0.012235	0.095005	0.144297	0.109491	0.073145	0.126837	0.011825	0.164539	0.074190	0.120299	0.147403	0.176744	0.036803	0.035748	0.052082	0.168170	0.003661	0.003331
eod0-0	0.800000	0.866667	0.862069	0.794118	0.692308	0.800000	0.900000	0.842105	0.863636	0.742424	0.904762	0.828125	0.897059	0.720588	0.813559	0.933333	0.882353	0.785714	0.849057	0.836066
eod0-1	0.832215	0.922078	0.874126	0.897959	0.927536	0.882353	0.911565	0.925000	0.868056	0.934211	0.921429	0.891304	0.902985	0.882353	0.848276	0.878378	0.910828	0.868421	0.887417	0.863636
eod0	0.032215	0.055411	0.012057	0.103842	0.235229	0.082353	0.011565	0.082895	0.004419	0.191786	0.016667	0.063179	0.005926	0.161765	0.034717	0.054955	0.028475	0.082707	0.038361	0.027571
spd1-0	0.661017	0.631579	0.659574	0.571429	0.737705	0.653846	0.600000	0.625000	0.548387	0.637931	0.563636	0.578125	0.622951	0.517857	0.500000	0.652174	0.653061	0.615385	0.561404	0.521739
spd1-1	0.742739	0.851852	0.786561	0.803279	0.765690	0.794355	0.832000	0.825397	0.815126	0.818182	0.840816	0.843220	0.853556	0.819672	0.798387	0.807087	0.816733	0.766129	0.790123	0.787402
spd1	0.081722	0.220273	0.126987	0.231850	0.027985	0.140509	0.232000	0.200397	0.266739	0.180251	0.277180	0.265095	0.230606	0.301815	0.298387	0.154913	0.163672	0.150744	0.228720	0.265662
aod1-0	1.306452	1.215909	1.264815	1.018492	1.472043	1.289355	1.237013	1.238261	0.968641	1.223039	1.080000	1.092308	1.235991	0.961905	0.921850	1.251462	1.357143	1.150327	1.107407	1.020952
aod1-1	1.307895	1.546605	1.461589	1.444331	1.391965	1.403731	1.539048	1.438542	1.490953	1.465705	1.547527	1.599042	1.587468	1.526140	1.493431	1.459547	1.455966	1.387077	1.400800	1.384211
aod1	0.000722	0.165348	0.098387	0.212919	0.040039	0.057188	0.151017	0.100140	0.261156	0.121333	0.233764	0.253367	0.175738	0.282118	0.285790	0.104043	0.049412	0.118375	0.146696	0.181629
eod1-0	0.806452	0.757576	0.814815	0.702703	0.838710	0.724138	0.772727	0.760000	0.682927	0.764706	0.800000	0.692308	0.718750	0.628571	0.606061	0.777778	0.857143	0.705882	0.700000	0.640000
eod1-1	0.825137	0.933702	0.879310	0.898876	0.854651	0.878307	0.925714	0.921875	0.911243	0.896739	0.936416	0.914110	0.935294	0.870968	0.883041	0.911602	0.909091	0.873563	0.908046	0.884211
eod1	0.018685	0.176126	0.064496	0.196174	0.015941	0.154169	0.152987	0.161875	0.228316	0.132033	0.136416	0.221803	0.216544	0.242396	0.276980	0.133824	0.051948	0.167681	0.208046	0.244211
wcspd-00	0.617647	0.655172	0.666667	0.525000	0.647059	0.600000	0.517241	0.590909	0.606061	0.531250	0.571429	0.542857	0.548387	0.411765	0.482759	0.703704	0.606061	0.588235	0.529412	0.500000
wcspd-01	0.728571	0.796610	0.794118	0.765625	0.634921	0.724638	0.827586	0.730159	0.788732	0.701493	0.765432	0.800000	0.810811	0.761905	0.803030	0.823529	0.792453	0.631579	0.793103	0.785714
wcspd-10	0.720000	0.607143	0.653846	0.687500	0.851852	0.703704	0.714286	0.653846	0.482759	0.769231	0.555556	0.620690	0.700000	0.681818	0.521739	0.578947	0.750000	0.666667	0.608696	0.541667
wcspd-11	0.748538	0.869565	0.783784	0.816667	0.812500	0.821229	0.833333	0.857143	0.826347	0.862857	0.878049	0.859649	0.872727	0.839779	0.796703	0.801075	0.823232	0.806283	0.789189	0.788043
wcspd	0.130891	0.262422	0.140271	0.291667	0.216931	0.221229	0.316092	0.266234	0.343589	0.331607	0.322493	0.316792	0.324340	0.428014	0.320272	0.244582	0.217172	0.218047	0.263692	0.288043
wcaod-00	1.256944	1.232323	1.277778	0.946667	1.305556	1.083333	1.186869	1.136752	1.095238	1.062500	1.097436	0.989510	1.112500	0.792982	0.932692	1.383333	1.309524	1.069597	1.135714	0.966667
wcaod-01	1.367347	1.434174	1.505929	1.431894	1.173469	1.316327	1.581646	1.254785	1.488034	1.328235	1.462121	1.513458	1.448338	1.438776	1.535895	1.499517	1.397436	1.163636	1.503374	1.448980
wcaod-10	1.400000	1.194872	1.254545	1.250000	1.683333	1.406593	1.436364	1.333333	0.822222	1.527778	1.066667	1.205882	1.416290	1.250000	0.921569	1.035714	1.460317	1.415385	1.196429	1.069930
wcaod-11	1.268253	1.586890	1.444216	1.444444	1.473999	1.438462	1.523109	1.517798	1.492686	1.516199	1.610667	1.637355	1.648504	1.556901	1.475405	1.449706	1.472162	1.469009	1.358519	1.351641
wcaod	0.071528	0.196009	0.125692	0.248889	0.254932	0.177564	0.197389	0.190523	0.335232	0.232639	0.272000	0.323922	0.268002	0.381959	0.307163	0.231901	0.081319	0.199706	0.183830	0.241156
wceod-00	0.812500	0.777778	0.833333	0.680000	0.750000	0.750000	0.909091	0.692308	0.761905	0.750000	0.866667	0.681818	0.800000	0.526316	0.625000	0.800000	0.833333	0.761905	0.785714	0.666667
wceod-01	0.795918	0.904762	0.869565	0.860465	0.673469	0.816327	0.897436	0.886364	0.911111	0.740000	0.916667	0.904762	0.924528	0.795918	0.883721	0.977778	0.897436	0.800000	0.871795	0.877551
wceod-10	0.800000	0.733333	0.800000	0.750000	0.933333	0.692308	0.636364	0.833333	0.600000	0.777778	0.733333	0.705882	0.647059	0.750000	0.588235	0.750000	0.888889	0.615385	0.625000	0.615385
wceod-11	0.835821	0.942446	0.882812	0.911111	0.926829	0.900000	0.933824	0.932432	0.911290	0.955224	0.944000	0.917355	0.940171	0.897810	0.882812	0.889706	0.912162	0.892086	0.918519	0.886525
wceod	0.039903	0.209113	0.082812	0.231111	0.259864	0.207692	0.297460	0.240125	0.311290	0.215224	0.210667	0.235537	0.293112	0.371494	0.295486	0.227778	0.078829	0.276702	0.293519	0.271140
