accuracy	0.863550	0.864393	0.858497	0.853022	0.859549	0.862919	0.858707	0.853653	0.858707	0.859339	0.863340	0.859760	0.858707	0.856391	0.867972	0.858497	0.859549	0.862076	0.860602	0.857444
recall	0.655355	0.665895	0.653834	0.640231	0.655486	0.656825	0.647521	0.645528	0.656969	0.657665	0.656267	0.655715	0.657258	0.651042	0.668920	0.646221	0.667727	0.660929	0.651805	0.663987
precision	0.781722	0.793396	0.771118	0.770466	0.767599	0.782523	0.760871	0.759671	0.795148	0.769802	0.783506	0.785252	0.777408	0.775646	0.783947	0.774261	0.788847	0.769325	0.765803	0.769343
f1score	0.689180	0.700920	0.685756	0.671315	0.687008	0.690626	0.678379	0.675675	0.691551	0.689347	0.690257	0.689422	0.689870	0.683272	0.702874	0.678591	0.701427	0.692639	0.683374	0.694960
mcc	0.418412	0.441239	0.408447	0.389500	0.407961	0.420982	0.392346	0.388789	0.430483	0.412496	0.420964	0.421512	0.417731	0.408089	0.438015	0.400513	0.440216	0.416376	0.401748	0.420327
spd0-0	0.057582	0.056244	0.060907	0.053220	0.074660	0.062772	0.061287	0.067514	0.062918	0.066900	0.056703	0.058824	0.067496	0.060127	0.065806	0.057435	0.064270	0.061029	0.061162	0.067027
spd0-1	0.107922	0.117623	0.113804	0.106645	0.102751	0.105906	0.107618	0.105754	0.105263	0.112510	0.109539	0.110129	0.108530	0.109184	0.113036	0.103875	0.120048	0.119348	0.109756	0.122724
spd0	0.050340	0.061379	0.052897	0.053425	0.028091	0.043134	0.046330	0.038239	0.042345	0.045610	0.052836	0.051305	0.041035	0.049057	0.047230	0.046440	0.055778	0.058319	0.048594	0.055697
aod0-0	0.346650	0.347246	0.337873	0.295334	0.396625	0.347480	0.332232	0.343248	0.351345	0.365667	0.348113	0.332651	0.366609	0.322766	0.376142	0.324876	0.340256	0.326201	0.339064	0.344436
aod0-1	0.397142	0.426843	0.409556	0.379681	0.380522	0.401222	0.391035	0.383449	0.388110	0.408252	0.397944	0.404493	0.396348	0.401939	0.428903	0.380587	0.443044	0.444711	0.401003	0.448684
aod0	0.025246	0.039799	0.035841	0.042173	0.008052	0.026871	0.029401	0.020100	0.018383	0.021293	0.024915	0.035921	0.014869	0.039586	0.026380	0.027855	0.051394	0.059255	0.030970	0.052124
eod0-0	0.329966	0.331010	0.315961	0.277228	0.367213	0.325806	0.303704	0.315287	0.331169	0.340000	0.331010	0.313725	0.339100	0.302251	0.351536	0.305369	0.315789	0.300676	0.313167	0.316832
eod0-1	0.350101	0.380414	0.359841	0.333333	0.336032	0.358452	0.346228	0.336653	0.350000	0.359684	0.351562	0.360308	0.354597	0.355899	0.384458	0.335953	0.399632	0.394737	0.354455	0.397313
eod0	0.020134	0.049404	0.043880	0.056106	0.031181	0.032646	0.042525	0.021367	0.018831	0.019684	0.020552	0.046583	0.015496	0.053649	0.032922	0.030584	0.083842	0.094061	0.041288	0.080481
spd1-0	0.070935	0.071606	0.079375	0.064919	0.070198	0.064762	0.078174	0.069753	0.065096	0.072693	0.076214	0.067423	0.076681	0.062769	0.070707	0.065675	0.076005	0.077792	0.064317	0.088474
spd1-1	0.090304	0.097041	0.092410	0.089927	0.098680	0.095148	0.089206	0.096516	0.095663	0.099463	0.088405	0.094877	0.095313	0.098592	0.099526	0.090271	0.102946	0.097940	0.097701	0.100827
spd1	0.019369	0.025435	0.013035	0.025008	0.028482	0.030386	0.011032	0.026763	0.030567	0.026770	0.012191	0.027454	0.018632	0.035822	0.028819	0.024596	0.026941	0.020148	0.033385	0.012353
aod1-0	0.345826	0.359403	0.378590	0.297898	0.340530	0.321700	0.394064	0.325839	0.317158	0.324523	0.372035	0.352549	0.362981	0.298885	0.368668	0.319069	0.351814	0.380444	0.313174	0.419493
aod1-1	0.386175	0.408158	0.378456	0.363910	0.403502	0.399191	0.358765	0.381365	0.394737	0.414123	0.377410	0.383271	0.392425	0.400591	0.422864	0.373478	0.425584	0.403589	0.401422	0.402746
aod1	0.020175	0.024378	0.000067	0.033006	0.031486	0.038746	0.017650	0.027763	0.038789	0.044800	0.002688	0.015361	0.014722	0.050853	0.027098	0.027205	0.036885	0.011573	0.044124	0.008374
eod1-0	0.315789	0.330396	0.340909	0.267241	0.311404	0.293023	0.360731	0.291480	0.291667	0.286996	0.340426	0.325581	0.330508	0.274194	0.343612	0.292887	0.321285	0.344186	0.283784	0.378855
eod1-1	0.353357	0.375635	0.344068	0.330551	0.362522	0.365188	0.320423	0.342327	0.363487	0.377358	0.345745	0.349180	0.356655	0.362069	0.383784	0.338028	0.389632	0.365217	0.361702	0.363484
eod1	0.037567	0.045238	0.003159	0.063310	0.051118	0.072164	0.040308	0.050847	0.071820	0.090363	0.005319	0.023599	0.026147	0.087875	0.040171	0.045141	0.068347	0.021031	0.077918	0.015371
wcspd-00	0.034713	0.049268	0.045872	0.038251	0.053221	0.041949	0.050704	0.053806	0.038095	0.046512	0.042857	0.035904	0.056757	0.033245	0.039894	0.037139	0.039216	0.057257	0.044678	0.064738
wcspd-01	0.068807	0.059721	0.068299	0.060505	0.084453	0.072669	0.066110	0.074391	0.075033	0.076478	0.063787	0.070245	0.072751	0.073973	0.078195	0.067149	0.076109	0.062865	0.069372	0.068136
wcspd-10	0.103081	0.091228	0.109916	0.087356	0.084408	0.084928	0.100112	0.083916	0.087699	0.095182	0.106184	0.095808	0.094007	0.088202	0.098558	0.089064	0.105923	0.096085	0.081776	0.108077
wcspd-11	0.110429	0.131418	0.115842	0.116859	0.112415	0.116739	0.111809	0.117391	0.114724	0.121664	0.111317	0.117362	0.116039	0.120192	0.120603	0.112005	0.127582	0.131514	0.124688	0.130540
wcspd	0.075716	0.082150	0.069971	0.078608	0.059194	0.074790	0.061105	0.063586	0.076629	0.075152	0.068460	0.081458	0.059282	0.086948	0.080709	0.074866	0.088366	0.074257	0.080010	0.065802
wcaod-00	0.249405	0.323143	0.307961	0.214653	0.310346	0.280273	0.352522	0.321260	0.231958	0.262861	0.346227	0.295261	0.297313	0.209132	0.272981	0.285532	0.215213	0.328151	0.271898	0.381466
wcaod-01	0.378447	0.355973	0.347548	0.322524	0.424720	0.367229	0.327044	0.351437	0.393105	0.392886	0.349612	0.345010	0.397439	0.373750	0.412365	0.339988	0.383308	0.325282	0.364552	0.331274
wcaod-10	0.399076	0.382784	0.422419	0.343785	0.356149	0.345900	0.414457	0.332028	0.362665	0.354419	0.393991	0.386807	0.404279	0.359150	0.419494	0.342050	0.417567	0.416219	0.337990	0.442716
wcaod-11	0.396297	0.445333	0.403478	0.395451	0.392779	0.425236	0.381302	0.404356	0.399606	0.433127	0.399465	0.411819	0.394185	0.420879	0.434088	0.399058	0.455194	0.456115	0.428253	0.451430
wcaod	0.074835	0.061095	0.057229	0.090399	0.057187	0.072482	0.043707	0.041548	0.083824	0.085133	0.026619	0.058279	0.053483	0.105873	0.080553	0.056763	0.119990	0.065417	0.078178	0.060078
wceod-00	0.236111	0.303797	0.287671	0.194805	0.283784	0.260870	0.327869	0.296296	0.215190	0.234375	0.333333	0.283582	0.269663	0.200000	0.256757	0.276316	0.194805	0.301205	0.250000	0.350649
wceod-01	0.360000	0.341346	0.324786	0.305310	0.393939	0.344398	0.296651	0.321888	0.371179	0.368644	0.330233	0.322176	0.370000	0.347222	0.383562	0.315315	0.356828	0.300469	0.336585	0.305310
wceod-10	0.352564	0.344595	0.367347	0.303226	0.324675	0.308219	0.373418	0.288732	0.329193	0.308176	0.343558	0.344595	0.367347	0.320261	0.385621	0.300613	0.377907	0.371212	0.301370	0.393333
wceod-11	0.348974	0.394256	0.356742	0.345845	0.341176	0.379710	0.334262	0.355556	0.358839	0.383285	0.355301	0.366577	0.349741	0.370879	0.383929	0.352601	0.409704	0.403315	0.376045	0.398922
wceod	0.123889	0.090458	0.079676	0.151039	0.110156	0.118841	0.076767	0.066823	0.155989	0.148910	0.025068	0.082995	0.100337	0.170879	0.128864	0.076285	0.214898	0.102845	0.126045	0.093612
