accuracy	0.822016	0.821675	0.819900	0.819354	0.821334	0.823654	0.821879	0.817989	0.814714	0.818331	0.821538	0.821470	0.819969	0.821402	0.822289	0.823040	0.819627	0.821470	0.820037	0.819013
recall	0.682152	0.685512	0.685295	0.679399	0.686222	0.686394	0.684896	0.681948	0.678643	0.677973	0.688844	0.679392	0.684937	0.682373	0.688256	0.684972	0.680731	0.683688	0.681911	0.678821
precision	0.773892	0.776293	0.777866	0.774404	0.773750	0.781340	0.780716	0.774434	0.774013	0.768940	0.778298	0.771290	0.771170	0.775860	0.778042	0.779385	0.779969	0.784111	0.775986	0.775083
f1score	0.707806	0.711071	0.710798	0.704963	0.711347	0.712742	0.711047	0.707098	0.703506	0.702920	0.714274	0.704920	0.709694	0.708145	0.713824	0.711142	0.706790	0.710224	0.707536	0.704446
mcc	0.446721	0.452794	0.453816	0.443747	0.451567	0.457996	0.455646	0.446913	0.442496	0.437558	0.458498	0.441212	0.447880	0.448595	0.457572	0.454658	0.449884	0.456893	0.448128	0.443579
spd0-0	0.024625	0.029229	0.024548	0.028383	0.034098	0.025971	0.027392	0.027485	0.029208	0.025186	0.028282	0.025498	0.027789	0.029273	0.029695	0.026714	0.025067	0.026094	0.030278	0.028070
spd0-1	0.196217	0.197884	0.200894	0.192524	0.198696	0.195732	0.195139	0.198492	0.194765	0.195535	0.203487	0.192390	0.202421	0.194206	0.201638	0.195033	0.193235	0.193337	0.194572	0.191476
spd0	0.171591	0.168655	0.176346	0.164140	0.164598	0.169760	0.167748	0.171007	0.165557	0.170349	0.175204	0.166892	0.174632	0.164932	0.171943	0.168319	0.168168	0.167243	0.164294	0.163406
aod0-0	0.169181	0.204441	0.177320	0.183640	0.232309	0.181894	0.193181	0.195847	0.196621	0.178013	0.194992	0.175128	0.178688	0.200341	0.213865	0.201006	0.173232	0.182361	0.212055	0.188359
aod0-1	0.544020	0.549444	0.549963	0.533777	0.548416	0.545102	0.540278	0.539896	0.529670	0.539577	0.557973	0.538346	0.560423	0.535770	0.554998	0.539079	0.529619	0.535537	0.534134	0.529535
aod0	0.187419	0.172502	0.186322	0.175069	0.158054	0.181604	0.173549	0.172024	0.166524	0.180782	0.181490	0.181609	0.190867	0.167715	0.170566	0.169036	0.178193	0.176588	0.161039	0.170588
eod0-0	0.160470	0.196721	0.170778	0.173675	0.221172	0.173745	0.185255	0.187739	0.187845	0.171271	0.185958	0.166983	0.169091	0.189824	0.206262	0.193613	0.164729	0.175407	0.202652	0.179298
eod0-1	0.462271	0.467141	0.467657	0.454883	0.464912	0.467271	0.462308	0.457152	0.449511	0.454886	0.474959	0.456769	0.474559	0.456288	0.471419	0.459659	0.453197	0.460360	0.453998	0.451092
eod0	0.301801	0.270420	0.296879	0.281209	0.243740	0.293526	0.277053	0.269413	0.261666	0.283615	0.289000	0.289786	0.305468	0.266464	0.265157	0.266046	0.288468	0.284953	0.251346	0.271795
spd1-0	0.061746	0.059972	0.064004	0.058548	0.069723	0.058129	0.059801	0.062618	0.057887	0.058199	0.058548	0.060009	0.057396	0.060734	0.071395	0.066020	0.065637	0.062881	0.060562	0.061083
spd1-1	0.151908	0.156535	0.156103	0.151622	0.156780	0.153785	0.153435	0.155479	0.154690	0.153267	0.160409	0.150639	0.159952	0.152526	0.156644	0.152318	0.149193	0.150535	0.152752	0.150656
spd1	0.090162	0.096563	0.092100	0.093074	0.087057	0.095656	0.093635	0.092862	0.096803	0.095069	0.101861	0.090630	0.102556	0.091792	0.085249	0.086298	0.083556	0.087654	0.092190	0.089574
aod1-0	0.328818	0.314180	0.331610	0.288039	0.326582	0.289428	0.302348	0.302714	0.302474	0.305174	0.316456	0.317795	0.305397	0.313899	0.372653	0.347834	0.348870	0.331809	0.332267	0.301239
aod1-1	0.488397	0.498718	0.494022	0.484394	0.502962	0.496435	0.490853	0.492647	0.482267	0.484740	0.507064	0.483241	0.504799	0.488592	0.498273	0.489090	0.475170	0.481213	0.484964	0.481017
aod1	0.079789	0.092269	0.081206	0.098178	0.088190	0.103503	0.094253	0.094967	0.089896	0.089783	0.095304	0.082723	0.099701	0.087346	0.062810	0.070628	0.063150	0.074702	0.076349	0.089889
eod1-0	0.312303	0.296636	0.312303	0.268072	0.302053	0.269350	0.280645	0.284091	0.287037	0.285714	0.301538	0.297030	0.288401	0.295031	0.349359	0.329305	0.332298	0.315152	0.315789	0.281977
eod1-1	0.428253	0.437933	0.434568	0.425961	0.441624	0.439509	0.434256	0.432272	0.422317	0.423065	0.445135	0.423409	0.440390	0.429655	0.438378	0.431105	0.419145	0.426357	0.425770	0.423077
eod1	0.115950	0.141297	0.122265	0.157889	0.139572	0.170159	0.153610	0.148181	0.135280	0.137350	0.143597	0.126379	0.151989	0.134624	0.089019	0.101800	0.086847	0.111205	0.109981	0.141100
wcspd-00	0.006586	0.013458	0.017186	0.011482	0.021786	0.012780	0.008696	0.006438	0.013320	0.013347	0.014028	0.013919	0.014831	0.009474	0.011740	0.016949	0.011423	0.010571	0.015756	0.017076
wcspd-01	0.028773	0.033178	0.026316	0.032531	0.036980	0.029169	0.031803	0.032506	0.033307	0.028165	0.031981	0.028278	0.030944	0.034053	0.033958	0.029086	0.028432	0.029839	0.033791	0.030706
wcspd-10	0.104991	0.097890	0.102005	0.096856	0.107143	0.094308	0.099410	0.106544	0.097539	0.094878	0.097625	0.095913	0.090909	0.102215	0.118846	0.103928	0.112714	0.104641	0.098921	0.094771
wcspd-11	0.208517	0.211592	0.213933	0.205596	0.211160	0.209512	0.208280	0.211204	0.206889	0.209445	0.217366	0.205794	0.217910	0.206772	0.212989	0.207975	0.203527	0.205557	0.206865	0.205266
wcspd	0.201931	0.198134	0.196747	0.194113	0.189373	0.196732	0.199585	0.204766	0.193569	0.196098	0.203338	0.191875	0.203080	0.197298	0.201249	0.191026	0.192104	0.194987	0.191108	0.188190
wcaod-00	0.090455	0.154972	0.205219	0.135802	0.236631	0.160570	0.114069	0.072589	0.145698	0.171053	0.167754	0.182970	0.137936	0.090362	0.186441	0.214399	0.165043	0.124433	0.201134	0.239239
wcaod-01	0.179781	0.213270	0.173546	0.192765	0.232266	0.185874	0.204476	0.215593	0.206486	0.179828	0.200496	0.174774	0.185610	0.218193	0.218210	0.199500	0.175273	0.191761	0.214558	0.182627
wcaod-10	0.391230	0.374485	0.378337	0.349634	0.361063	0.337132	0.363049	0.372044	0.366473	0.359991	0.373343	0.367575	0.364338	0.385438	0.432757	0.391928	0.404666	0.400900	0.382318	0.327870
wcaod-11	0.561651	0.568780	0.568196	0.553410	0.569659	0.566971	0.558850	0.559596	0.546472	0.558872	0.577758	0.556648	0.582198	0.552673	0.568828	0.556412	0.543529	0.550990	0.550113	0.552935
wcaod	0.235598	0.206904	0.197325	0.208804	0.168696	0.203201	0.222391	0.243504	0.200387	0.193910	0.205002	0.190937	0.222131	0.231156	0.191194	0.178456	0.189243	0.213279	0.174489	0.185154
wceod-00	0.089286	0.153846	0.202899	0.135802	0.230769	0.159420	0.112903	0.071429	0.144578	0.171053	0.166667	0.181818	0.133333	0.086957	0.186441	0.212121	0.163934	0.123288	0.200000	0.238095
wceod-01	0.169231	0.203822	0.165939	0.180258	0.219828	0.175947	0.194861	0.205752	0.195652	0.171306	0.189310	0.164859	0.174737	0.205882	0.208678	0.190805	0.164835	0.183333	0.203057	0.171548
wceod-10	0.360153	0.341365	0.342742	0.310757	0.318841	0.299213	0.322581	0.336879	0.336100	0.322176	0.344130	0.329114	0.336066	0.351779	0.387352	0.358491	0.371648	0.369650	0.350427	0.291815
wceod-11	0.472212	0.478727	0.478792	0.468242	0.479911	0.482936	0.474909	0.469477	0.459173	0.466642	0.486633	0.468117	0.487056	0.466005	0.479236	0.469508	0.460873	0.468852	0.462795	0.467706
wceod	0.382926	0.324881	0.312853	0.332440	0.260083	0.323515	0.362006	0.398048	0.314595	0.295589	0.319966	0.303258	0.353723	0.379049	0.292795	0.278703	0.296938	0.345565	0.262795	0.296158
