accuracy	0.862708	0.863550	0.858075	0.855338	0.859760	0.863340	0.860392	0.855970	0.862076	0.856601	0.862497	0.860813	0.863550	0.855759	0.867762	0.859339	0.860602	0.865445	0.860392	0.857233
recall	0.661393	0.666355	0.656522	0.653960	0.660605	0.665039	0.658204	0.655667	0.669633	0.658484	0.657758	0.664968	0.673172	0.654947	0.677521	0.655105	0.678998	0.669029	0.656269	0.669133
precision	0.774046	0.789244	0.767782	0.771048	0.765721	0.778693	0.762325	0.763501	0.799028	0.758812	0.778643	0.782833	0.786676	0.770302	0.778050	0.771966	0.785021	0.778266	0.762651	0.765965
f1score	0.693833	0.700705	0.687845	0.685472	0.691550	0.697976	0.688885	0.686212	0.704873	0.688219	0.690989	0.698188	0.706675	0.686388	0.709546	0.687192	0.711330	0.701807	0.687139	0.699047
mcc	0.420614	0.438712	0.409457	0.408562	0.413164	0.428930	0.407435	0.405060	0.450444	0.405056	0.419324	0.432010	0.445620	0.409303	0.444341	0.410771	0.451744	0.433751	0.405187	0.424186
spd0-0	0.056703	0.053144	0.058315	0.054562	0.072903	0.065388	0.062610	0.066199	0.064257	0.068212	0.055824	0.060150	0.064831	0.058318	0.067957	0.056990	0.064270	0.056670	0.061162	0.064777
spd0-1	0.120857	0.123645	0.122021	0.121767	0.112055	0.115682	0.118501	0.117099	0.116029	0.120634	0.115198	0.121383	0.123348	0.119038	0.125413	0.116260	0.136292	0.126680	0.117480	0.133808
spd0	0.064154	0.070501	0.063706	0.067205	0.039152	0.050294	0.055890	0.050900	0.051772	0.052422	0.059374	0.061232	0.058517	0.060720	0.057456	0.059270	0.072022	0.070011	0.056318	0.069031
aod0-0	0.334193	0.331787	0.321089	0.308018	0.386282	0.358669	0.349750	0.339046	0.366544	0.361517	0.338163	0.339699	0.366503	0.312594	0.387365	0.321521	0.343025	0.312563	0.336003	0.336273
aod0-1	0.438934	0.442734	0.436086	0.429408	0.411893	0.433299	0.424733	0.425875	0.426016	0.428733	0.415183	0.441416	0.450729	0.431585	0.465801	0.422470	0.493151	0.476606	0.425408	0.481118
aod0	0.052371	0.055474	0.057499	0.060695	0.012806	0.037315	0.037492	0.043414	0.029736	0.033608	0.038510	0.050859	0.042113	0.059496	0.039218	0.050475	0.075063	0.082021	0.044703	0.072423
eod0-0	0.316498	0.317073	0.299674	0.290429	0.357377	0.335484	0.322222	0.312102	0.347403	0.333333	0.320557	0.320261	0.342561	0.292605	0.361775	0.302013	0.319079	0.290541	0.309609	0.310231
eod0-1	0.384306	0.391714	0.381710	0.375000	0.362348	0.384929	0.373308	0.374502	0.383333	0.373518	0.365234	0.391137	0.403377	0.379110	0.413088	0.371316	0.440147	0.425101	0.374257	0.422265
eod0	0.067808	0.074641	0.082035	0.084571	0.004971	0.049445	0.051085	0.062400	0.035931	0.040184	0.044677	0.070875	0.060817	0.086506	0.051313	0.069303	0.121068	0.134561	0.064649	0.112034
spd1-0	0.069680	0.069116	0.079375	0.066167	0.063178	0.064127	0.080050	0.065432	0.062616	0.070796	0.072526	0.066793	0.079195	0.062769	0.069444	0.063817	0.074749	0.071518	0.063080	0.082866
spd1-1	0.100444	0.100859	0.096856	0.102320	0.108108	0.104915	0.097778	0.106743	0.106505	0.107673	0.094170	0.104997	0.103863	0.105314	0.111216	0.100797	0.116566	0.103645	0.104406	0.111005
spd1	0.030764	0.031743	0.017481	0.036152	0.044930	0.040788	0.017728	0.041311	0.043889	0.036876	0.021644	0.038204	0.024668	0.042544	0.041772	0.036981	0.041818	0.032127	0.041326	0.028139
aod1-0	0.337054	0.349142	0.386232	0.306519	0.314119	0.317049	0.396238	0.317060	0.303930	0.318567	0.346503	0.351820	0.369432	0.302191	0.356189	0.316887	0.350325	0.369267	0.311741	0.398244
aod1-1	0.419241	0.418061	0.389144	0.409864	0.435517	0.433611	0.395314	0.418532	0.440665	0.432155	0.398268	0.418265	0.437183	0.419494	0.465414	0.409641	0.471861	0.428136	0.422052	0.434546
aod1	0.041093	0.034459	0.001456	0.051673	0.060699	0.058281	0.000462	0.050736	0.068367	0.056794	0.025883	0.033222	0.033875	0.058652	0.054613	0.046377	0.060768	0.029435	0.055156	0.018151
eod1-0	0.307018	0.321586	0.350000	0.275862	0.289474	0.288372	0.360731	0.286996	0.279167	0.282511	0.314894	0.325581	0.334746	0.278226	0.330396	0.292887	0.321285	0.339535	0.283784	0.361233
eod1-1	0.379859	0.382403	0.350847	0.370618	0.388792	0.394198	0.353873	0.374368	0.406250	0.387650	0.363475	0.378689	0.401024	0.375862	0.419820	0.367958	0.428094	0.387826	0.377660	0.388610
eod1	0.072841	0.060817	0.000847	0.094756	0.099318	0.105826	0.006857	0.087372	0.127083	0.105139	0.048582	0.053107	0.066278	0.097636	0.089423	0.075071	0.106809	0.048291	0.093876	0.027376
wcspd-00	0.028037	0.043941	0.036697	0.034153	0.040616	0.035183	0.046479	0.048556	0.032653	0.043776	0.038961	0.030585	0.048649	0.029255	0.034574	0.028886	0.035014	0.047936	0.039422	0.055096
wcspd-01	0.070773	0.057731	0.068943	0.064495	0.087652	0.079743	0.069961	0.075049	0.079681	0.079692	0.064452	0.074884	0.072751	0.073288	0.083916	0.070441	0.078094	0.060920	0.071990	0.069472
wcspd-10	0.106635	0.091228	0.118280	0.093103	0.082063	0.089713	0.106862	0.080420	0.087699	0.094007	0.102684	0.099401	0.105758	0.091638	0.100962	0.092446	0.107062	0.092527	0.084112	0.105802
wcspd-11	0.128221	0.140587	0.123982	0.136945	0.127857	0.129092	0.125000	0.136646	0.131288	0.134699	0.121831	0.132486	0.132442	0.133413	0.138191	0.129332	0.151883	0.144541	0.135287	0.148755
wcspd	0.100183	0.096645	0.087285	0.102792	0.087240	0.093909	0.078521	0.088090	0.098635	0.090923	0.082870	0.101901	0.083794	0.104158	0.103616	0.100446	0.116869	0.096605	0.095865	0.093659
wcaod-00	0.204784	0.306020	0.261068	0.210072	0.260431	0.233809	0.318194	0.304509	0.214727	0.245737	0.317017	0.275956	0.268696	0.186558	0.230965	0.241450	0.199087	0.296570	0.230964	0.336342
wcaod-01	0.377077	0.341550	0.341277	0.341788	0.428474	0.395931	0.359795	0.352215	0.420089	0.393195	0.346512	0.360712	0.410152	0.369120	0.441978	0.351310	0.392897	0.319083	0.375820	0.336485
wcaod-10	0.408393	0.377442	0.459332	0.360884	0.343162	0.362498	0.432588	0.327839	0.353032	0.352974	0.370892	0.396475	0.434630	0.378758	0.422440	0.360455	0.423381	0.418169	0.357129	0.434678
wcaod-11	0.453303	0.469995	0.425973	0.459306	0.444716	0.464184	0.422027	0.466733	0.457972	0.464376	0.435715	0.460050	0.456945	0.455604	0.486901	0.452647	0.526699	0.500389	0.455784	0.501705
wcaod	0.124260	0.081987	0.099132	0.124617	0.092142	0.115188	0.057197	0.081112	0.121623	0.109320	0.059349	0.092047	0.094125	0.134523	0.127968	0.105598	0.163806	0.101910	0.112410	0.082682
wceod-00	0.194444	0.291139	0.246575	0.194805	0.243243	0.217391	0.295082	0.283951	0.202532	0.218750	0.305556	0.268657	0.247191	0.178947	0.216216	0.236842	0.181818	0.277108	0.210526	0.311688
wceod-01	0.355556	0.326923	0.316239	0.323009	0.393939	0.369295	0.330144	0.321888	0.397380	0.364407	0.325581	0.334728	0.385000	0.342593	0.410959	0.324324	0.365639	0.295775	0.346341	0.309735
wceod-10	0.358974	0.337838	0.401361	0.316129	0.311688	0.321918	0.386076	0.288732	0.316770	0.308176	0.319018	0.351351	0.387755	0.339869	0.385621	0.319018	0.383721	0.378788	0.321918	0.386667
wceod-11	0.395894	0.412533	0.373596	0.399464	0.385294	0.411594	0.367688	0.408333	0.411609	0.403458	0.386819	0.407008	0.409326	0.395604	0.425595	0.395954	0.466307	0.441989	0.395543	0.436658
wceod	0.201450	0.121393	0.154785	0.204659	0.150696	0.194203	0.090994	0.124383	0.209078	0.184708	0.081264	0.138351	0.162135	0.216657	0.209379	0.159112	0.284489	0.164881	0.185017	0.126923
