accuracy	0.654503	0.655889	0.659584	0.652656	0.660970	0.654965	0.632333	0.668360	0.646189	0.658199	0.657275	0.639261	0.664203	0.649885	0.645727	0.654965	0.665589	0.663279	0.652194	0.648499
recall	0.638360	0.640318	0.644276	0.637837	0.643018	0.637997	0.616359	0.652998	0.630151	0.640492	0.641304	0.624485	0.654137	0.630256	0.629387	0.641376	0.654499	0.645595	0.636646	0.632936
precision	0.662537	0.664633	0.662630	0.656720	0.653202	0.654831	0.629872	0.672431	0.644224	0.652117	0.657653	0.638115	0.673274	0.647118	0.647698	0.659825	0.671777	0.663544	0.652679	0.646425
f1score	0.633266	0.635165	0.641986	0.634463	0.644127	0.636337	0.613739	0.651141	0.628612	0.641066	0.639789	0.622206	0.650144	0.628712	0.625935	0.638052	0.651789	0.644468	0.634683	0.631729
mcc	0.299925	0.303980	0.306357	0.293951	0.296045	0.292344	0.245860	0.324849	0.274014	0.292378	0.298509	0.262246	0.326852	0.276861	0.276480	0.300635	0.325818	0.308618	0.288880	0.279035
spd0-0	0.668950	0.666667	0.655785	0.651576	0.618161	0.644087	0.648664	0.645180	0.642081	0.618775	0.638953	0.633220	0.636626	0.648191	0.651471	0.644126	0.632561	0.650000	0.637673	0.623637
spd0-1	0.815981	0.816471	0.749403	0.790476	0.753915	0.789598	0.744921	0.796117	0.757212	0.791866	0.782022	0.798005	0.797235	0.793792	0.803241	0.800000	0.795455	0.771765	0.794872	0.810427
spd0	0.147031	0.149804	0.093619	0.138900	0.135754	0.145511	0.096257	0.150937	0.115130	0.173091	0.143069	0.164785	0.160609	0.145600	0.151769	0.155874	0.162894	0.121765	0.157199	0.186789
aod0-0	1.323718	1.325105	1.301537	1.293376	1.207620	1.268570	1.285977	1.273489	1.267850	1.216145	1.263916	1.252008	1.273079	1.279553	1.286685	1.274192	1.252872	1.280556	1.258911	1.230344
aod0-1	1.586947	1.555939	1.398716	1.503950	1.420860	1.526456	1.420932	1.519796	1.456063	1.514296	1.487353	1.537817	1.505475	1.499278	1.558938	1.550388	1.535948	1.462424	1.536437	1.568333
aod0	0.131614	0.115417	0.048590	0.105287	0.106620	0.128943	0.067477	0.123154	0.094106	0.149076	0.111719	0.142904	0.116198	0.109863	0.136126	0.138098	0.141538	0.090934	0.138763	0.168995
eod0-0	0.806311	0.800223	0.792035	0.782080	0.740780	0.776584	0.756637	0.789189	0.767241	0.750799	0.771872	0.748394	0.786374	0.762009	0.775000	0.781421	0.783460	0.783638	0.769314	0.750540
eod0-1	0.883721	0.902878	0.843972	0.876364	0.861111	0.861940	0.823529	0.893130	0.825926	0.850174	0.866438	0.877953	0.894737	0.888889	0.880150	0.883721	0.888889	0.869091	0.867647	0.875000
eod0	0.077410	0.102654	0.051936	0.094284	0.120331	0.085356	0.066892	0.103941	0.058685	0.099375	0.094567	0.129559	0.108363	0.126880	0.105150	0.102300	0.105429	0.085453	0.098333	0.124460
spd1-0	0.656622	0.656580	0.628453	0.639461	0.599153	0.625706	0.642604	0.623066	0.617171	0.601389	0.630769	0.626074	0.637602	0.630070	0.633783	0.635534	0.631250	0.622442	0.623168	0.615708
spd1-1	0.775068	0.771505	0.765690	0.751323	0.735294	0.761015	0.716755	0.771198	0.754032	0.753103	0.741497	0.732120	0.734577	0.772789	0.771164	0.748988	0.724138	0.771390	0.758197	0.745602
spd1	0.118445	0.114926	0.137237	0.111862	0.136141	0.135308	0.074151	0.148132	0.136861	0.151715	0.110727	0.106045	0.096975	0.142719	0.137381	0.113454	0.092888	0.148949	0.135029	0.129894
aod1-0	1.307661	1.308807	1.240523	1.270869	1.176002	1.239491	1.274616	1.239468	1.219114	1.187152	1.247467	1.248921	1.279072	1.244999	1.258475	1.267311	1.257383	1.222410	1.232730	1.217881
aod1-1	1.494656	1.493230	1.494319	1.451761	1.409139	1.471334	1.389226	1.492613	1.455922	1.441504	1.432697	1.408719	1.408641	1.500949	1.494490	1.447492	1.402978	1.498696	1.469863	1.453511
aod1	0.093497	0.092211	0.126898	0.090446	0.116568	0.115921	0.057305	0.126573	0.118404	0.127176	0.092615	0.079899	0.064785	0.127975	0.118008	0.090091	0.072798	0.138143	0.118567	0.117815
eod1-0	0.791209	0.801664	0.780552	0.773793	0.738502	0.765265	0.756098	0.788966	0.731126	0.737813	0.771696	0.749646	0.797241	0.764940	0.759945	0.782247	0.796170	0.765789	0.757656	0.759732
eod1-1	0.875278	0.860927	0.847059	0.852423	0.817227	0.844156	0.800000	0.848485	0.864560	0.832976	0.834081	0.814969	0.840376	0.839130	0.860262	0.838496	0.821346	0.867117	0.850000	0.810155
eod1	0.084070	0.059263	0.066507	0.078630	0.078725	0.078891	0.043902	0.059519	0.133434	0.095164	0.062385	0.065322	0.043134	0.074190	0.100317	0.056249	0.025176	0.101328	0.092344	0.050423
wcspd-00	0.614663	0.623939	0.600505	0.606346	0.563793	0.586621	0.611498	0.589765	0.583761	0.556951	0.589744	0.585345	0.599668	0.594687	0.597414	0.591104	0.597002	0.585578	0.582906	0.574936
wcspd-01	0.778929	0.756228	0.773788	0.742660	0.731183	0.760417	0.722997	0.762923	0.759931	0.752260	0.743636	0.725166	0.721063	0.762340	0.760908	0.751736	0.707746	0.775891	0.750883	0.725979
wcspd-10	0.850394	0.814815	0.756757	0.798354	0.758755	0.808000	0.777358	0.795652	0.772908	0.817073	0.815385	0.826271	0.810606	0.787072	0.803213	0.839216	0.803347	0.781955	0.802281	0.812245
wcspd-11	0.761006	0.818681	0.737500	0.779661	0.747368	0.763006	0.696629	0.796703	0.733333	0.755814	0.735135	0.757576	0.776471	0.803191	0.803279	0.739394	0.783439	0.754717	0.783133	0.807910
wcspd	0.235730	0.194742	0.173284	0.192007	0.194962	0.221379	0.165860	0.206938	0.189148	0.260122	0.225641	0.240926	0.210938	0.208504	0.205865	0.248112	0.206345	0.196377	0.219375	0.237308
wcaod-00	1.236110	1.261887	1.203319	1.219778	1.120488	1.175204	1.226685	1.188179	1.166699	1.112978	1.182970	1.175265	1.222977	1.190439	1.196983	1.192153	1.202586	1.165063	1.164832	1.149623
wcaod-01	1.502559	1.469132	1.521494	1.441376	1.401795	1.468344	1.412176	1.476006	1.469270	1.446244	1.447179	1.405101	1.398618	1.482047	1.470519	1.455044	1.371206	1.509531	1.461770	1.416740
wcaod-10	1.657771	1.546963	1.405436	1.510499	1.413015	1.555449	1.501194	1.500609	1.490032	1.562791	1.563046	1.614167	1.552040	1.457066	1.548735	1.633838	1.545368	1.455344	1.558820	1.561938
wcaod-11	1.472652	1.567521	1.393639	1.496154	1.430810	1.484848	1.301724	1.547009	1.410831	1.454068	1.381586	1.419423	1.424968	1.562286	1.572693	1.420635	1.522337	1.474688	1.499042	1.584746
wcaod	0.210830	0.152817	0.159087	0.145360	0.155161	0.190122	0.137254	0.179415	0.161666	0.224906	0.190038	0.219451	0.164531	0.185923	0.187855	0.220843	0.171391	0.172234	0.196994	0.217561
wceod-00	0.755245	0.773214	0.754237	0.738977	0.697479	0.730570	0.730973	0.755172	0.703578	0.694491	0.737024	0.708260	0.766187	0.719449	0.723478	0.745133	0.767521	0.722789	0.725724	0.722504
wceod-01	0.890490	0.845238	0.863057	0.854599	0.813559	0.852273	0.799410	0.846377	0.876833	0.850000	0.833846	0.810959	0.822581	0.835821	0.860870	0.840000	0.811377	0.888563	0.846386	0.800000
wceod-10	0.923077	0.900621	0.871345	0.898734	0.885542	0.892405	0.838150	0.924138	0.827381	0.900000	0.888889	0.920290	0.899408	0.918605	0.896104	0.916667	0.910959	0.912791	0.871951	0.902597
wceod-11	0.823529	0.905983	0.801802	0.846154	0.827869	0.818182	0.801724	0.854701	0.823529	0.787402	0.834711	0.827586	0.887931	0.848000	0.858407	0.833333	0.855670	0.796117	0.861111	0.838983
wceod	0.167832	0.132769	0.117108	0.159757	0.188063	0.161835	0.107177	0.168966	0.173255	0.205509	0.151865	0.212030	0.133221	0.199155	0.172626	0.171534	0.143438	0.190002	0.146227	0.180093
