accuracy	0.817889	0.814000	0.810778	0.822111	0.809444	0.802000	0.812667	0.813667	0.812444	0.813556	0.812444	0.811333	0.815778	0.815444	0.807889	0.812556	0.815556	0.497111	0.808667	0.811778
recall	0.651407	0.645429	0.675398	0.656920	0.650360	0.677896	0.656001	0.656259	0.640961	0.640310	0.667729	0.652953	0.664924	0.636957	0.645721	0.677622	0.658340	0.497058	0.646877	0.657247
precision	0.740329	0.745531	0.725969	0.744432	0.736098	0.714904	0.742182	0.735122	0.744347	0.741198	0.735187	0.740611	0.742696	0.755174	0.742643	0.729944	0.743924	0.497984	0.747605	0.721227
f1score	0.674881	0.668895	0.693102	0.681074	0.672404	0.691906	0.678816	0.678389	0.664010	0.663322	0.688580	0.675571	0.687519	0.660790	0.668087	0.695850	0.681570	0.454698	0.669677	0.677133
mcc	0.381510	0.377927	0.398168	0.391696	0.376827	0.391053	0.388745	0.383353	0.371178	0.367926	0.397229	0.383678	0.400132	0.373887	0.376075	0.404193	0.393054	-0.004871	0.381405	0.373027
spd0-0	0.113242	0.105776	0.142699	0.112209	0.117680	0.153646	0.122624	0.116416	0.103366	0.097520	0.131938	0.118631	0.120082	0.098373	0.107878	0.154244	0.117528	0.497602	0.112658	0.126615
spd0-1	0.133929	0.131033	0.184284	0.138253	0.142226	0.209083	0.139172	0.154192	0.126579	0.134177	0.164429	0.140254	0.160576	0.110523	0.140638	0.165043	0.146089	0.507546	0.131036	0.158571
spd0	0.020687	0.025256	0.041585	0.026043	0.024546	0.055437	0.016548	0.037777	0.023213	0.036656	0.032491	0.021623	0.040494	0.012151	0.032760	0.010799	0.028562	0.009944	0.018378	0.031956
aod0-0	0.401904	0.381449	0.485275	0.413234	0.402836	0.498598	0.432568	0.416038	0.366158	0.353182	0.452690	0.410112	0.420974	0.356341	0.378163	0.523406	0.421453	0.993111	0.388491	0.432262
aod0-1	0.434131	0.409627	0.554313	0.442403	0.444731	0.610230	0.427131	0.469235	0.403053	0.421393	0.506033	0.439481	0.501193	0.362743	0.429557	0.503783	0.450918	1.009840	0.410901	0.493613
aod0	0.016114	0.014089	0.034519	0.014584	0.020948	0.055816	0.002719	0.026599	0.018448	0.034106	0.026672	0.014684	0.040109	0.003201	0.025697	0.009812	0.014733	0.008365	0.011205	0.030675
eod0-0	0.350785	0.335121	0.414613	0.362197	0.349829	0.414462	0.379192	0.364602	0.321149	0.311770	0.390308	0.355962	0.365419	0.314996	0.333333	0.444245	0.369176	0.494746	0.340514	0.366939
eod0-1	0.370277	0.350738	0.455711	0.379023	0.374854	0.497231	0.359538	0.388954	0.345794	0.356481	0.424689	0.374858	0.427119	0.318339	0.361392	0.423251	0.382619	0.500000	0.352740	0.411765
eod0	0.019492	0.015617	0.041098	0.016825	0.025025	0.082769	0.019654	0.024352	0.024646	0.044711	0.034380	0.018897	0.061700	0.003344	0.028058	0.020994	0.013443	0.005254	0.012226	0.044826
spd1-0	0.114754	0.110296	0.156216	0.116797	0.121856	0.168732	0.124786	0.128554	0.106391	0.109966	0.140276	0.118008	0.127930	0.098827	0.116361	0.149385	0.121796	0.501094	0.118264	0.132382
spd1-1	0.185230	0.170316	0.189255	0.177885	0.185185	0.244418	0.172372	0.158333	0.173077	0.138298	0.194067	0.216981	0.221535	0.147420	0.167901	0.253468	0.200993	0.506460	0.136591	0.210199
spd1	0.070476	0.060020	0.033040	0.061087	0.063329	0.075686	0.047586	0.029779	0.066686	0.028332	0.053791	0.098973	0.093605	0.048593	0.051540	0.104083	0.079196	0.005366	0.018328	0.077817
aod1-0	0.401476	0.380942	0.507809	0.415105	0.405963	0.534839	0.424584	0.430759	0.366269	0.379285	0.469117	0.399288	0.439214	0.353594	0.391104	0.492423	0.420081	0.998048	0.396829	0.446142
aod1-1	0.530060	0.496566	0.562785	0.510587	0.533751	0.642775	0.474480	0.500566	0.505186	0.406164	0.530699	0.625047	0.598760	0.409749	0.475655	0.706808	0.558994	1.014266	0.403211	0.567497
aod1	0.064292	0.057812	0.027488	0.047741	0.063894	0.053968	0.024948	0.034904	0.069458	0.013439	0.030791	0.112880	0.079773	0.028077	0.042275	0.107193	0.069457	0.008109	0.003191	0.060677
eod1-0	0.349391	0.332207	0.426479	0.362181	0.347608	0.443201	0.367803	0.369602	0.318873	0.328992	0.401681	0.346748	0.381675	0.313881	0.340000	0.416995	0.366685	0.495423	0.344828	0.379290
eod1-1	0.433180	0.419643	0.479452	0.424779	0.459227	0.508000	0.393305	0.424242	0.430435	0.350711	0.433476	0.509174	0.478070	0.336245	0.390909	0.579186	0.446009	0.508772	0.352423	0.441860
eod1	0.083789	0.087436	0.052973	0.062597	0.111619	0.064799	0.025502	0.054641	0.111562	0.021719	0.031796	0.162427	0.096395	0.022364	0.050909	0.162191	0.079324	0.013349	0.007595	0.062570
wcspd-00	0.103539	0.098039	0.137474	0.103923	0.108306	0.142559	0.116070	0.110192	0.094488	0.092021	0.125524	0.106169	0.107833	0.090550	0.100332	0.143122	0.108197	0.499180	0.109474	0.117962
wcspd-01	0.191176	0.169205	0.185185	0.180135	0.194208	0.242475	0.177172	0.165846	0.173486	0.146840	0.184801	0.215686	0.222609	0.161889	0.170396	0.252269	0.195841	0.483395	0.139860	0.200351
wcspd-10	0.131676	0.128113	0.183229	0.135799	0.140965	0.206075	0.137701	0.155281	0.123579	0.135261	0.160866	0.134672	0.156555	0.110650	0.139218	0.158460	0.141450	0.503885	0.131222	0.153272
wcspd-11	0.168224	0.173160	0.200000	0.172269	0.161435	0.249012	0.160173	0.138528	0.171946	0.116822	0.217391	0.220339	0.218884	0.108597	0.161572	0.256198	0.213974	0.560345	0.128319	0.234043
wcspd	0.087637	0.075121	0.062526	0.076212	0.085902	0.106453	0.061102	0.055653	0.078998	0.054819	0.091867	0.114170	0.114776	0.071338	0.070064	0.113076	0.105776	0.076950	0.030386	0.116080
wcaod-00	0.379560	0.362572	0.471706	0.394132	0.377428	0.473746	0.425434	0.399196	0.343049	0.340890	0.445515	0.377468	0.392897	0.342484	0.362635	0.497337	0.400188	0.995578	0.382014	0.418263
wcaod-01	0.561075	0.503176	0.577543	0.546486	0.561762	0.661222	0.484623	0.537916	0.511450	0.439776	0.508024	0.640121	0.621689	0.454200	0.490959	0.711895	0.582126	0.970916	0.433356	0.539917
wcaod-10	0.432747	0.404449	0.555955	0.442915	0.443504	0.611417	0.425630	0.473611	0.396580	0.428455	0.499757	0.427524	0.497699	0.368003	0.429044	0.487244	0.446366	1.001767	0.417174	0.482854
wcaod-11	0.453112	0.480445	0.533180	0.440434	0.459807	0.607493	0.447544	0.408046	0.488648	0.327917	0.581048	0.592033	0.550533	0.300343	0.439212	0.694176	0.520924	1.113546	0.339959	0.630178
wcaod	0.090758	0.070302	0.052919	0.076177	0.092167	0.093738	0.029594	0.069360	0.084201	0.055930	0.067766	0.131326	0.114396	0.076929	0.064162	0.112325	0.090969	0.071315	0.046699	0.105957
wceod-00	0.334673	0.319082	0.402229	0.347686	0.327019	0.395253	0.375126	0.350859	0.301426	0.301242	0.387064	0.331000	0.345005	0.306101	0.322266	0.423834	0.354145	0.495450	0.334283	0.359244
wceod-01	0.456954	0.431250	0.496644	0.455172	0.485207	0.527273	0.402299	0.460993	0.437126	0.380952	0.409938	0.523490	0.496689	0.368750	0.406452	0.578231	0.474820	0.490196	0.383117	0.416107
wceod-10	0.369505	0.347613	0.456853	0.379947	0.373585	0.500000	0.358750	0.392947	0.340479	0.362500	0.419236	0.366093	0.425743	0.323308	0.361985	0.408867	0.381773	0.495389	0.358655	0.404172
wceod-11	0.378788	0.390625	0.442857	0.370370	0.390625	0.470588	0.369231	0.333333	0.412698	0.281250	0.486111	0.478261	0.441558	0.260870	0.353846	0.581081	0.391892	0.546667	0.287671	0.500000
wceod	0.122280	0.112168	0.094415	0.107487	0.158188	0.132020	0.043549	0.127660	0.135700	0.099702	0.099047	0.192490	0.151684	0.107880	0.084186	0.172214	0.120675	0.056471	0.095446	0.140756
