accuracy	0.859971	0.861445	0.853232	0.847547	0.853232	0.856391	0.854496	0.849231	0.853653	0.853864	0.857444	0.855549	0.852811	0.852811	0.864182	0.855759	0.856180	0.857023	0.855549	0.853653
recall	0.656729	0.669439	0.653112	0.643076	0.653686	0.656382	0.651615	0.647228	0.658507	0.658316	0.654221	0.658910	0.658984	0.654114	0.672811	0.652456	0.671685	0.662964	0.652347	0.670323
precision	0.765568	0.778320	0.751026	0.746201	0.744896	0.756142	0.743405	0.742319	0.771585	0.749233	0.759906	0.765394	0.753738	0.759152	0.767070	0.758979	0.772881	0.750124	0.746283	0.753493
f1score	0.687946	0.701753	0.681750	0.670965	0.681323	0.685857	0.679313	0.674600	0.689701	0.686268	0.684511	0.689474	0.687509	0.683799	0.703101	0.682533	0.702360	0.690798	0.680537	0.697509
mcc	0.408031	0.434320	0.392098	0.375368	0.388006	0.400280	0.384208	0.377763	0.414960	0.397279	0.400414	0.410726	0.401698	0.399694	0.429664	0.397406	0.432895	0.403788	0.387404	0.415576
spd0-0	0.067692	0.069531	0.073866	0.067084	0.084321	0.074978	0.073633	0.079790	0.075413	0.080455	0.068132	0.071650	0.082149	0.070976	0.078710	0.070347	0.078652	0.073670	0.071647	0.080972
spd0-1	0.111156	0.120032	0.115859	0.115002	0.109223	0.112831	0.114873	0.110211	0.111643	0.116978	0.112773	0.116158	0.115338	0.115097	0.117987	0.110268	0.124010	0.125458	0.115447	0.131829
spd0	0.043464	0.050502	0.041993	0.047918	0.024902	0.037853	0.041240	0.030421	0.036230	0.036523	0.044641	0.044508	0.033189	0.044120	0.039277	0.039920	0.045358	0.051788	0.043800	0.050857
aod0-0	0.369724	0.395213	0.363851	0.336419	0.416096	0.377923	0.368669	0.368188	0.387665	0.389758	0.373117	0.366780	0.398174	0.359596	0.417194	0.359660	0.384603	0.352227	0.366319	0.377259
aod0-1	0.405707	0.429904	0.413616	0.395821	0.390129	0.411405	0.408750	0.396461	0.398927	0.421201	0.400578	0.419206	0.413206	0.412243	0.439689	0.401779	0.452103	0.461447	0.411101	0.477203
aod0	0.017992	0.017345	0.024882	0.029701	0.012983	0.016741	0.020041	0.014136	0.005631	0.015721	0.013731	0.026213	0.007516	0.026324	0.011248	0.021060	0.033750	0.054610	0.022391	0.049972
eod0-0	0.343434	0.369338	0.328990	0.306931	0.377049	0.345161	0.329630	0.328025	0.357143	0.350000	0.344948	0.336601	0.356401	0.331190	0.382253	0.328859	0.348684	0.314189	0.330961	0.336634
eod0-1	0.356137	0.380414	0.361829	0.340909	0.338057	0.360489	0.357834	0.346614	0.353704	0.369565	0.349609	0.369942	0.365854	0.359768	0.390593	0.353635	0.405157	0.406883	0.358416	0.420345
eod0	0.012702	0.011076	0.032839	0.033978	0.038993	0.015328	0.028204	0.018588	0.003439	0.019565	0.004662	0.033341	0.009452	0.028578	0.008340	0.024776	0.056472	0.092693	0.027455	0.083712
spd1-0	0.080352	0.083437	0.090625	0.079900	0.082323	0.078095	0.093183	0.079012	0.079355	0.085967	0.087892	0.078765	0.089252	0.078769	0.085227	0.076828	0.091709	0.090966	0.076067	0.100935
spd1-1	0.095374	0.102450	0.097809	0.098824	0.104651	0.102710	0.096190	0.104187	0.102360	0.106094	0.093209	0.103099	0.104813	0.102753	0.105529	0.098884	0.108331	0.105230	0.103768	0.111641
spd1	0.015022	0.019013	0.007184	0.018924	0.022328	0.024614	0.003007	0.025174	0.023004	0.020127	0.005318	0.024334	0.015561	0.023984	0.020302	0.022056	0.016622	0.014264	0.027701	0.010707
aod1-0	0.367775	0.402622	0.403096	0.326158	0.365637	0.344973	0.430663	0.344113	0.347663	0.366215	0.392758	0.377436	0.381240	0.340909	0.403959	0.352901	0.386786	0.415303	0.345733	0.448725
aod1-1	0.397876	0.418720	0.387708	0.387669	0.412148	0.415065	0.378272	0.399873	0.410539	0.423578	0.384656	0.404687	0.417266	0.411025	0.440075	0.397706	0.442479	0.419262	0.411588	0.434049
aod1	0.015050	0.008049	0.007694	0.030756	0.023255	0.035046	0.026196	0.027880	0.031438	0.028682	0.004051	0.013626	0.018013	0.035058	0.018058	0.022403	0.027846	0.001980	0.032927	0.007338
eod1-0	0.328947	0.365639	0.354545	0.280172	0.324561	0.302326	0.383562	0.300448	0.308333	0.318386	0.348936	0.339535	0.334746	0.302419	0.365639	0.317992	0.341365	0.367442	0.306306	0.396476
eod1-1	0.360424	0.380711	0.347458	0.347245	0.364273	0.373720	0.334507	0.354132	0.373355	0.379074	0.347518	0.363934	0.373720	0.368966	0.396396	0.355634	0.403010	0.373913	0.365248	0.386935
eod1	0.031477	0.015072	0.007088	0.067073	0.039712	0.071395	0.049055	0.053683	0.065022	0.060688	0.001418	0.024400	0.038974	0.066546	0.030758	0.037642	0.061645	0.006471	0.058942	0.009541
wcspd-00	0.042724	0.061252	0.057667	0.054645	0.058824	0.052774	0.064789	0.062992	0.048980	0.060192	0.054545	0.042553	0.068919	0.049202	0.055851	0.050894	0.058824	0.070573	0.052562	0.079890
wcspd-01	0.079948	0.073656	0.081830	0.073138	0.095969	0.085531	0.077664	0.088216	0.088313	0.089974	0.075083	0.086150	0.088624	0.082192	0.089638	0.079658	0.088021	0.075178	0.081152	0.081496
wcspd-10	0.113744	0.102924	0.120669	0.101149	0.101993	0.100478	0.115861	0.093240	0.104784	0.108108	0.117853	0.111377	0.106933	0.104238	0.111779	0.098083	0.118451	0.109134	0.096963	0.118316
wcspd-11	0.109816	0.128973	0.113338	0.122337	0.113033	0.119209	0.114322	0.119255	0.115337	0.121664	0.110080	0.118572	0.119684	0.120793	0.121231	0.116955	0.126974	0.133995	0.125312	0.139041
wcspd	0.071020	0.067721	0.063002	0.067692	0.054209	0.066435	0.051072	0.056263	0.066358	0.061472	0.063308	0.076019	0.050765	0.071591	0.065380	0.066061	0.068151	0.063422	0.072749	0.059151
wcaod-00	0.258268	0.381216	0.333254	0.255894	0.316596	0.292213	0.367930	0.342416	0.266421	0.306105	0.371578	0.302560	0.311138	0.254410	0.302719	0.335759	0.260026	0.353672	0.292355	0.409861
wcaod-01	0.406217	0.400404	0.374026	0.362887	0.448968	0.402780	0.368691	0.378310	0.430269	0.412275	0.374419	0.387685	0.436921	0.406350	0.456280	0.369571	0.426338	0.351396	0.394646	0.365199
wcaod-10	0.427027	0.418298	0.446170	0.365621	0.392797	0.375541	0.458415	0.348847	0.393219	0.394536	0.413094	0.421633	0.425286	0.399183	0.455947	0.367361	0.446340	0.456367	0.378063	0.470947
wcaod-11	0.395521	0.434889	0.398252	0.408218	0.389243	0.426262	0.386520	0.414667	0.400406	0.433127	0.393734	0.417209	0.407932	0.417692	0.432704	0.417974	0.454409	0.463240	0.425092	0.479607
wcaod	0.084380	0.026837	0.056458	0.076162	0.066186	0.067025	0.045242	0.036125	0.081924	0.063511	0.020758	0.059537	0.062892	0.081641	0.076781	0.041107	0.097192	0.055922	0.066369	0.057204
wceod-00	0.236111	0.354430	0.301370	0.220779	0.283784	0.260870	0.327869	0.308642	0.240506	0.265625	0.347222	0.283582	0.269663	0.231579	0.270270	0.315789	0.220779	0.313253	0.263158	0.363636
wceod-01	0.377778	0.375000	0.337607	0.336283	0.406926	0.369295	0.330144	0.334764	0.397380	0.372881	0.344186	0.351464	0.395000	0.375000	0.420091	0.333333	0.392070	0.314554	0.356098	0.327434
wceod-10	0.371795	0.371622	0.380952	0.309677	0.344156	0.321918	0.405063	0.295775	0.341615	0.339623	0.349693	0.364865	0.374150	0.346405	0.411765	0.319018	0.395349	0.401515	0.328767	0.413333
wceod-11	0.348974	0.383812	0.353933	0.353887	0.335294	0.376812	0.337047	0.366667	0.358839	0.383285	0.349570	0.371968	0.362694	0.365385	0.380952	0.369942	0.409704	0.408840	0.370474	0.423181
wceod	0.141667	0.029382	0.079583	0.133108	0.123143	0.115942	0.077194	0.070892	0.156874	0.117660	0.005507	0.088386	0.125337	0.143421	0.149821	0.054153	0.188924	0.095587	0.107316	0.095747
