accuracy	0.633256	0.635104	0.641570	0.643418	0.635104	0.645727	0.640185	0.626328	0.639723	0.634642	0.645727	0.645727	0.637413	0.656351	0.634642	0.630485	0.625404	0.637875	0.631871	0.624942
recall	0.618332	0.622883	0.628280	0.631762	0.618095	0.628953	0.627296	0.610075	0.629692	0.620690	0.630941	0.631923	0.628179	0.633993	0.622969	0.619329	0.614949	0.624329	0.616303	0.609656
precision	0.635205	0.634970	0.639914	0.642270	0.624936	0.644063	0.636563	0.625077	0.634472	0.625977	0.643473	0.644464	0.641054	0.657684	0.631068	0.629118	0.625770	0.632361	0.629586	0.619928
f1score	0.613710	0.620335	0.626779	0.630487	0.618704	0.627090	0.626665	0.605979	0.630111	0.621325	0.629731	0.630464	0.624466	0.631045	0.622258	0.617358	0.611751	0.624200	0.613663	0.607928
mcc	0.252975	0.257570	0.267941	0.273831	0.242935	0.272597	0.263696	0.234673	0.264121	0.246610	0.274127	0.276102	0.268925	0.290713	0.253907	0.248254	0.240476	0.256565	0.245530	0.229354
spd0-0	0.662100	0.643678	0.639175	0.629226	0.618743	0.650402	0.624855	0.669139	0.587764	0.604465	0.638372	0.630385	0.636049	0.691365	0.612810	0.624069	0.633126	0.618966	0.651498	0.635112
spd0-1	0.762712	0.701176	0.701671	0.697619	0.702461	0.749409	0.695260	0.720874	0.692308	0.691388	0.723596	0.760599	0.725806	0.740576	0.712963	0.723810	0.729798	0.698824	0.729604	0.736967
spd0	0.100611	0.057498	0.062495	0.068393	0.083718	0.099007	0.070405	0.051735	0.104543	0.086923	0.085223	0.130213	0.089758	0.049211	0.100153	0.099741	0.096672	0.079858	0.078106	0.101855
aod0-0	1.312121	1.280187	1.269131	1.249157	1.213853	1.283404	1.237367	1.326493	1.160003	1.189694	1.264673	1.245984	1.271951	1.365182	1.210998	1.236276	1.257140	1.221332	1.289237	1.256985
aod0-1	1.483646	1.321979	1.324041	1.309969	1.329730	1.430380	1.308408	1.375827	1.308879	1.330611	1.345420	1.444373	1.374285	1.380952	1.364249	1.403388	1.416848	1.325455	1.403873	1.409510
aod0	0.085762	0.020896	0.027455	0.030406	0.057938	0.073488	0.035521	0.024667	0.074438	0.070459	0.040374	0.099194	0.051167	0.007885	0.076626	0.083556	0.079854	0.052061	0.057318	0.076262
eod0-0	0.779108	0.760045	0.764381	0.753319	0.719705	0.767991	0.742257	0.769730	0.706897	0.723110	0.753045	0.748394	0.762125	0.810044	0.723913	0.739891	0.745375	0.733046	0.761697	0.734341
eod0-1	0.825581	0.791367	0.776596	0.792727	0.795139	0.843284	0.788927	0.809160	0.781481	0.735192	0.835616	0.866142	0.810526	0.848485	0.812734	0.798450	0.802469	0.785455	0.805147	0.816176
eod0	0.046474	0.031322	0.012215	0.039409	0.075434	0.075292	0.046671	0.039431	0.074585	0.012082	0.082571	0.117748	0.048402	0.038441	0.088821	0.058559	0.057094	0.052408	0.043450	0.081835
spd1-0	0.648914	0.628431	0.625691	0.623137	0.611150	0.645480	0.620665	0.656821	0.577762	0.580556	0.637063	0.631089	0.622616	0.680420	0.605394	0.621489	0.631944	0.599153	0.661549	0.625526
spd1-1	0.743902	0.705645	0.702929	0.678571	0.683155	0.715621	0.674202	0.721400	0.665323	0.702069	0.692517	0.697009	0.720230	0.742857	0.683862	0.685560	0.688276	0.701872	0.677596	0.711773
spd1	0.094989	0.077214	0.077238	0.055434	0.072005	0.070141	0.053537	0.064578	0.087560	0.121513	0.055454	0.065920	0.097614	0.062438	0.078469	0.064071	0.056331	0.102719	0.016046	0.086247
aod1-0	1.293235	1.253245	1.237390	1.238732	1.204651	1.280844	1.230967	1.309553	1.139809	1.147928	1.262282	1.258859	1.248526	1.346133	1.202419	1.240140	1.260321	1.178989	1.312701	1.240836
aod1-1	1.436032	1.360483	1.367002	1.304009	1.306723	1.368704	1.287327	1.386036	1.280315	1.344928	1.325182	1.327508	1.394565	1.425336	1.316389	1.314810	1.336166	1.366021	1.301214	1.381567
aod1	0.071399	0.053619	0.064806	0.032638	0.051036	0.043930	0.028180	0.038242	0.070253	0.098500	0.031450	0.034325	0.073019	0.039602	0.056985	0.037335	0.037923	0.093516	0.005744	0.070365
eod1-0	0.759615	0.748960	0.755585	0.748966	0.721419	0.763908	0.731707	0.758621	0.695364	0.695652	0.755674	0.758133	0.758621	0.811421	0.721536	0.732316	0.746922	0.722368	0.764314	0.734228
eod1-1	0.837416	0.796909	0.788235	0.784141	0.762605	0.818182	0.789011	0.809524	0.772009	0.775161	0.802691	0.796258	0.800469	0.832609	0.779476	0.785398	0.774942	0.783784	0.784091	0.783664
eod1	0.077801	0.047950	0.032651	0.035175	0.041186	0.054274	0.057304	0.050903	0.076645	0.079508	0.047016	0.038125	0.041849	0.021188	0.057940	0.053082	0.028020	0.061415	0.019777	0.049436
wcspd-00	0.627451	0.615450	0.614802	0.608062	0.600862	0.630360	0.606272	0.647651	0.556410	0.563652	0.616239	0.612069	0.604651	0.664953	0.586207	0.604790	0.618651	0.574283	0.641026	0.602879
wcspd-01	0.732297	0.702847	0.691203	0.671848	0.655914	0.690972	0.662021	0.714795	0.651123	0.692586	0.685455	0.665563	0.707780	0.747715	0.666667	0.663194	0.663732	0.706282	0.673145	0.702847
wcspd-10	0.748031	0.691358	0.675676	0.695473	0.657588	0.716000	0.683019	0.704348	0.677291	0.662602	0.730769	0.724576	0.704545	0.749049	0.694779	0.698039	0.698745	0.706767	0.752852	0.734694
wcspd-11	0.786164	0.714286	0.743750	0.700565	0.763158	0.797688	0.713483	0.741758	0.715152	0.732558	0.713514	0.812121	0.758824	0.728723	0.737705	0.763636	0.777070	0.685535	0.692771	0.740113
wcspd	0.158713	0.098836	0.128948	0.092503	0.162296	0.167328	0.107211	0.094107	0.158741	0.168907	0.114530	0.200052	0.154172	0.084097	0.151498	0.158846	0.158419	0.132484	0.111826	0.137234
wcaod-00	1.260900	1.243025	1.231700	1.223023	1.195791	1.262392	1.216175	1.300563	1.112021	1.126446	1.235253	1.228831	1.229428	1.330973	1.174433	1.217386	1.243418	1.142878	1.281295	1.205575
wcaod-01	1.419035	1.365360	1.355456	1.301077	1.256148	1.323864	1.274989	1.375242	1.252791	1.333402	1.325470	1.279028	1.380184	1.439116	1.287223	1.271707	1.288679	1.382698	1.301488	1.370833
wcaod-10	1.472135	1.312756	1.271598	1.308786	1.236529	1.369015	1.300704	1.341176	1.255737	1.282267	1.369735	1.401804	1.335659	1.378226	1.333083	1.362471	1.354618	1.343889	1.467541	1.407093
wcaod-11	1.496388	1.336752	1.414047	1.311538	1.455400	1.519048	1.320078	1.420513	1.381419	1.408224	1.311725	1.508797	1.438697	1.387302	1.406700	1.465920	1.512027	1.294556	1.296296	1.415254
wcaod	0.117744	0.061168	0.091173	0.044258	0.129805	0.128328	0.051951	0.059975	0.134699	0.140889	0.067241	0.139983	0.104635	0.054071	0.116134	0.124267	0.134305	0.119910	0.093123	0.104840
wceod-00	0.751748	0.744643	0.754237	0.737213	0.712605	0.753022	0.723894	0.748276	0.672913	0.691152	0.733564	0.738137	0.746403	0.790017	0.704348	0.725664	0.740171	0.702381	0.751278	0.710660
wceod-01	0.824207	0.785714	0.783439	0.780415	0.731638	0.792614	0.772861	0.805797	0.765396	0.779412	0.787692	0.764384	0.790323	0.844776	0.756522	0.762857	0.754491	0.785924	0.780120	0.776119
wceod-10	0.788462	0.763975	0.760234	0.791139	0.753012	0.803797	0.757225	0.800000	0.773810	0.712500	0.830409	0.840580	0.798817	0.883721	0.785714	0.756410	0.773973	0.790698	0.810976	0.824675
wceod-11	0.882353	0.829060	0.801802	0.794872	0.852459	0.900000	0.836207	0.820513	0.794118	0.763780	0.842975	0.896552	0.827586	0.800000	0.849558	0.862745	0.845361	0.776699	0.796296	0.805085
wceod	0.130605	0.084417	0.047565	0.057658	0.139854	0.146978	0.112313	0.072237	0.121205	0.088260	0.109411	0.158415	0.081183	0.093704	0.145210	0.137081	0.105190	0.088317	0.059698	0.114015
