accuracy	0.824778	0.817333	0.819889	0.787444	0.815444	0.818667	0.817222	0.816889	0.821111	0.817889	0.817556	0.774222	0.820667	0.820889	0.812667	0.816778	0.820111	0.820000	0.815778	0.817222
recall	0.662527	0.657750	0.677483	0.500000	0.653711	0.682416	0.664886	0.664303	0.663614	0.649991	0.676132	0.500000	0.672511	0.658931	0.650348	0.675506	0.664479	0.664822	0.658381	0.663906
precision	0.755960	0.749094	0.746280	0.393722	0.752738	0.748860	0.751027	0.740861	0.758618	0.749895	0.745103	0.387111	0.752820	0.758332	0.755422	0.739948	0.754315	0.748270	0.763216	0.732936
f1score	0.688000	0.681780	0.699470	0.440542	0.677919	0.703976	0.688689	0.686824	0.688833	0.674366	0.697909	0.436373	0.696251	0.684290	0.674308	0.696411	0.689048	0.688623	0.683370	0.685308
mcc	0.407923	0.396457	0.418141	0.000000	0.394202	0.426127	0.406894	0.397866	0.411405	0.387206	0.415550	0.000000	0.417681	0.405250	0.391930	0.410426	0.409045	0.404576	0.408355	0.390793
spd0-0	0.115412	0.114606	0.134034	0.000000	0.115449	0.135647	0.123904	0.123944	0.116424	0.104233	0.134367	0.000000	0.124350	0.111686	0.112882	0.132606	0.120664	0.125231	0.115772	0.126615
spd0-1	0.133353	0.141134	0.162752	0.000000	0.128970	0.174467	0.144841	0.153067	0.138647	0.134451	0.164155	0.000000	0.155869	0.134187	0.126214	0.172001	0.139944	0.139463	0.131319	0.154383
spd0	0.017940	0.026527	0.028718	0.000000	0.013521	0.038820	0.020938	0.029123	0.022223	0.030219	0.029787	0.000000	0.031519	0.022501	0.013331	0.039395	0.019280	0.014233	0.015547	0.027768
aod0-0	0.420107	0.412428	0.473667	0.000000	0.406755	0.473861	0.444865	0.443829	0.419031	0.376905	0.468651	0.000000	0.443444	0.405846	0.401674	0.470174	0.440668	0.439846	0.410882	0.442412
aod0-1	0.444016	0.443629	0.510032	0.000000	0.416123	0.539712	0.447910	0.471781	0.450092	0.433706	0.512611	0.000000	0.494196	0.435616	0.396073	0.522129	0.438965	0.456438	0.418939	0.489830
aod0	0.011954	0.015600	0.018182	0.000000	0.004684	0.032925	0.001523	0.013976	0.015530	0.028400	0.021980	0.000000	0.025376	0.014885	0.002801	0.025978	0.000852	0.008296	0.004029	0.023709
eod0-0	0.371728	0.361930	0.413732	0.000000	0.359215	0.411817	0.393809	0.389381	0.370757	0.332435	0.407930	0.000000	0.388592	0.359361	0.357082	0.409173	0.389785	0.383538	0.366197	0.380563
eod0-1	0.385390	0.381385	0.432401	0.000000	0.358556	0.460687	0.379191	0.394830	0.391355	0.373843	0.434881	0.000000	0.425989	0.379469	0.340067	0.436795	0.376975	0.394484	0.364155	0.414166
eod0	0.013663	0.019454	0.018669	0.000000	0.000659	0.048870	0.014618	0.005449	0.020598	0.041408	0.026952	0.000000	0.037397	0.020108	0.017015	0.027622	0.012810	0.010947	0.002042	0.033603
spd1-0	0.115366	0.119834	0.140447	0.000000	0.114896	0.144803	0.126253	0.131618	0.117777	0.111542	0.139299	0.000000	0.129272	0.115441	0.113797	0.140612	0.122285	0.125334	0.118508	0.130796
spd1-1	0.191283	0.177616	0.195360	0.000000	0.181481	0.212691	0.190709	0.172619	0.198317	0.170213	0.218789	0.000000	0.215347	0.173219	0.162963	0.228247	0.189826	0.189922	0.156642	0.207711
spd1	0.075917	0.057782	0.054913	0.000000	0.066585	0.067888	0.064456	0.041001	0.080541	0.058671	0.079489	0.000000	0.086074	0.057778	0.049166	0.087635	0.067542	0.064588	0.038134	0.076916
aod1-0	0.415862	0.416317	0.477490	0.000000	0.396646	0.490506	0.436122	0.445993	0.413373	0.392002	0.474335	0.000000	0.450678	0.408874	0.392768	0.471859	0.428762	0.437769	0.407818	0.449263
aod1-1	0.550135	0.506599	0.582717	0.000000	0.523434	0.593178	0.524956	0.536722	0.583056	0.485217	0.598645	0.000000	0.592801	0.498794	0.457473	0.660736	0.537800	0.524677	0.465734	0.578868
aod1	0.067136	0.045141	0.052614	0.000000	0.063394	0.051336	0.044417	0.045365	0.084842	0.046607	0.062155	0.000000	0.071061	0.044960	0.032352	0.094439	0.054519	0.043454	0.028958	0.064803
eod1-0	0.367963	0.364302	0.412394	0.000000	0.347052	0.424175	0.381219	0.385306	0.363944	0.343715	0.410644	0.000000	0.395166	0.360907	0.347027	0.404052	0.377865	0.381579	0.359914	0.386271
eod1-1	0.451613	0.419643	0.497717	0.000000	0.450644	0.500000	0.435146	0.449495	0.500000	0.407583	0.489270	0.000000	0.482456	0.423581	0.372727	0.561086	0.436620	0.438596	0.409692	0.465116
eod1	0.083650	0.055341	0.085323	0.000000	0.103591	0.075825	0.053928	0.064189	0.136056	0.063868	0.078626	0.000000	0.087290	0.062674	0.025700	0.157034	0.058755	0.057018	0.049778	0.078845
wcspd-00	0.106794	0.107534	0.127743	0.000000	0.106010	0.126070	0.115865	0.117221	0.105470	0.096580	0.125943	0.000000	0.114482	0.104050	0.105318	0.123353	0.112947	0.117213	0.110497	0.118581
wcspd-01	0.184641	0.172589	0.185185	0.000000	0.192504	0.212375	0.190801	0.177340	0.202946	0.172862	0.203800	0.000000	0.206957	0.173693	0.175559	0.214156	0.185442	0.197417	0.160839	0.195079
wcspd-10	0.128300	0.137714	0.158759	0.000000	0.127428	0.171531	0.141644	0.152573	0.135548	0.132632	0.157941	0.000000	0.150340	0.131712	0.125889	0.165622	0.135780	0.137179	0.130317	0.148491
wcspd-11	0.210280	0.190476	0.222222	0.000000	0.152466	0.213439	0.190476	0.160173	0.185520	0.163551	0.256522	0.000000	0.236052	0.171946	0.131004	0.260331	0.200873	0.172414	0.146018	0.238298
wcspd	0.103486	0.082943	0.094479	0.000000	0.086494	0.087369	0.074936	0.060118	0.097476	0.076282	0.130579	0.000000	0.121570	0.069643	0.070242	0.136978	0.087927	0.080204	0.050342	0.119717
wcaod-00	0.402390	0.397972	0.457970	0.000000	0.382589	0.452306	0.433477	0.428316	0.389439	0.359008	0.455966	0.000000	0.422005	0.390346	0.386785	0.446170	0.424494	0.419997	0.398473	0.428559
wcaod-01	0.547945	0.507816	0.582007	0.000000	0.559370	0.612149	0.523949	0.557829	0.604291	0.505298	0.561072	0.000000	0.596198	0.509772	0.510313	0.638277	0.563516	0.576424	0.498975	0.545765
wcaod-10	0.435247	0.439484	0.503748	0.000000	0.415348	0.538398	0.441880	0.470917	0.444415	0.433711	0.498471	0.000000	0.486985	0.432770	0.401575	0.505911	0.435532	0.461373	0.421063	0.476653
wcaod-11	0.555897	0.504397	0.588940	0.000000	0.428557	0.553922	0.527155	0.483969	0.526723	0.439375	0.683368	0.000000	0.589327	0.471587	0.331520	0.707690	0.494507	0.421911	0.394753	0.654563
wcaod	0.076753	0.054922	0.065485	0.000000	0.088390	0.079922	0.046839	0.064757	0.107426	0.073145	0.113701	0.000000	0.087097	0.059713	0.089397	0.130760	0.069511	0.078213	0.052111	0.113002
wceod-00	0.359799	0.350365	0.400203	0.000000	0.337986	0.394221	0.386249	0.378160	0.345214	0.317805	0.400411	0.000000	0.372812	0.347466	0.346680	0.388601	0.378710	0.366026	0.355176	0.371849
wceod-01	0.450331	0.431250	0.503356	0.000000	0.485207	0.515152	0.436782	0.468085	0.520958	0.428571	0.453416	0.000000	0.490066	0.431250	0.425806	0.544218	0.467626	0.496732	0.441558	0.436242
wceod-10	0.379121	0.380661	0.427665	0.000000	0.358491	0.459658	0.375000	0.394207	0.387137	0.375000	0.422935	0.000000	0.422030	0.377193	0.347458	0.422414	0.376847	0.401845	0.366127	0.404172
wceod-11	0.454545	0.390625	0.485714	0.000000	0.359375	0.470588	0.430769	0.403509	0.444444	0.359375	0.569444	0.000000	0.467532	0.405797	0.246154	0.594595	0.378378	0.320000	0.342466	0.530303
wceod	0.094746	0.080885	0.103153	0.000000	0.147221	0.120931	0.061782	0.089925	0.175744	0.110766	0.169034	0.000000	0.117255	0.083784	0.179653	0.205994	0.090779	0.176732	0.099093	0.158454
