accuracy	0.856687	0.857538	0.854986	0.864980	0.859026	0.855411	0.859026	0.851159	0.848820	0.857112	0.859877	0.850734	0.854774	0.850734	0.845843	0.873485	0.852435	0.853498	0.849670	0.852860
recall	0.666748	0.669075	0.673749	0.677955	0.672239	0.668655	0.666843	0.670968	0.664050	0.663928	0.670009	0.665903	0.678263	0.668597	0.655649	0.689191	0.657458	0.646868	0.667084	0.658611
precision	0.752225	0.766014	0.761799	0.769576	0.766172	0.750973	0.763827	0.752482	0.731210	0.762027	0.746345	0.742968	0.742050	0.743256	0.744432	0.775239	0.760110	0.729231	0.738307	0.736814
f1score	0.694442	0.699034	0.702133	0.708060	0.701984	0.695731	0.696820	0.697668	0.687311	0.693728	0.696206	0.691464	0.701509	0.693781	0.682358	0.719217	0.687027	0.672564	0.691407	0.684192
mcc	0.410161	0.424153	0.426556	0.438052	0.428230	0.411474	0.419608	0.415531	0.389512	0.414505	0.409297	0.401543	0.415444	0.405030	0.390106	0.456389	0.404753	0.366970	0.399085	0.387615
spd0-0	0.082310	0.075744	0.081385	0.075630	0.078261	0.078324	0.079749	0.080449	0.085898	0.073006	0.082962	0.082113	0.090539	0.082777	0.080740	0.076609	0.073013	0.077621	0.088073	0.080318
spd0-1	0.121406	0.123944	0.131505	0.125307	0.123511	0.130036	0.116147	0.138015	0.134996	0.121176	0.123933	0.134286	0.138733	0.137622	0.125101	0.123348	0.117763	0.111600	0.133175	0.124744
spd0	0.039096	0.048200	0.050120	0.049677	0.045250	0.051712	0.036398	0.057565	0.049098	0.048170	0.040972	0.052173	0.048194	0.054845	0.044361	0.046739	0.044750	0.033979	0.045101	0.044426
aod0-0	0.433216	0.410563	0.395752	0.398336	0.396702	0.430842	0.401434	0.418789	0.402455	0.377351	0.432113	0.432543	0.441706	0.407703	0.391130	0.479279	0.372592	0.399197	0.428475	0.424470
aod0-1	0.428520	0.435328	0.466233	0.469029	0.452822	0.443794	0.428512	0.461207	0.467087	0.433821	0.446110	0.445224	0.488121	0.471061	0.421639	0.459126	0.414759	0.389777	0.455904	0.421226
aod0	0.002348	0.012383	0.035240	0.035347	0.028060	0.006476	0.013539	0.021209	0.032316	0.028235	0.006999	0.006341	0.023207	0.031679	0.015254	0.010077	0.021084	0.004710	0.013715	0.001622
eod0-0	0.394834	0.378571	0.353571	0.363958	0.360424	0.398551	0.362007	0.381295	0.356115	0.341912	0.390152	0.395018	0.394161	0.369637	0.350694	0.446809	0.338182	0.359073	0.382353	0.384030
eod0-1	0.373077	0.382022	0.414991	0.418182	0.402672	0.379310	0.383430	0.397830	0.400387	0.384615	0.389113	0.378072	0.423002	0.402750	0.364791	0.407921	0.365942	0.333333	0.392523	0.359768
eod0	0.021757	0.003451	0.061419	0.054224	0.042248	0.019240	0.021423	0.016535	0.044272	0.042704	0.001039	0.016946	0.028841	0.033114	0.014097	0.038888	0.027760	0.025740	0.010170	0.024263
spd1-0	0.076398	0.074686	0.083558	0.080158	0.073520	0.077446	0.067295	0.074391	0.088038	0.069216	0.084757	0.081099	0.082155	0.079705	0.074174	0.065584	0.077493	0.069170	0.086583	0.071573
spd1-1	0.115230	0.113793	0.118981	0.111600	0.116551	0.118849	0.113460	0.128141	0.123484	0.112367	0.113801	0.122392	0.131759	0.126168	0.118012	0.118874	0.106244	0.108320	0.124451	0.117939
spd1	0.038832	0.039107	0.035423	0.031442	0.043031	0.041403	0.046165	0.053750	0.035446	0.043151	0.029044	0.041293	0.049604	0.046463	0.043838	0.053290	0.028751	0.039150	0.037868	0.046366
aod1-0	0.355870	0.425526	0.421642	0.396059	0.388622	0.394802	0.375421	0.388878	0.434469	0.358147	0.406856	0.412692	0.425403	0.371616	0.333457	0.376028	0.394776	0.377591	0.407530	0.392925
aod1-1	0.453742	0.425903	0.448128	0.457409	0.446331	0.450221	0.434467	0.462739	0.446179	0.431772	0.451892	0.446122	0.487249	0.468716	0.432842	0.492805	0.401345	0.397958	0.458695	0.429858
aod1	0.048936	0.000188	0.013243	0.030675	0.028855	0.027710	0.029523	0.036931	0.005855	0.036813	0.022518	0.016715	0.030923	0.048550	0.049692	0.058388	0.003284	0.010183	0.025582	0.018467
eod1-0	0.318627	0.396825	0.382199	0.358209	0.354497	0.361809	0.349206	0.355670	0.389189	0.326425	0.365854	0.375000	0.389744	0.329949	0.292308	0.348066	0.362745	0.346154	0.365385	0.360000
eod1-1	0.402044	0.376000	0.397799	0.412478	0.398058	0.393990	0.384236	0.403454	0.383607	0.383987	0.398198	0.386731	0.420608	0.409756	0.380435	0.443649	0.354735	0.340870	0.397329	0.370248
eod1	0.083417	0.020825	0.015600	0.054269	0.043561	0.032181	0.035030	0.047784	0.005583	0.057562	0.032345	0.011731	0.030865	0.079807	0.088127	0.095583	0.008010	0.005284	0.031944	0.010248
wcspd-00	0.056358	0.056851	0.068085	0.062947	0.051170	0.056380	0.062969	0.048571	0.072643	0.054622	0.064935	0.051576	0.059435	0.057554	0.056115	0.054852	0.057927	0.050350	0.066372	0.048780
wcspd-01	0.094227	0.084204	0.087558	0.081306	0.090606	0.088042	0.086901	0.095082	0.091503	0.081728	0.091026	0.095820	0.104167	0.094072	0.091984	0.086957	0.079576	0.090726	0.097870	0.094328
wcspd-10	0.094315	0.089480	0.097561	0.094775	0.091442	0.095238	0.070818	0.096459	0.099881	0.082192	0.101327	0.107053	0.100985	0.098997	0.090102	0.074789	0.092995	0.085928	0.102994	0.091837
wcspd-11	0.133526	0.141134	0.147059	0.140828	0.139940	0.146284	0.138620	0.158529	0.152522	0.139798	0.135417	0.147343	0.156956	0.156212	0.141343	0.147482	0.129749	0.123748	0.148104	0.140351
wcspd	0.077168	0.084283	0.078974	0.077881	0.088770	0.089905	0.075651	0.109958	0.079879	0.085176	0.070482	0.095767	0.097521	0.098658	0.085228	0.092630	0.071822	0.073398	0.081733	0.091570
wcaod-00	0.320886	0.433565	0.386217	0.373529	0.346696	0.396646	0.385619	0.371169	0.395271	0.376161	0.464527	0.427105	0.425665	0.334448	0.324591	0.452474	0.369482	0.349963	0.396660	0.399098
wcaod-01	0.477152	0.405926	0.400066	0.408315	0.413228	0.443820	0.407884	0.436927	0.405694	0.379742	0.423925	0.438100	0.450349	0.432003	0.416960	0.489914	0.374822	0.419174	0.442120	0.435015
wcaod-10	0.379845	0.424552	0.445516	0.412997	0.412778	0.398756	0.368824	0.404415	0.459660	0.351823	0.387112	0.416094	0.430515	0.397492	0.343359	0.342937	0.411442	0.397219	0.417690	0.396266
wcaod-11	0.445935	0.443102	0.473723	0.488411	0.467515	0.462167	0.451709	0.482442	0.473614	0.461065	0.469999	0.456759	0.510052	0.498013	0.443389	0.500444	0.417733	0.391059	0.470468	0.432773
wcaod	0.078133	0.018588	0.043753	0.057441	0.060409	0.032760	0.041443	0.055637	0.039171	0.054621	0.041443	0.020333	0.042193	0.081783	0.059399	0.078753	0.024125	0.034606	0.036904	0.019375
wceod-00	0.293333	0.412698	0.351351	0.346154	0.322581	0.376812	0.357143	0.353846	0.357143	0.352941	0.437500	0.409836	0.405797	0.305556	0.298701	0.431034	0.347222	0.328358	0.368421	0.377358
wceod-01	0.433673	0.368664	0.354369	0.370732	0.371041	0.405797	0.363636	0.389671	0.355769	0.338235	0.375000	0.390909	0.390244	0.389610	0.369668	0.451977	0.334975	0.369792	0.387755	0.385714
wceod-10	0.333333	0.388889	0.401709	0.365854	0.370079	0.353846	0.344538	0.356589	0.408696	0.312000	0.333333	0.358779	0.380952	0.344000	0.288136	0.308943	0.371212	0.356522	0.363636	0.352459
wceod-11	0.386189	0.379902	0.418605	0.435484	0.413098	0.387755	0.395000	0.410377	0.398010	0.406863	0.411268	0.384422	0.436693	0.421875	0.385681	0.439791	0.364286	0.326371	0.401985	0.362025
wceod	0.140340	0.044035	0.067253	0.089330	0.090518	0.051951	0.050462	0.056531	0.052926	0.094863	0.104167	0.051057	0.055740	0.116319	0.097546	0.143034	0.036237	0.043421	0.038349	0.033255
