accuracy	0.854348	0.853498	0.854774	0.863704	0.855624	0.857750	0.858601	0.849458	0.847757	0.855837	0.863066	0.849458	0.852860	0.851797	0.843929	0.871571	0.853923	0.856262	0.853498	0.855624
recall	0.648700	0.653034	0.656974	0.665854	0.652992	0.655606	0.652628	0.657176	0.648380	0.657738	0.660759	0.647045	0.663915	0.652673	0.641421	0.667175	0.646946	0.640509	0.664481	0.650510
precision	0.750430	0.758802	0.769355	0.770560	0.762895	0.764459	0.769623	0.751823	0.730407	0.760174	0.760015	0.744220	0.739121	0.751541	0.742941	0.778536	0.772429	0.740048	0.750508	0.748065
f1score	0.677647	0.682805	0.688091	0.697510	0.683552	0.686486	0.684416	0.685240	0.673674	0.687659	0.691107	0.674717	0.689151	0.681272	0.668554	0.700812	0.678496	0.668613	0.691903	0.679128
mcc	0.385948	0.398022	0.411251	0.423668	0.401103	0.405716	0.405720	0.397898	0.369799	0.405163	0.408900	0.379005	0.395957	0.391936	0.370712	0.431574	0.400162	0.367308	0.405975	0.386452
spd0-0	0.084584	0.079351	0.077788	0.080053	0.082838	0.076047	0.079749	0.085393	0.082223	0.079766	0.081624	0.082113	0.094160	0.084112	0.081642	0.076156	0.073937	0.079437	0.086239	0.078111
spd0-1	0.097444	0.105835	0.106898	0.105651	0.098094	0.104507	0.094294	0.115012	0.116390	0.108696	0.101991	0.106531	0.118284	0.106678	0.105390	0.096916	0.095313	0.092800	0.119699	0.105868
spd0	0.012860	0.026484	0.029110	0.025598	0.015256	0.028460	0.014545	0.029619	0.034166	0.028930	0.020368	0.024418	0.024124	0.022565	0.023748	0.020760	0.021376	0.013363	0.033460	0.027757
aod0-0	0.448495	0.423857	0.397751	0.418531	0.410983	0.415829	0.407578	0.439856	0.392101	0.413521	0.443726	0.423388	0.448973	0.412032	0.392167	0.471276	0.376757	0.417987	0.423226	0.418670
aod0-1	0.345774	0.370100	0.386169	0.403698	0.367264	0.376254	0.358413	0.390353	0.403471	0.390659	0.380949	0.363253	0.423374	0.381240	0.359969	0.372778	0.353365	0.336130	0.426506	0.371827
aod0	0.051360	0.026879	0.005791	0.007417	0.021859	0.019787	0.024582	0.024751	0.005685	0.011431	0.031388	0.030068	0.012800	0.015396	0.016099	0.049249	0.011696	0.040929	0.001640	0.023422
eod0-0	0.409594	0.389286	0.360714	0.381625	0.371025	0.384058	0.369176	0.399281	0.348921	0.375000	0.405303	0.384342	0.397810	0.372937	0.350694	0.438298	0.341818	0.378378	0.378676	0.380228
eod0-1	0.301923	0.323970	0.347349	0.363636	0.330153	0.331418	0.325626	0.339964	0.346228	0.347092	0.338710	0.313800	0.370370	0.333988	0.313975	0.336634	0.320652	0.293173	0.375701	0.324952
eod0	0.107671	0.065316	0.013365	0.017989	0.040872	0.052640	0.043549	0.059317	0.002693	0.027908	0.066593	0.070542	0.027440	0.038949	0.036720	0.101664	0.021166	0.085206	0.002976	0.055276
spd1-0	0.078445	0.076008	0.084906	0.084757	0.068966	0.081522	0.069314	0.080316	0.092742	0.075808	0.081472	0.077078	0.088889	0.081045	0.074174	0.064286	0.075472	0.073123	0.087244	0.072248
spd1-1	0.097312	0.101567	0.096925	0.097454	0.101706	0.095636	0.095741	0.110867	0.104199	0.104206	0.097454	0.103083	0.115289	0.102804	0.103416	0.098324	0.090090	0.092936	0.112226	0.101800
spd1	0.018868	0.025559	0.012019	0.012697	0.032740	0.014114	0.026428	0.030551	0.011457	0.028398	0.015982	0.026005	0.026400	0.021759	0.029242	0.034039	0.014618	0.019813	0.024982	0.029552
aod1-0	0.362357	0.404358	0.423189	0.418231	0.365232	0.407994	0.364174	0.404470	0.444479	0.387830	0.415416	0.394760	0.433154	0.377464	0.346512	0.374556	0.388312	0.391574	0.412338	0.383793
aod1-1	0.386764	0.382865	0.379159	0.405052	0.389890	0.381751	0.381146	0.407005	0.383459	0.401744	0.397986	0.380308	0.433049	0.396391	0.378494	0.414457	0.353256	0.356132	0.429525	0.388385
aod1	0.012204	0.010747	0.022015	0.006589	0.012329	0.013122	0.008486	0.001268	0.030510	0.006957	0.008715	0.007226	0.000053	0.009464	0.015991	0.019950	0.017528	0.017721	0.008593	0.002296
eod1-0	0.323529	0.370370	0.382199	0.378109	0.333333	0.371859	0.333333	0.365979	0.394595	0.352332	0.380488	0.359375	0.389744	0.335025	0.307692	0.348066	0.357843	0.357143	0.370192	0.348571
eod1-1	0.344123	0.339200	0.342767	0.367418	0.347896	0.342237	0.343186	0.357928	0.332787	0.357843	0.354955	0.331715	0.376689	0.352846	0.332298	0.375671	0.317817	0.311304	0.378965	0.342149
eod1	0.020593	0.031170	0.039432	0.010692	0.014563	0.029622	0.009852	0.008052	0.061808	0.005512	0.025533	0.027660	0.013054	0.017820	0.024606	0.027605	0.040026	0.045839	0.008773	0.006423
wcspd-00	0.063584	0.058309	0.068085	0.075823	0.048246	0.060831	0.070465	0.058571	0.069552	0.063025	0.063492	0.053009	0.066865	0.064748	0.061871	0.053446	0.056402	0.057343	0.069322	0.050215
wcspd-01	0.094227	0.088773	0.082291	0.081946	0.098601	0.082786	0.083706	0.097705	0.087582	0.087708	0.089735	0.095177	0.106120	0.092784	0.090670	0.086957	0.081565	0.090054	0.093875	0.090504
wcspd-10	0.091731	0.090689	0.100128	0.092345	0.085580	0.098997	0.068376	0.098901	0.110583	0.087173	0.096502	0.098237	0.107143	0.095238	0.085025	0.073583	0.090580	0.087173	0.101796	0.091837
wcspd-11	0.100000	0.113390	0.110000	0.112415	0.104505	0.107080	0.107143	0.122966	0.119288	0.118977	0.104779	0.110507	0.123662	0.112183	0.114841	0.108513	0.097604	0.095463	0.128555	0.112523
wcspd	0.036416	0.055081	0.041915	0.036592	0.056259	0.046249	0.038767	0.064394	0.049736	0.055952	0.041287	0.057499	0.056798	0.047435	0.052970	0.055067	0.041201	0.038120	0.059233	0.062307
wcaod-00	0.352415	0.420902	0.386217	0.444073	0.314438	0.401605	0.406604	0.423622	0.379252	0.424923	0.505043	0.399027	0.421106	0.367041	0.387908	0.435233	0.355594	0.384444	0.388486	0.383335
wcaod-01	0.485830	0.426641	0.402158	0.409052	0.441321	0.421454	0.408244	0.447842	0.397104	0.411460	0.426701	0.433555	0.460856	0.426917	0.395552	0.485023	0.385441	0.431713	0.437525	0.430600
wcaod-10	0.370543	0.399939	0.448537	0.403438	0.392898	0.415638	0.338067	0.401011	0.486693	0.370773	0.381298	0.399410	0.444282	0.386520	0.323425	0.348235	0.408568	0.398673	0.428575	0.389580
wcaod-11	0.337434	0.361725	0.367204	0.402480	0.358696	0.362917	0.365942	0.386657	0.378722	0.396932	0.379999	0.351587	0.416079	0.378859	0.368323	0.381812	0.334971	0.317530	0.426052	0.366682
wcaod	0.074198	0.032458	0.040667	0.020796	0.063442	0.029269	0.035088	0.030592	0.053985	0.027075	0.062522	0.040984	0.022389	0.029938	0.036063	0.068394	0.036799	0.057091	0.024520	0.031959
wceod-00	0.320000	0.396825	0.351351	0.410256	0.290323	0.376812	0.371429	0.400000	0.342857	0.397059	0.484375	0.377049	0.391304	0.333333	0.363636	0.413793	0.333333	0.358209	0.355263	0.358491
wceod-01	0.443878	0.387097	0.364078	0.370732	0.393665	0.386473	0.368421	0.399061	0.350962	0.367647	0.380000	0.386364	0.400000	0.385281	0.345972	0.446328	0.344828	0.385417	0.387755	0.385714
wceod-10	0.325581	0.357143	0.401709	0.357724	0.354331	0.369231	0.310924	0.348837	0.426087	0.328000	0.333333	0.351145	0.388889	0.336000	0.271186	0.317073	0.371212	0.356522	0.378788	0.344262
wceod-11	0.294118	0.313725	0.332558	0.365591	0.322418	0.318878	0.330000	0.337264	0.323383	0.352941	0.340845	0.301508	0.364341	0.333333	0.325635	0.342932	0.304762	0.274151	0.374690	0.318987
wceod	0.149760	0.083100	0.069151	0.052533	0.103343	0.067596	0.060504	0.062736	0.102704	0.069059	0.151042	0.084856	0.035659	0.051948	0.092450	0.129255	0.066450	0.111265	0.032492	0.066727
