accuracy	0.816667	0.810111	0.815556	0.823778	0.813333	0.810222	0.806444	0.812667	0.816000	0.810889	0.811667	0.810000	0.810556	0.814778	0.805778	0.814111	0.814333	0.809778	0.810333	0.817333
recall	0.654740	0.649357	0.659272	0.659505	0.655314	0.654384	0.646915	0.651995	0.659792	0.654955	0.654016	0.658019	0.652150	0.655006	0.652820	0.657697	0.659515	0.651545	0.662724	0.660034
precision	0.735469	0.731798	0.741824	0.748264	0.745153	0.737815	0.728411	0.733937	0.745165	0.727458	0.738088	0.734750	0.733435	0.741485	0.732899	0.739257	0.739947	0.725353	0.743654	0.734312
f1score	0.677346	0.671106	0.682203	0.684146	0.678533	0.676530	0.667984	0.674144	0.683126	0.675927	0.676384	0.679572	0.673992	0.678059	0.674007	0.680269	0.682064	0.672410	0.685002	0.682101
mcc	0.381767	0.372132	0.392509	0.397992	0.390259	0.383223	0.366371	0.377133	0.395856	0.375477	0.382984	0.385201	0.376919	0.386944	0.377315	0.388485	0.391281	0.369600	0.398238	0.387287
spd0-0	0.121744	0.117550	0.118916	0.116786	0.121584	0.119317	0.121893	0.117334	0.123046	0.121201	0.118296	0.128486	0.119525	0.119083	0.127525	0.122804	0.128782	0.125599	0.129877	0.123108
spd0-1	0.136233	0.143098	0.148490	0.131467	0.134493	0.147881	0.139739	0.144063	0.139770	0.155348	0.145245	0.147708	0.145072	0.138363	0.144244	0.143334	0.138268	0.143935	0.149958	0.147683
spd0	0.014489	0.025548	0.029574	0.014682	0.012909	0.028564	0.017846	0.026729	0.016724	0.034147	0.026950	0.019222	0.025547	0.019280	0.016719	0.020530	0.009486	0.018336	0.020080	0.024575
aod0-0	0.430028	0.411501	0.428014	0.430182	0.418908	0.411783	0.419085	0.419157	0.426153	0.422855	0.405757	0.432786	0.418301	0.421073	0.427133	0.434508	0.459519	0.426831	0.443824	0.428538
aod0-1	0.432688	0.435565	0.455376	0.426937	0.431385	0.455544	0.420857	0.437399	0.450771	0.473065	0.458368	0.463151	0.442495	0.434043	0.442639	0.442320	0.421588	0.448915	0.460564	0.475242
aod0	0.001330	0.012032	0.013681	0.001622	0.006239	0.021880	0.000886	0.009121	0.012309	0.025105	0.026306	0.015183	0.012097	0.006485	0.007753	0.003906	0.018966	0.011042	0.008370	0.023352
eod0-0	0.374346	0.355675	0.377641	0.377095	0.365188	0.355379	0.361995	0.367257	0.369017	0.365678	0.349780	0.369887	0.362745	0.367347	0.366412	0.377698	0.401434	0.365149	0.386910	0.367847
eod0-1	0.363980	0.365494	0.379953	0.369487	0.370198	0.387597	0.349133	0.361927	0.390187	0.391204	0.391846	0.395243	0.370621	0.369089	0.373737	0.374718	0.354402	0.375300	0.389269	0.405762
eod0	0.010366	0.009819	0.002313	0.007607	0.005010	0.032218	0.012862	0.005329	0.021170	0.025525	0.042066	0.025357	0.007876	0.001742	0.007325	0.002980	0.047032	0.010151	0.002360	0.037915
spd1-0	0.122217	0.123502	0.127857	0.117532	0.121978	0.126273	0.125519	0.125245	0.123898	0.130577	0.124649	0.128557	0.123169	0.122526	0.129548	0.126234	0.129241	0.129589	0.134357	0.127623
spd1-1	0.177966	0.169100	0.158730	0.171875	0.175309	0.173913	0.162592	0.153571	0.186298	0.183511	0.175525	0.209906	0.196782	0.169533	0.181481	0.180328	0.166253	0.167959	0.172932	0.186567
spd1	0.055749	0.045598	0.030873	0.054343	0.053331	0.047640	0.037072	0.028326	0.062400	0.052934	0.050876	0.081348	0.073613	0.047007	0.051933	0.054094	0.037012	0.038370	0.038575	0.058944
aod1-0	0.421991	0.414493	0.432087	0.419539	0.416112	0.422103	0.416667	0.419656	0.422415	0.438058	0.421252	0.426629	0.418104	0.418318	0.426514	0.427038	0.439273	0.433147	0.445458	0.439266
aod1-1	0.508343	0.480933	0.492123	0.502337	0.491740	0.493884	0.443464	0.483857	0.550325	0.500810	0.489323	0.612524	0.521688	0.491009	0.500000	0.524887	0.472666	0.460334	0.493809	0.529332
aod1	0.043176	0.033220	0.030018	0.041399	0.037814	0.035890	0.013399	0.032100	0.063955	0.031376	0.034035	0.092947	0.051792	0.036346	0.036743	0.048925	0.016697	0.013593	0.024175	0.045033
eod1-0	0.364481	0.355293	0.371831	0.366924	0.361513	0.362059	0.355506	0.360067	0.365634	0.373726	0.363025	0.366042	0.360877	0.361473	0.365946	0.367473	0.380101	0.367849	0.384159	0.378127
eod1-1	0.414747	0.397321	0.433790	0.424779	0.412017	0.424000	0.364017	0.409091	0.473913	0.402844	0.407725	0.504587	0.407895	0.419214	0.400000	0.447964	0.384977	0.381579	0.418502	0.432558
eod1	0.050266	0.042029	0.061959	0.057855	0.050504	0.061941	0.008511	0.049024	0.108279	0.029118	0.044700	0.138545	0.047018	0.057741	0.034054	0.080491	0.004876	0.013730	0.034343	0.054431
wcspd-00	0.115134	0.113313	0.114700	0.110084	0.114566	0.113129	0.117707	0.112880	0.114795	0.114404	0.114208	0.118758	0.111988	0.113396	0.121728	0.116557	0.125749	0.120697	0.126049	0.118581
wcspd-01	0.174837	0.152284	0.153199	0.171717	0.178876	0.168896	0.156729	0.152709	0.188216	0.182156	0.151986	0.204248	0.182609	0.165261	0.175559	0.177858	0.154246	0.169742	0.162587	0.161687
wcspd-10	0.132904	0.138314	0.146822	0.128524	0.132431	0.145027	0.137094	0.143244	0.137044	0.153374	0.139222	0.142351	0.139094	0.135568	0.140699	0.140257	0.134288	0.142558	0.146606	0.140723
wcspd-11	0.186916	0.212121	0.173333	0.172269	0.165919	0.185771	0.177489	0.155844	0.180995	0.186916	0.234783	0.224576	0.231760	0.180995	0.196507	0.185950	0.196507	0.163793	0.199115	0.246809
wcspd	0.071782	0.098809	0.058634	0.062185	0.064310	0.072642	0.059782	0.042964	0.073421	0.072512	0.120575	0.105818	0.119771	0.067600	0.074778	0.069394	0.070758	0.049045	0.073066	0.128227
wcaod-00	0.419597	0.405963	0.414470	0.416554	0.406605	0.398337	0.419189	0.410087	0.404178	0.410784	0.405342	0.405152	0.405798	0.411331	0.418320	0.419766	0.458123	0.417579	0.438960	0.423796
wcaod-01	0.508210	0.448535	0.516990	0.526012	0.501458	0.495836	0.425635	0.486134	0.561607	0.513840	0.416743	0.625002	0.512011	0.486403	0.493897	0.536842	0.473309	0.490280	0.480861	0.465884
wcaod-10	0.426501	0.426228	0.456502	0.424212	0.428868	0.451973	0.415485	0.434466	0.445508	0.473811	0.441646	0.453587	0.434863	0.428313	0.437553	0.437251	0.417647	0.454366	0.455269	0.459246
wcaod-11	0.505324	0.563249	0.447465	0.452387	0.466097	0.489006	0.490361	0.478221	0.520394	0.472708	0.651723	0.589517	0.550033	0.500572	0.515854	0.502252	0.480994	0.402208	0.523323	0.675632
wcaod	0.044307	0.078643	0.051260	0.054729	0.047426	0.048750	0.037438	0.038023	0.078714	0.051528	0.123190	0.109925	0.072117	0.044620	0.048767	0.058538	0.031674	0.044036	0.042182	0.125918
wceod-00	0.368844	0.351408	0.363728	0.367061	0.355932	0.343653	0.364004	0.360971	0.349287	0.357143	0.352156	0.347000	0.355304	0.359876	0.361328	0.364767	0.402252	0.356926	0.383666	0.365546
wceod-01	0.410596	0.381250	0.469799	0.441379	0.420118	0.424242	0.350575	0.411348	0.485030	0.421769	0.335404	0.523490	0.410596	0.412500	0.400000	0.462585	0.395683	0.418301	0.409091	0.382550
wceod-10	0.358516	0.359853	0.381980	0.366755	0.368553	0.383863	0.345000	0.358942	0.385876	0.393750	0.376079	0.389435	0.367574	0.363409	0.371671	0.370690	0.353448	0.382082	0.384807	0.393742
wceod-11	0.424242	0.437500	0.357143	0.395062	0.390625	0.423529	0.400000	0.403509	0.444444	0.359375	0.569444	0.463768	0.402597	0.434783	0.400000	0.418919	0.364865	0.306667	0.438356	0.545455
wceod	0.065726	0.086092	0.112656	0.074625	0.064186	0.080589	0.055000	0.052405	0.135743	0.064626	0.234041	0.176490	0.055292	0.074907	0.038672	0.097818	0.048804	0.111634	0.054690	0.179908
