accuracy	0.860181	0.862287	0.859339	0.854917	0.860181	0.860602	0.862287	0.847968	0.858497	0.858497	0.831754	0.860181	0.858918	0.857233	0.865866	0.858497	0.857023	0.861866	0.862497	0.854917
recall	0.641253	0.705768	0.667091	0.636165	0.670343	0.663890	0.630319	0.694056	0.645304	0.645313	0.500000	0.659799	0.647767	0.639167	0.682547	0.653612	0.652324	0.636485	0.645291	0.684990
precision	0.776512	0.765791	0.767110	0.783477	0.762848	0.768441	0.792659	0.731951	0.807354	0.774216	0.415877	0.783914	0.785932	0.790403	0.768930	0.769348	0.790715	0.786315	0.778636	0.753090
f1score	0.673975	0.728923	0.697622	0.668321	0.699830	0.695069	0.663789	0.709777	0.680419	0.677668	0.454075	0.693315	0.681370	0.672433	0.711845	0.685319	0.686173	0.670032	0.678661	0.709496
mcc	0.395263	0.467723	0.422523	0.392935	0.423199	0.419499	0.390585	0.424318	0.422657	0.399234	0.000000	0.426001	0.411102	0.402067	0.443136	0.406818	0.420870	0.395362	0.402410	0.432755
spd0-0	0.066374	0.096988	0.078618	0.058140	0.091348	0.077594	0.046737	0.125384	0.059349	0.065151	0.000000	0.074746	0.066163	0.062839	0.081720	0.064114	0.064270	0.051003	0.062473	0.096266
spd0-1	0.086904	0.152951	0.116680	0.089932	0.109628	0.110387	0.083434	0.149919	0.088915	0.096263	0.000000	0.101286	0.093312	0.084746	0.125825	0.109868	0.101030	0.090020	0.092683	0.138955
spd0	0.020530	0.055962	0.038063	0.031793	0.018280	0.032793	0.036697	0.024535	0.029567	0.031112	0.000000	0.026540	0.027149	0.021907	0.044105	0.045754	0.036760	0.039018	0.030210	0.042689
aod0-0	0.376791	0.507047	0.410719	0.334421	0.454697	0.405444	0.274074	0.560229	0.344477	0.352334	0.000000	0.395169	0.362130	0.352817	0.423559	0.369527	0.351332	0.285911	0.349740	0.453336
aod0-1	0.324145	0.536273	0.423473	0.326549	0.411897	0.409878	0.324858	0.514544	0.335027	0.358502	0.000000	0.381969	0.351027	0.319435	0.473959	0.391036	0.373362	0.350450	0.353083	0.497546
aod0	0.026323	0.014613	0.006377	0.003936	0.021400	0.002217	0.025392	0.022843	0.004725	0.003084	0.000000	0.006600	0.005552	0.016691	0.025200	0.010754	0.011015	0.032270	0.001672	0.022105
eod0-0	0.353535	0.463415	0.377850	0.316832	0.413115	0.374194	0.255556	0.493631	0.327922	0.326667	0.000000	0.366013	0.335640	0.334405	0.385666	0.348993	0.328947	0.266892	0.323843	0.405941
eod0-1	0.287726	0.468927	0.373757	0.289773	0.366397	0.362525	0.297872	0.438247	0.305556	0.320158	0.000000	0.344894	0.318949	0.286267	0.423313	0.339882	0.337017	0.317814	0.318812	0.435701
eod0	0.065809	0.005512	0.004093	0.027059	0.046718	0.011668	0.042317	0.055384	0.022367	0.006509	0.000000	0.021119	0.016691	0.048138	0.037647	0.009111	0.008069	0.050922	0.005032	0.029760
spd1-0	0.057125	0.108966	0.088750	0.064919	0.091257	0.080000	0.067542	0.103704	0.051457	0.070164	0.000000	0.062382	0.072282	0.052308	0.094066	0.092317	0.065327	0.070263	0.066790	0.112773
spd1-1	0.087136	0.135221	0.102890	0.080076	0.105594	0.101764	0.065079	0.155960	0.087054	0.086833	0.000000	0.101834	0.084547	0.086108	0.109321	0.086124	0.093126	0.071632	0.083972	0.122137
spd1	0.030011	0.026255	0.014140	0.015157	0.014337	0.021764	0.002463	0.052257	0.035597	0.016669	0.000000	0.039452	0.012266	0.033800	0.015255	0.006193	0.027800	0.001369	0.017182	0.009365
aod1-0	0.293175	0.513316	0.439130	0.297898	0.408845	0.374590	0.351013	0.459421	0.249560	0.314083	0.000000	0.342796	0.340318	0.266703	0.447291	0.412564	0.293355	0.379594	0.323617	0.491950
aod1-1	0.362985	0.526691	0.408306	0.337697	0.435190	0.417866	0.288132	0.560654	0.371565	0.369421	0.000000	0.403119	0.359441	0.358640	0.456022	0.364301	0.392966	0.303842	0.361155	0.473936
aod1	0.034905	0.006687	0.015412	0.019899	0.013173	0.021638	0.031440	0.050617	0.061002	0.027669	0.000000	0.030162	0.009561	0.045968	0.004365	0.024132	0.049806	0.037876	0.018769	0.009007
eod1-0	0.271930	0.462555	0.400000	0.267241	0.364035	0.334884	0.324201	0.403587	0.229167	0.278027	0.000000	0.320930	0.309322	0.250000	0.405286	0.368201	0.265060	0.353488	0.292793	0.431718
eod1-1	0.328622	0.468697	0.366102	0.312187	0.392294	0.378840	0.267606	0.480607	0.347039	0.339623	0.000000	0.363934	0.331058	0.327586	0.410811	0.332746	0.362876	0.278261	0.331560	0.422111
eod1	0.056692	0.006142	0.033898	0.044946	0.028259	0.043956	0.056595	0.077020	0.117873	0.061596	0.000000	0.043004	0.021736	0.077586	0.005524	0.035454	0.097816	0.075228	0.038767	0.009608
wcspd-00	0.041389	0.087883	0.061599	0.040984	0.070028	0.060893	0.046479	0.094488	0.034014	0.050616	0.000000	0.043883	0.052703	0.043883	0.063830	0.048143	0.044818	0.055925	0.049934	0.104683
wcspd-01	0.078637	0.101526	0.086985	0.066489	0.101088	0.085531	0.046855	0.140882	0.071713	0.071979	0.000000	0.090126	0.072751	0.072603	0.090273	0.071758	0.073461	0.048607	0.068717	0.092184
wcspd-10	0.071090	0.127485	0.113501	0.085057	0.109027	0.096890	0.084364	0.111888	0.066059	0.086957	0.000000	0.079042	0.089307	0.059565	0.121394	0.128523	0.082005	0.083037	0.081776	0.119454
wcspd-11	0.095092	0.166259	0.118347	0.092514	0.109944	0.117356	0.082915	0.170186	0.101227	0.101179	0.000000	0.112523	0.095383	0.097957	0.128141	0.099629	0.111179	0.093672	0.098504	0.149362
wcspd	0.053704	0.078376	0.056748	0.051530	0.039916	0.056463	0.037886	0.075698	0.067213	0.050564	0.000000	0.068640	0.042680	0.054074	0.064311	0.080380	0.066361	0.045066	0.048569	0.057178
wcaod-00	0.306438	0.522679	0.423347	0.240627	0.364949	0.353169	0.318194	0.519062	0.216251	0.267359	0.000000	0.344417	0.273305	0.284339	0.311568	0.332687	0.232910	0.347756	0.301133	0.529166
wcaod-01	0.401004	0.501380	0.408214	0.365989	0.483600	0.419722	0.260328	0.577574	0.389190	0.373665	0.000000	0.412790	0.401677	0.383619	0.460847	0.382720	0.391072	0.261425	0.367918	0.425082
wcaod-10	0.290437	0.512109	0.453534	0.330882	0.431758	0.387393	0.365539	0.427650	0.268735	0.334615	0.000000	0.345224	0.382450	0.257516	0.513298	0.461699	0.321859	0.400748	0.337990	0.472318
wcaod-11	0.340237	0.547023	0.410708	0.324190	0.402608	0.419680	0.306479	0.551467	0.363629	0.369387	0.000000	0.397917	0.338449	0.346923	0.456722	0.355974	0.397706	0.332743	0.358837	0.508224
wcaod	0.055284	0.022821	0.022660	0.062681	0.059326	0.033276	0.052606	0.074962	0.086469	0.053153	0.000000	0.034186	0.064186	0.063051	0.100865	0.064506	0.082398	0.069662	0.033393	0.052042
wceod-00	0.291667	0.481013	0.397260	0.220779	0.324324	0.318841	0.295082	0.469136	0.202532	0.234375	0.000000	0.328358	0.247191	0.273684	0.270270	0.315789	0.207792	0.325301	0.276316	0.467532
wceod-01	0.373333	0.456731	0.371795	0.349558	0.441558	0.390041	0.244019	0.502146	0.371179	0.351695	0.000000	0.376569	0.375000	0.361111	0.424658	0.360360	0.370044	0.244131	0.341463	0.384956
wceod-10	0.262821	0.452703	0.401361	0.290323	0.383117	0.342466	0.335443	0.366197	0.242236	0.295597	0.000000	0.317568	0.346939	0.235294	0.470588	0.392638	0.290698	0.371212	0.301370	0.413333
wceod-11	0.299120	0.475196	0.362360	0.289544	0.358824	0.371014	0.281337	0.466667	0.332454	0.331412	0.000000	0.355795	0.308290	0.307692	0.401786	0.315029	0.358491	0.298343	0.325905	0.444744
wceod	0.110513	0.028310	0.039001	0.128778	0.117234	0.071201	0.091424	0.135949	0.168647	0.117320	0.000000	0.059001	0.127809	0.125817	0.200318	0.077609	0.162252	0.127081	0.065148	0.082577
