accuracy	0.862708	0.863761	0.860181	0.851337	0.860602	0.862287	0.860602	0.854075	0.859339	0.858707	0.863971	0.859971	0.858707	0.858286	0.866498	0.857023	0.860181	0.862287	0.863761	0.857865
recall	0.654346	0.663578	0.655340	0.635417	0.657617	0.655450	0.650693	0.648210	0.657815	0.657284	0.657146	0.654406	0.656296	0.654095	0.665984	0.643362	0.669498	0.661055	0.658288	0.665680
precision	0.778621	0.792444	0.777375	0.766207	0.770690	0.780676	0.767078	0.759935	0.797405	0.767472	0.785750	0.787342	0.778086	0.781840	0.779603	0.769530	0.790149	0.770098	0.775330	0.770024
f1score	0.687710	0.698491	0.688198	0.665673	0.689570	0.688979	0.682465	0.678385	0.692722	0.688595	0.691468	0.688380	0.689021	0.687237	0.699344	0.675011	0.703349	0.692894	0.691211	0.696659
mcc	0.414749	0.437435	0.415150	0.379731	0.413112	0.417760	0.401232	0.392556	0.433289	0.410215	0.423814	0.421272	0.416960	0.416798	0.430858	0.393143	0.443530	0.417137	0.417523	0.423025
spd0-0	0.064176	0.059787	0.062635	0.058587	0.078612	0.067132	0.061728	0.072337	0.066934	0.072147	0.058462	0.060593	0.070604	0.064647	0.068817	0.061888	0.069213	0.064080	0.066405	0.072425
spd0-1	0.102668	0.112405	0.109696	0.098687	0.099515	0.101426	0.106812	0.104538	0.101276	0.108855	0.107518	0.105707	0.104125	0.104848	0.109736	0.099481	0.116878	0.116090	0.106098	0.119557
spd0	0.038492	0.052617	0.047061	0.040100	0.020902	0.034294	0.045083	0.032201	0.034342	0.036708	0.049057	0.045115	0.033521	0.040201	0.040919	0.037593	0.047664	0.052009	0.039693	0.047132
aod0-0	0.374263	0.369167	0.348143	0.315457	0.406732	0.363407	0.345546	0.367575	0.366918	0.383026	0.362050	0.340210	0.379028	0.346852	0.388350	0.335694	0.368133	0.341216	0.378708	0.370142
aod0-1	0.378516	0.406480	0.401437	0.351533	0.377996	0.386456	0.390016	0.378956	0.378997	0.397791	0.391065	0.391812	0.383912	0.392176	0.414071	0.366291	0.432322	0.434574	0.393462	0.439012
aod0	0.002126	0.018657	0.026647	0.018038	0.014368	0.011524	0.022235	0.005691	0.006039	0.007382	0.014507	0.025801	0.002442	0.022662	0.012861	0.015298	0.032094	0.046679	0.007377	0.034435
eod0-0	0.353535	0.351916	0.325733	0.293729	0.373770	0.338710	0.318519	0.337580	0.344156	0.353333	0.344948	0.320261	0.349481	0.324759	0.361775	0.312081	0.342105	0.314189	0.352313	0.339934
eod0-1	0.334004	0.361582	0.355865	0.308712	0.338057	0.346232	0.346228	0.332669	0.344444	0.351779	0.345703	0.350674	0.345216	0.350097	0.370143	0.324165	0.390424	0.386640	0.350495	0.389635
eod0	0.019531	0.009666	0.030132	0.014983	0.035714	0.007523	0.027710	0.004910	0.000289	0.001555	0.000755	0.030413	0.004265	0.025338	0.008368	0.012084	0.048318	0.072450	0.001818	0.049701
spd1-0	0.074702	0.074097	0.082500	0.068664	0.074665	0.068571	0.080050	0.074691	0.071296	0.079014	0.079287	0.068053	0.079195	0.067077	0.077020	0.068773	0.081030	0.083438	0.071119	0.091589
spd1-1	0.089037	0.094178	0.088917	0.085478	0.096794	0.092943	0.087937	0.096516	0.092156	0.097253	0.086483	0.092347	0.092780	0.096031	0.096051	0.088357	0.101362	0.094770	0.095147	0.100509
spd1	0.014335	0.020080	0.006417	0.016814	0.022130	0.024371	0.007886	0.021825	0.020860	0.018239	0.007196	0.024294	0.013585	0.028954	0.019030	0.019584	0.020332	0.011332	0.024028	0.008920
aod1-0	0.357528	0.377024	0.389855	0.313019	0.356675	0.333943	0.400079	0.346640	0.341633	0.343127	0.389774	0.353278	0.369432	0.320499	0.383374	0.326162	0.374128	0.402675	0.351361	0.426801
aod1-1	0.380489	0.394230	0.372854	0.344369	0.401204	0.391206	0.361336	0.382657	0.385389	0.407429	0.370918	0.376394	0.385362	0.396115	0.410138	0.364286	0.421067	0.394307	0.399690	0.404918
aod1	0.011480	0.008603	0.008501	0.015675	0.022265	0.028631	0.019372	0.018009	0.021878	0.032151	0.009428	0.011558	0.007965	0.037808	0.013382	0.019062	0.023469	0.004184	0.024165	0.010942
eod1-0	0.324561	0.348018	0.350000	0.280172	0.324561	0.302326	0.365297	0.309417	0.312500	0.300448	0.357447	0.325581	0.334746	0.294355	0.352423	0.297071	0.341365	0.362791	0.319820	0.383260
eod1-1	0.348057	0.362098	0.342373	0.312187	0.362522	0.358362	0.325704	0.344013	0.356908	0.372213	0.340426	0.344262	0.351536	0.360345	0.372973	0.329225	0.386288	0.358261	0.363475	0.366834
eod1	0.023495	0.014081	0.007627	0.032015	0.037960	0.056036	0.039593	0.034596	0.044408	0.071764	0.017021	0.018681	0.016790	0.065990	0.020550	0.032154	0.044922	0.004530	0.043655	0.016426
wcspd-00	0.042724	0.054594	0.049803	0.045082	0.058824	0.048714	0.050704	0.061680	0.046259	0.053352	0.048052	0.039894	0.060811	0.039894	0.049202	0.042641	0.044818	0.066578	0.056505	0.071625
wcspd-01	0.074705	0.062376	0.068943	0.065160	0.087652	0.075884	0.066752	0.077683	0.077025	0.080977	0.063787	0.070908	0.075397	0.077397	0.078195	0.071099	0.080741	0.062865	0.071335	0.072812
wcspd-10	0.103081	0.091228	0.112306	0.088506	0.087925	0.086124	0.103487	0.086247	0.092255	0.101058	0.107351	0.093413	0.095182	0.090493	0.102163	0.090192	0.110478	0.098458	0.084112	0.108077
wcspd-11	0.102454	0.123472	0.108328	0.104078	0.105621	0.109327	0.108668	0.114286	0.106135	0.112973	0.107607	0.111918	0.108748	0.112380	0.113693	0.104579	0.120292	0.125310	0.117830	0.125683
wcspd	0.060357	0.068878	0.062502	0.058996	0.046797	0.060612	0.057964	0.052606	0.059876	0.059622	0.059555	0.072024	0.047938	0.072486	0.064491	0.061938	0.075474	0.062446	0.061326	0.054058
wcaod-00	0.283091	0.373776	0.324558	0.256667	0.328547	0.300735	0.352522	0.362702	0.274506	0.284483	0.401783	0.326572	0.321321	0.243756	0.295344	0.291677	0.244327	0.380835	0.366923	0.412063
wcaod-01	0.403744	0.367128	0.355336	0.335286	0.432052	0.381200	0.343958	0.369382	0.399038	0.408629	0.349612	0.345798	0.404726	0.393072	0.420021	0.352081	0.410518	0.325282	0.383308	0.354971
wcaod-10	0.399076	0.382784	0.430671	0.345184	0.370566	0.352750	0.423522	0.340467	0.377877	0.371333	0.395431	0.373294	0.400317	0.372222	0.428976	0.348185	0.436425	0.419032	0.346247	0.437421
wcaod-11	0.368958	0.416829	0.387799	0.354299	0.382020	0.401022	0.375272	0.394422	0.379220	0.409507	0.388503	0.399052	0.377473	0.400989	0.407890	0.374890	0.430493	0.440265	0.413471	0.439425
wcaod	0.060326	0.024851	0.053057	0.048816	0.051752	0.050143	0.039782	0.026977	0.062266	0.062512	0.026085	0.036240	0.041702	0.078617	0.066816	0.041606	0.096049	0.057492	0.033612	0.042227
wceod-00	0.263889	0.354430	0.301370	0.233766	0.297297	0.275362	0.327869	0.333333	0.253165	0.250000	0.388889	0.313433	0.292135	0.231579	0.270270	0.276316	0.220779	0.349398	0.342105	0.376623
wceod-01	0.382222	0.350962	0.333333	0.314159	0.398268	0.356846	0.315789	0.339056	0.375546	0.381356	0.330233	0.322176	0.375000	0.365741	0.392694	0.324324	0.383260	0.300469	0.356098	0.327434
wceod-10	0.352564	0.344595	0.374150	0.303226	0.337662	0.315068	0.379747	0.295775	0.341615	0.320755	0.343558	0.331081	0.360544	0.333333	0.392157	0.306748	0.395349	0.371212	0.308219	0.386667
wceod-11	0.325513	0.368146	0.348315	0.310992	0.338235	0.359420	0.331476	0.347222	0.345646	0.365994	0.346705	0.358491	0.339378	0.357143	0.360119	0.332370	0.388140	0.392265	0.367688	0.390836
wceod	0.118333	0.023552	0.072780	0.080393	0.100971	0.084058	0.063957	0.051448	0.122381	0.131356	0.058656	0.045058	0.082865	0.134162	0.122424	0.056054	0.174570	0.091796	0.059469	0.063402
