accuracy	0.816761	0.815464	0.813076	0.812052	0.815533	0.818467	0.816079	0.811438	0.810210	0.814031	0.817102	0.814100	0.813690	0.815191	0.816829	0.818740	0.812257	0.814918	0.814372	0.815396
recall	0.673707	0.668498	0.666272	0.663455	0.675825	0.673761	0.671588	0.665965	0.666531	0.668130	0.673611	0.661826	0.667175	0.669119	0.673478	0.672590	0.663603	0.667701	0.666220	0.669046
precision	0.763692	0.769933	0.771808	0.763399	0.763566	0.774976	0.773011	0.766358	0.769799	0.762656	0.776789	0.760602	0.764722	0.766302	0.772515	0.775660	0.770383	0.776660	0.770490	0.771364
f1score	0.698206	0.693689	0.691265	0.687757	0.699968	0.699616	0.696996	0.690310	0.690884	0.692494	0.699402	0.686283	0.691711	0.693935	0.698869	0.698610	0.688409	0.693308	0.691347	0.694317
mcc	0.428042	0.426536	0.425178	0.414989	0.430541	0.437173	0.432876	0.420505	0.423933	0.420288	0.438422	0.410717	0.420737	0.424438	0.434858	0.436240	0.420644	0.430795	0.424080	0.428359
spd0-0	0.081880	0.078358	0.068650	0.080831	0.087208	0.079368	0.076987	0.076255	0.077117	0.078448	0.076590	0.075871	0.075280	0.076356	0.078026	0.073307	0.073146	0.077255	0.076923	0.076574
spd0-1	0.165337	0.156171	0.158643	0.154121	0.167516	0.158232	0.159549	0.159364	0.158581	0.161179	0.160159	0.153017	0.160208	0.160934	0.162129	0.158795	0.154200	0.152769	0.154531	0.157423
spd0	0.083458	0.077812	0.089993	0.073290	0.080308	0.078863	0.082562	0.083109	0.081464	0.082731	0.083569	0.077146	0.084928	0.084577	0.084103	0.085488	0.081054	0.075514	0.077608	0.080849
aod0-0	0.411095	0.409111	0.359964	0.405569	0.442847	0.419987	0.398045	0.400396	0.396704	0.411784	0.414120	0.374853	0.384367	0.394647	0.432586	0.425959	0.384163	0.418226	0.417490	0.398104
aod0-1	0.470224	0.446130	0.446400	0.437360	0.473504	0.453523	0.453871	0.444834	0.443341	0.455639	0.453539	0.440051	0.454556	0.454848	0.457164	0.450248	0.433114	0.433376	0.436229	0.448012
aod0	0.029564	0.018509	0.043218	0.015895	0.015329	0.016768	0.027913	0.022219	0.023318	0.021928	0.019710	0.032599	0.035095	0.030101	0.012289	0.012145	0.024476	0.007575	0.009370	0.024954
eod0-0	0.362035	0.367942	0.322581	0.360146	0.393195	0.376448	0.355388	0.358238	0.355433	0.370166	0.373814	0.330171	0.343636	0.350294	0.394107	0.389222	0.343023	0.379747	0.376894	0.356747
eod0-1	0.410265	0.390583	0.391089	0.381886	0.411606	0.400470	0.399600	0.387607	0.387948	0.393939	0.399668	0.383741	0.394844	0.397445	0.398453	0.394376	0.380686	0.382079	0.382068	0.393277
eod0	0.048230	0.022641	0.068508	0.021740	0.018411	0.024022	0.044212	0.029370	0.032515	0.023774	0.025854	0.053570	0.051208	0.047151	0.004346	0.005154	0.037662	0.002332	0.005174	0.036531
spd1-0	0.089725	0.080893	0.078922	0.082436	0.098376	0.086484	0.079260	0.087100	0.085384	0.080831	0.081030	0.078762	0.074662	0.082392	0.090307	0.083564	0.083012	0.081183	0.084302	0.078667
spd1-1	0.145469	0.139098	0.137416	0.137881	0.148101	0.140065	0.141320	0.139516	0.139825	0.143017	0.141317	0.135942	0.142126	0.141272	0.141490	0.138784	0.134568	0.135601	0.135912	0.139689
spd1	0.055744	0.058205	0.058493	0.055446	0.049725	0.053581	0.062060	0.052417	0.054442	0.062186	0.060286	0.057180	0.067465	0.058881	0.051183	0.055220	0.051556	0.054419	0.051610	0.061022
aod1-0	0.431645	0.366459	0.380254	0.365474	0.426948	0.399039	0.362534	0.386697	0.405475	0.373805	0.408610	0.383715	0.351547	0.387889	0.437247	0.403209	0.392248	0.385639	0.417255	0.359859
aod1-1	0.463419	0.445624	0.435799	0.438109	0.471334	0.452241	0.451750	0.441289	0.437392	0.452854	0.450055	0.433358	0.449998	0.450086	0.451077	0.447714	0.427704	0.433759	0.432894	0.447185
aod1	0.015887	0.039582	0.027772	0.036318	0.022193	0.026601	0.044608	0.027296	0.015959	0.039525	0.020722	0.024822	0.049225	0.031099	0.006915	0.022253	0.017728	0.024060	0.007819	0.043663
eod1-0	0.397476	0.330275	0.350158	0.328313	0.384164	0.362229	0.325806	0.352273	0.373457	0.336508	0.381538	0.349835	0.319749	0.354037	0.400641	0.371601	0.360248	0.354545	0.384868	0.328488
eod1-1	0.403699	0.392880	0.383951	0.383743	0.411485	0.400441	0.399440	0.386704	0.384007	0.395577	0.397265	0.377998	0.393520	0.394246	0.397504	0.395946	0.376704	0.384496	0.380952	0.394073
eod1	0.006223	0.062604	0.033793	0.055430	0.027321	0.038212	0.073634	0.034431	0.010551	0.059069	0.015726	0.028163	0.073771	0.040209	0.003137	0.024344	0.016455	0.029951	0.003916	0.065585
wcspd-00	0.050494	0.051760	0.047261	0.057411	0.066449	0.062833	0.046739	0.046137	0.050205	0.055441	0.049098	0.052463	0.047669	0.045263	0.051227	0.050847	0.039460	0.046512	0.056723	0.042689
wcspd-01	0.089096	0.085018	0.073787	0.086578	0.092068	0.083376	0.084124	0.083440	0.084060	0.084238	0.083723	0.081491	0.082001	0.083863	0.084389	0.078764	0.081455	0.084672	0.081809	0.084698
wcspd-10	0.120482	0.104641	0.104621	0.102804	0.123299	0.105353	0.104465	0.119128	0.116682	0.101595	0.109059	0.099249	0.095913	0.112436	0.121392	0.108838	0.120830	0.108861	0.107914	0.106209
wcspd-11	0.171385	0.163235	0.165766	0.161133	0.173536	0.165416	0.167110	0.164927	0.163806	0.169413	0.166859	0.160487	0.169138	0.167559	0.167714	0.165892	0.158465	0.158819	0.160522	0.164725
wcspd	0.120892	0.111475	0.118505	0.103722	0.107087	0.102583	0.120371	0.118790	0.113601	0.113971	0.117761	0.108024	0.121469	0.122296	0.116487	0.115044	0.119005	0.112307	0.103800	0.122036
wcaod-00	0.354177	0.301888	0.357695	0.376466	0.483669	0.481459	0.379314	0.325522	0.349937	0.397374	0.393534	0.406438	0.307618	0.262531	0.434115	0.418996	0.317255	0.326570	0.416327	0.369801
wcaod-01	0.420070	0.427690	0.361628	0.411817	0.438423	0.411679	0.402663	0.413566	0.406611	0.415410	0.419499	0.372204	0.397763	0.416588	0.433868	0.428216	0.395551	0.433515	0.418674	0.404388
wcaod-10	0.449309	0.388928	0.390434	0.365906	0.417343	0.379753	0.366472	0.408105	0.429761	0.371528	0.417200	0.381273	0.367569	0.424268	0.444615	0.403655	0.417932	0.406288	0.418784	0.365201
wcaod-11	0.473590	0.452448	0.452627	0.444770	0.479956	0.461139	0.462191	0.449353	0.445410	0.464284	0.458092	0.446493	0.464114	0.458999	0.459190	0.455978	0.435037	0.436862	0.438989	0.457396
wcaod	0.059707	0.075280	0.047466	0.039432	0.033163	0.050853	0.047860	0.061916	0.047737	0.046378	0.032279	0.037144	0.078248	0.098234	0.012661	0.026161	0.058891	0.055146	0.011331	0.046097
wceod-00	0.321429	0.269231	0.333333	0.345679	0.446154	0.449275	0.354839	0.300000	0.325301	0.368421	0.371795	0.378788	0.280000	0.231884	0.406780	0.393939	0.295082	0.301370	0.385714	0.349206
wceod-01	0.367033	0.384289	0.320961	0.362661	0.385776	0.365256	0.355460	0.367257	0.360870	0.370450	0.374165	0.323210	0.353684	0.368778	0.392562	0.388506	0.349451	0.391667	0.375546	0.357741
wceod-10	0.413793	0.349398	0.354839	0.322709	0.369565	0.338583	0.318548	0.365248	0.390041	0.326360	0.384615	0.341772	0.331967	0.387352	0.399209	0.366038	0.375479	0.369650	0.384615	0.323843
wceod-11	0.409922	0.394377	0.394321	0.387371	0.415923	0.406239	0.406909	0.389898	0.387770	0.399926	0.401012	0.387472	0.400518	0.398383	0.398383	0.397134	0.381176	0.383242	0.381851	0.400520
wceod	0.092365	0.125146	0.073360	0.064662	0.076589	0.110693	0.088361	0.089898	0.064740	0.073566	0.029217	0.064261	0.120518	0.166499	0.014218	0.031097	0.086094	0.090297	0.010168	0.076676
