accuracy	0.863550	0.863550	0.863340	0.856180	0.858075	0.862497	0.861655	0.854917	0.860181	0.856601	0.864393	0.864814	0.861234	0.857865	0.865656	0.857865	0.857654	0.862497	0.864814	0.854706
recall	0.670454	0.676520	0.673916	0.667745	0.671573	0.670006	0.671689	0.664744	0.672171	0.670329	0.679364	0.688927	0.678986	0.665272	0.680881	0.664565	0.678591	0.681953	0.671158	0.675754
precision	0.772365	0.782234	0.778553	0.766531	0.755331	0.772496	0.761255	0.755661	0.788680	0.754348	0.773729	0.783396	0.774378	0.772494	0.768879	0.761298	0.774442	0.761877	0.772344	0.755048
f1score	0.701922	0.708983	0.706028	0.697799	0.699272	0.701440	0.700816	0.693176	0.705640	0.697910	0.710020	0.720051	0.709534	0.696659	0.710434	0.694251	0.708866	0.709583	0.702665	0.702470
mcc	0.430933	0.446408	0.440203	0.422890	0.418607	0.430469	0.423578	0.410456	0.445880	0.416283	0.443158	0.462780	0.443214	0.424432	0.441067	0.414731	0.442777	0.436575	0.431804	0.423442
spd0-0	0.073407	0.072188	0.079050	0.076029	0.097936	0.083697	0.080247	0.084612	0.079429	0.086576	0.080000	0.082264	0.085702	0.080922	0.086452	0.078807	0.083596	0.088492	0.078637	0.084570
spd0-1	0.117623	0.123244	0.115859	0.123359	0.111650	0.109165	0.120113	0.118314	0.112440	0.123071	0.122474	0.129823	0.120945	0.110367	0.119224	0.116260	0.127179	0.126273	0.112195	0.134600
spd0	0.044217	0.051056	0.036809	0.047330	0.013715	0.025468	0.039866	0.033702	0.033011	0.036494	0.042474	0.047559	0.035244	0.029444	0.032773	0.037454	0.043584	0.037781	0.033558	0.050030
aod0-0	0.404910	0.416119	0.411217	0.405208	0.473390	0.428831	0.437037	0.419278	0.419616	0.430765	0.449306	0.428673	0.449462	0.403441	0.452339	0.417734	0.418018	0.444069	0.432441	0.406441
aod0-1	0.433381	0.442224	0.435669	0.434203	0.415944	0.414460	0.432470	0.424435	0.414724	0.442055	0.443122	0.483297	0.440839	0.413498	0.448880	0.416617	0.460151	0.470038	0.417290	0.482115
aod0	0.014236	0.013052	0.012226	0.014498	0.028723	0.007185	0.002283	0.002578	0.002446	0.005645	0.003092	0.027312	0.004311	0.005029	0.001730	0.000558	0.021067	0.012985	0.007576	0.037837
eod0-0	0.377104	0.390244	0.377850	0.376238	0.426230	0.393548	0.400000	0.382166	0.389610	0.390000	0.418118	0.395425	0.411765	0.369775	0.412969	0.385906	0.381579	0.402027	0.398577	0.366337
eod0-1	0.382294	0.391714	0.391650	0.378788	0.368421	0.370672	0.381044	0.370518	0.374074	0.387352	0.390625	0.433526	0.393996	0.369439	0.400818	0.363458	0.410681	0.417004	0.372277	0.422265
eod0	0.005189	0.001470	0.013800	0.002550	0.057808	0.022876	0.018956	0.011648	0.015536	0.002648	0.027493	0.038101	0.017768	0.000336	0.012151	0.022448	0.029102	0.014977	0.026299	0.055928
spd1-0	0.081607	0.085305	0.088125	0.081149	0.084237	0.078095	0.096310	0.086420	0.074396	0.090392	0.092194	0.082546	0.097423	0.077538	0.090278	0.082404	0.091709	0.094103	0.079777	0.101558
spd1-1	0.103929	0.105950	0.102890	0.111217	0.115336	0.106175	0.103492	0.110259	0.108418	0.113041	0.107303	0.119545	0.107663	0.106594	0.109637	0.106858	0.114349	0.115055	0.104406	0.116094
spd1	0.022322	0.020645	0.014765	0.030068	0.031099	0.028080	0.007182	0.023839	0.034023	0.022649	0.015109	0.036999	0.010240	0.029056	0.019359	0.024454	0.022641	0.020953	0.024629	0.014537
aod1-0	0.416734	0.412158	0.430764	0.363422	0.389712	0.376300	0.457336	0.390388	0.352152	0.393857	0.443767	0.432799	0.436325	0.375823	0.420859	0.373273	0.396601	0.469966	0.403061	0.449451
aod1-1	0.422107	0.436032	0.422651	0.442562	0.458009	0.435156	0.421511	0.431913	0.440540	0.452016	0.441939	0.472468	0.444484	0.423729	0.460661	0.432123	0.462718	0.455605	0.428970	0.452370
aod1	0.002687	0.011937	0.004056	0.039570	0.034148	0.029428	0.017912	0.020763	0.044194	0.029080	0.000914	0.019834	0.004079	0.023953	0.019901	0.029425	0.033059	0.007181	0.012955	0.001459
eod1-0	0.385965	0.374449	0.390909	0.323276	0.350877	0.339535	0.410959	0.345291	0.320833	0.345291	0.404255	0.400000	0.389831	0.346774	0.378855	0.334728	0.353414	0.427907	0.369369	0.396476
eod1-1	0.378092	0.397631	0.384746	0.398998	0.406305	0.394198	0.378521	0.386172	0.402961	0.404803	0.398936	0.426230	0.404437	0.379310	0.416216	0.387324	0.419732	0.405217	0.386525	0.403685
eod1	0.007873	0.023182	0.006163	0.075722	0.055428	0.054663	0.032438	0.040881	0.082127	0.059511	0.005319	0.026230	0.014606	0.032536	0.037362	0.052596	0.066319	0.022690	0.017155	0.007209
wcspd-00	0.044059	0.059920	0.056356	0.050546	0.074230	0.060893	0.066197	0.068241	0.051701	0.064295	0.062338	0.046543	0.068919	0.057181	0.063830	0.056396	0.060224	0.077230	0.060447	0.082645
wcspd-01	0.087811	0.078301	0.090206	0.088431	0.108765	0.094534	0.086650	0.092824	0.092961	0.097044	0.089037	0.100066	0.093915	0.093151	0.097266	0.089533	0.094639	0.093973	0.087696	0.085504
wcspd-10	0.114929	0.107602	0.117085	0.106897	0.092614	0.093301	0.120360	0.102564	0.093394	0.112808	0.119020	0.114970	0.122209	0.095074	0.114183	0.103720	0.117312	0.109134	0.096963	0.117179
wcspd-11	0.119018	0.131418	0.115216	0.132075	0.121680	0.117356	0.119975	0.126708	0.122699	0.128492	0.124304	0.137326	0.120292	0.118389	0.121859	0.123144	0.132442	0.135236	0.120324	0.143898
wcspd	0.074960	0.071498	0.060728	0.081529	0.047450	0.056463	0.054163	0.058467	0.070999	0.064196	0.061967	0.090784	0.053290	0.061209	0.058030	0.066747	0.072218	0.058005	0.059877	0.061253
wcaod-00	0.346627	0.379728	0.356303	0.262774	0.369637	0.340169	0.428882	0.380921	0.314005	0.338854	0.454911	0.347336	0.349937	0.335576	0.335645	0.388390	0.295847	0.445567	0.406396	0.447282
wcaod-01	0.426469	0.430020	0.429581	0.453730	0.506923	0.454095	0.439720	0.432952	0.457253	0.455406	0.448837	0.455171	0.493872	0.434515	0.491937	0.429671	0.459512	0.444174	0.443427	0.391748
wcaod-10	0.458222	0.434640	0.473943	0.418092	0.396541	0.393846	0.473809	0.399540	0.374455	0.419693	0.447393	0.479012	0.492192	0.403513	0.463956	0.374267	0.444924	0.487214	0.405267	0.453690
wcaod-11	0.422256	0.445333	0.418698	0.441646	0.426100	0.423907	0.413564	0.434156	0.432068	0.452283	0.440947	0.485444	0.419508	0.418571	0.442220	0.436362	0.467202	0.464840	0.422631	0.493523
wcaod	0.055797	0.032803	0.058820	0.095478	0.068643	0.056963	0.030122	0.026617	0.071624	0.058276	0.006982	0.069054	0.071967	0.049469	0.078146	0.031047	0.085677	0.021520	0.019080	0.050888
wceod-00	0.333333	0.354430	0.328767	0.233766	0.324324	0.304348	0.393443	0.345679	0.291139	0.296875	0.430556	0.328358	0.314607	0.315789	0.297297	0.368421	0.259740	0.409639	0.381579	0.402597
wceod-01	0.391111	0.403846	0.393162	0.424779	0.458874	0.419087	0.401914	0.394850	0.423581	0.415254	0.413953	0.414226	0.455000	0.393519	0.452055	0.391892	0.422907	0.399061	0.404878	0.353982
wceod-10	0.410256	0.385135	0.421769	0.367742	0.363636	0.356164	0.417722	0.345070	0.335404	0.364780	0.392638	0.432432	0.435374	0.366013	0.418301	0.319018	0.395349	0.439394	0.363014	0.393333
wceod-11	0.369501	0.394256	0.379213	0.383378	0.370588	0.376812	0.364903	0.380556	0.390501	0.397695	0.389685	0.433962	0.378238	0.370879	0.392857	0.384393	0.417790	0.408840	0.376045	0.433962
wceod	0.076923	0.049416	0.093002	0.191013	0.134550	0.114739	0.052819	0.049779	0.132442	0.118379	0.040871	0.105604	0.140393	0.077729	0.154757	0.072873	0.163167	0.040333	0.041864	0.079980
