accuracy	0.733333	0.726667	0.733333	0.750000	0.736667	0.726667	0.743333	0.810000	0.743333	0.770000	0.770000	0.723333	0.736667	0.736667	0.730000	0.763333	0.750000	0.730000	0.770000	0.763333
recall	0.667029	0.644968	0.675411	0.683311	0.684297	0.652159	0.674856	0.742185	0.689683	0.697192	0.703545	0.657961	0.667862	0.666733	0.674632	0.702028	0.677258	0.668896	0.717831	0.710397
precision	0.671962	0.659531	0.696770	0.690341	0.697185	0.654545	0.724899	0.765716	0.693460	0.708889	0.744152	0.682109	0.700531	0.662844	0.687141	0.721433	0.704695	0.679446	0.736855	0.708922
f1score	0.669312	0.650568	0.682540	0.686520	0.689429	0.653306	0.685110	0.752084	0.691469	0.702377	0.715812	0.665210	0.676931	0.664681	0.679584	0.709647	0.686520	0.673277	0.725315	0.709647
mcc	0.338955	0.304151	0.371567	0.373585	0.381265	0.306695	0.396610	0.507356	0.383124	0.405912	0.445851	0.339212	0.366942	0.329555	0.361557	0.423016	0.380966	0.348182	0.454288	0.419316
spd0-0	0.692308	0.750000	0.730337	0.711538	0.690722	0.670213	0.747126	0.705882	0.663462	0.636364	0.678899	0.710000	0.723810	0.670103	0.694737	0.747368	0.732558	0.648352	0.706522	0.717391
spd0-1	0.744898	0.754717	0.729858	0.744898	0.724138	0.762136	0.784038	0.781395	0.734694	0.805970	0.806283	0.760000	0.774359	0.753695	0.726829	0.731707	0.766355	0.755981	0.730769	0.711538
spd0	0.052590	0.004717	0.000479	0.033359	0.033416	0.091923	0.036911	0.075513	0.071232	0.169607	0.127384	0.050000	0.050549	0.083591	0.032092	0.015661	0.033797	0.107629	0.024247	0.005853
aod0-0	1.312821	1.366667	1.390990	1.323529	1.300481	1.236605	1.433514	1.234336	1.212919	1.166667	1.286059	1.303819	1.302464	1.232759	1.302731	1.373810	1.387675	1.192857	1.355104	1.319937
aod0-1	1.300300	1.393641	1.316022	1.292517	1.293088	1.371439	1.444960	1.336364	1.307158	1.397691	1.449020	1.421225	1.457304	1.323137	1.310920	1.293978	1.379819	1.390351	1.246892	1.201539
aod0	0.006260	0.013487	0.037484	0.015506	0.003696	0.067417	0.005723	0.051014	0.047120	0.115512	0.081480	0.058703	0.077420	0.045189	0.004094	0.039916	0.003928	0.098747	0.054106	0.059199
eod0-0	0.800000	0.866667	0.810345	0.823529	0.769231	0.753846	0.920000	0.877193	0.818182	0.742424	0.873016	0.859375	0.897059	0.750000	0.830508	0.916667	0.901961	0.821429	0.867925	0.836066
eod0-1	0.832215	0.824675	0.860140	0.843537	0.862319	0.843137	0.884354	0.900000	0.826389	0.907895	0.900000	0.840580	0.850746	0.843137	0.827586	0.837838	0.853503	0.828947	0.860927	0.831169
eod0	0.032215	0.041991	0.049795	0.020008	0.093088	0.089291	0.035646	0.022807	0.008207	0.165470	0.026984	0.018795	0.046313	0.093137	0.002922	0.078829	0.048458	0.007519	0.006997	0.004897
spd1-0	0.661017	0.649123	0.702128	0.625000	0.721311	0.615385	0.620000	0.625000	0.612903	0.637931	0.600000	0.593750	0.557377	0.607143	0.634615	0.652174	0.653061	0.673077	0.596491	0.521739
spd1-1	0.742739	0.777778	0.735178	0.758197	0.711297	0.758065	0.804000	0.785714	0.735294	0.776860	0.795918	0.783898	0.807531	0.754098	0.733871	0.751969	0.776892	0.733871	0.753086	0.748031
spd1	0.081722	0.128655	0.033050	0.133197	0.010014	0.142680	0.184000	0.160714	0.122391	0.138928	0.195918	0.190148	0.250154	0.146956	0.099256	0.099795	0.123831	0.060794	0.156595	0.226292
aod1-0	1.306452	1.257576	1.351852	1.099573	1.439785	1.211394	1.272727	1.238261	1.135889	1.198529	1.160000	1.117949	1.107759	1.123810	1.200957	1.251462	1.345238	1.290850	1.181481	1.020952
aod1-1	1.307895	1.415345	1.338498	1.363466	1.225269	1.344453	1.468571	1.294792	1.301346	1.364130	1.435292	1.452643	1.462489	1.345198	1.328473	1.324983	1.371658	1.317801	1.296602	1.279770
aod1	0.000722	0.078885	0.006677	0.131946	0.107258	0.066530	0.097922	0.028265	0.082729	0.082801	0.137646	0.167347	0.177365	0.110694	0.063758	0.036760	0.013210	0.013475	0.057560	0.129409
eod1-0	0.806452	0.757576	0.851852	0.783784	0.806452	0.689655	0.772727	0.760000	0.707317	0.823529	0.800000	0.717949	0.625000	0.742857	0.727273	0.777778	0.809524	0.735294	0.700000	0.640000
eod1-1	0.825137	0.850829	0.844828	0.848315	0.837209	0.835979	0.908571	0.911458	0.852071	0.864130	0.907514	0.877301	0.911765	0.827957	0.847953	0.872928	0.871658	0.844828	0.890805	0.857895
eod1	0.018685	0.093253	0.007024	0.064531	0.030758	0.146324	0.135844	0.151458	0.144754	0.040601	0.107514	0.159352	0.286765	0.085100	0.120680	0.095150	0.062134	0.109533	0.190805	0.217895
wcspd-00	0.617647	0.724138	0.714286	0.675000	0.676471	0.600000	0.551724	0.590909	0.636364	0.531250	0.535714	0.600000	0.516129	0.529412	0.620690	0.740741	0.606061	0.705882	0.588235	0.545455
wcspd-01	0.728571	0.762712	0.735294	0.734375	0.698413	0.695652	0.844828	0.746032	0.676056	0.686567	0.728395	0.769231	0.810811	0.746032	0.727273	0.750000	0.811321	0.614035	0.775862	0.771429
wcspd-10	0.720000	0.571429	0.692308	0.500000	0.777778	0.629630	0.714286	0.653846	0.586207	0.769231	0.666667	0.586207	0.600000	0.727273	0.652174	0.526316	0.750000	0.611111	0.608696	0.500000
wcspd-11	0.748538	0.782609	0.735135	0.766667	0.715909	0.782123	0.791667	0.798942	0.760479	0.811429	0.829268	0.789474	0.806061	0.756906	0.736264	0.752688	0.767677	0.769634	0.745946	0.739130
wcspd	0.130891	0.211180	0.042986	0.266667	0.101307	0.182123	0.293103	0.208033	0.174272	0.280179	0.293554	0.203267	0.294682	0.227494	0.115574	0.226372	0.205260	0.158522	0.187627	0.271429
wcaod-00	1.256944	1.378788	1.388889	1.240000	1.368056	1.083333	1.242424	1.136752	1.142857	1.062500	1.030769	1.080420	1.045833	1.017544	1.211538	1.450000	1.309524	1.318681	1.235714	1.050000
wcaod-01	1.367347	1.351541	1.395257	1.385382	1.255102	1.305102	1.607287	1.247608	1.245299	1.308235	1.380682	1.426501	1.419587	1.418367	1.338726	1.324638	1.423077	1.118182	1.423752	1.428571
wcaod-10	1.400000	1.128205	1.321212	0.666667	1.550000	1.258242	1.436364	1.333333	1.155556	1.458333	1.300000	1.147059	1.221719	1.312500	1.205882	0.952381	1.492063	1.338462	1.196429	0.993007
wcaod-11	1.268253	1.441727	1.315515	1.348148	1.228409	1.351465	1.422269	1.320040	1.328020	1.381325	1.476103	1.467769	1.480769	1.323988	1.325231	1.332941	1.358108	1.394577	1.248889	1.206993
wcaod	0.071528	0.156761	0.039871	0.359358	0.160795	0.134066	0.182432	0.098291	0.092581	0.197917	0.222667	0.193675	0.217468	0.200412	0.066422	0.248810	0.091270	0.138197	0.113662	0.217782
wceod-00	0.812500	0.833333	0.833333	0.840000	0.812500	0.750000	0.909091	0.692308	0.809524	0.812500	0.800000	0.772727	0.733333	0.684211	0.750000	0.866667	0.833333	0.857143	0.785714	0.750000
wceod-01	0.795918	0.880952	0.804348	0.813953	0.755102	0.755102	0.923077	0.931818	0.822222	0.720000	0.895833	0.904762	0.943396	0.775510	0.860465	0.933333	0.923077	0.800000	0.897436	0.857143
wceod-10	0.800000	0.666667	0.866667	0.666667	0.800000	0.615385	0.636364	0.833333	0.600000	0.833333	0.800000	0.647059	0.529412	0.812500	0.705882	0.666667	0.777778	0.538462	0.625000	0.538462
wceod-11	0.835821	0.841727	0.859375	0.859259	0.869919	0.864286	0.904412	0.905405	0.862903	0.917910	0.912000	0.867769	0.897436	0.846715	0.843750	0.852941	0.858108	0.856115	0.888889	0.858156
wceod	0.039903	0.214286	0.062319	0.192593	0.114817	0.248901	0.286713	0.239510	0.262903	0.197910	0.112000	0.257703	0.413984	0.162505	0.154583	0.266667	0.145299	0.318681	0.272436	0.319694
