accuracy	0.672055	0.653118	0.675751	0.668360	0.671132	0.666513	0.650346	0.682217	0.662818	0.661432	0.655427	0.673903	0.673441	0.666051	0.680831	0.666513	0.678984	0.676674	0.659584	0.644804
recall	0.663523	0.653492	0.675968	0.659976	0.665101	0.666628	0.637374	0.671126	0.644079	0.646588	0.656906	0.671139	0.671571	0.659261	0.672293	0.662765	0.676936	0.667719	0.659263	0.643954
precision	0.670851	0.652440	0.674507	0.666519	0.664590	0.664886	0.647707	0.682110	0.666774	0.654697	0.655214	0.670900	0.672007	0.660611	0.678575	0.663866	0.677166	0.672309	0.657895	0.642625
f1score	0.663912	0.652220	0.674485	0.660423	0.664824	0.664839	0.636942	0.671616	0.641409	0.647662	0.654418	0.671011	0.671737	0.659777	0.673145	0.663128	0.677039	0.668743	0.657942	0.642703
mcc	0.334294	0.305930	0.350472	0.326429	0.329690	0.331509	0.284893	0.353066	0.310023	0.301176	0.312115	0.342040	0.343578	0.319869	0.350811	0.326629	0.354102	0.339996	0.317155	0.286576
spd0-0	0.621005	0.515517	0.497709	0.591404	0.584983	0.494834	0.632985	0.614375	0.682104	0.605610	0.494767	0.531179	0.525130	0.579347	0.596076	0.571920	0.541549	0.581609	0.522465	0.519220
spd0-1	0.573850	0.480000	0.584726	0.678571	0.492170	0.607565	0.672686	0.703883	0.728365	0.739234	0.530337	0.605985	0.601382	0.560976	0.641204	0.502381	0.537879	0.668235	0.505828	0.540284
spd0	0.047155	0.035517	0.087016	0.087167	0.092813	0.112731	0.039701	0.089508	0.046261	0.133625	0.035570	0.074806	0.076253	0.018371	0.045128	0.069539	0.003670	0.086626	0.016638	0.021065
aod0-0	1.225349	1.021539	0.982950	1.171425	1.134731	0.967049	1.251690	1.210551	1.345809	1.189925	0.973772	1.041983	1.050062	1.135880	1.170607	1.127197	1.069378	1.139931	1.024709	1.019104
aod0-1	1.073143	0.868448	1.052700	1.258056	0.885024	1.127612	1.276839	1.303511	1.389599	1.371253	0.963784	1.128636	1.098340	1.030063	1.206469	0.939564	0.990317	1.253939	0.951293	1.023627
aod0	0.076103	0.076545	0.034875	0.043316	0.124854	0.080281	0.012574	0.046480	0.021895	0.090664	0.004994	0.043326	0.024139	0.052909	0.017931	0.093817	0.039531	0.057004	0.036708	0.002262
eod0-0	0.782372	0.669643	0.667035	0.743363	0.735511	0.647691	0.768805	0.769730	0.823276	0.736954	0.644518	0.693790	0.696305	0.733624	0.759783	0.734426	0.710555	0.741658	0.684440	0.664147
eod0-1	0.686047	0.582734	0.695035	0.789091	0.614583	0.727612	0.750865	0.843511	0.807407	0.829268	0.636986	0.720472	0.715789	0.659933	0.764045	0.612403	0.683128	0.767273	0.588235	0.610294
eod0	0.096326	0.086909	0.028000	0.045728	0.120928	0.079921	0.017940	0.073782	0.015868	0.092314	0.007532	0.026682	0.019485	0.073692	0.004262	0.122023	0.027427	0.025615	0.096204	0.053853
spd1-0	0.577435	0.500352	0.482044	0.558552	0.517996	0.482345	0.629866	0.563291	0.635468	0.582639	0.496503	0.497135	0.525886	0.553147	0.579134	0.516854	0.492361	0.539167	0.503140	0.483871
spd1-1	0.678862	0.524194	0.580195	0.701058	0.656417	0.582109	0.662234	0.761777	0.797043	0.728276	0.512925	0.631990	0.571019	0.619048	0.653439	0.638327	0.637241	0.711230	0.550546	0.599459
spd1	0.101427	0.023842	0.098151	0.142506	0.138421	0.099765	0.032369	0.198485	0.161575	0.145637	0.016422	0.134855	0.045133	0.065901	0.074305	0.121473	0.144880	0.172063	0.047406	0.115588
aod1-0	1.148566	0.996158	0.943824	1.107427	1.011214	0.950490	1.244661	1.119622	1.250896	1.148712	0.976727	0.989742	1.056240	1.087288	1.146228	1.029541	0.978988	1.052089	0.989826	0.954053
aod1-1	1.283506	0.981361	1.114932	1.348105	1.233193	1.096822	1.293270	1.457942	1.555845	1.390817	0.970751	1.190120	1.076590	1.180711	1.236863	1.212420	1.221128	1.373489	1.047229	1.146784
aod1	0.067470	0.007398	0.085554	0.120339	0.110990	0.073166	0.024304	0.169160	0.152474	0.121053	0.002988	0.100189	0.010175	0.046711	0.045318	0.091440	0.121070	0.160700	0.028702	0.096365
eod1-0	0.729396	0.651872	0.670171	0.720000	0.672799	0.648575	0.791328	0.736552	0.785430	0.727273	0.659546	0.670438	0.710345	0.722444	0.746228	0.679612	0.677155	0.706579	0.665779	0.629530
eod1-1	0.812918	0.644592	0.680000	0.808370	0.762605	0.692641	0.720879	0.863636	0.878104	0.809422	0.614350	0.742204	0.685446	0.704348	0.783843	0.752212	0.751740	0.817568	0.656818	0.688742
eod1	0.083522	0.007281	0.009829	0.088370	0.089806	0.044065	0.070449	0.127085	0.092673	0.082149	0.045196	0.071765	0.024899	0.018096	0.037615	0.072601	0.074586	0.110989	0.008961	0.059212
wcspd-00	0.574595	0.511885	0.462574	0.539451	0.513793	0.460549	0.600174	0.551174	0.615385	0.549414	0.470085	0.471552	0.506645	0.545844	0.555172	0.526091	0.490425	0.503041	0.487179	0.475868
wcspd-01	0.715026	0.523132	0.572711	0.696028	0.732975	0.564236	0.698606	0.748663	0.816926	0.726944	0.547273	0.645695	0.567362	0.650823	0.678883	0.664931	0.649648	0.735144	0.595406	0.610320
wcspd-10	0.590551	0.444444	0.571429	0.650206	0.536965	0.584000	0.758491	0.626087	0.729084	0.743902	0.615385	0.622881	0.613636	0.585551	0.690763	0.474510	0.502092	0.695489	0.574144	0.522449
wcspd-11	0.547170	0.527473	0.606250	0.717514	0.431579	0.641618	0.544944	0.802198	0.727273	0.732558	0.410811	0.581818	0.582353	0.526596	0.573770	0.545455	0.592357	0.622642	0.397590	0.564972
wcspd	0.167856	0.083028	0.143676	0.178063	0.301396	0.181070	0.213547	0.251023	0.201541	0.194489	0.204574	0.174144	0.106992	0.124227	0.135591	0.190421	0.159223	0.232103	0.197816	0.134452
wcaod-00	1.157063	1.039580	0.928078	1.087583	1.018904	0.923389	1.205644	1.111303	1.229673	1.097875	0.944111	0.949625	1.041200	1.093199	1.113252	1.063696	0.990321	0.998212	0.973131	0.951461
wcaod-01	1.360218	0.983644	1.112697	1.346114	1.392157	1.062906	1.368267	1.437238	1.595234	1.399807	1.045128	1.227374	1.084793	1.242805	1.286690	1.265158	1.249373	1.428152	1.139944	1.173003
wcaod-10	1.117085	0.784502	1.008905	1.184810	0.975308	1.069345	1.431578	1.134280	1.363597	1.385756	1.118865	1.186483	1.133728	1.050601	1.298360	0.882673	0.907792	1.307150	1.088877	0.993007
wcaod-11	1.000000	0.977778	1.136054	1.361538	0.763259	1.212554	1.046440	1.521368	1.419234	1.365179	0.745868	1.051548	1.041507	1.004571	1.081416	1.028011	1.117698	1.164875	0.730843	1.067797
wcaod	0.180109	0.127539	0.103988	0.136978	0.314449	0.144583	0.192569	0.205032	0.182780	0.150966	0.186498	0.138875	0.046264	0.119117	0.108472	0.191243	0.170791	0.214970	0.204551	0.110771
wceod-00	0.737762	0.680357	0.657627	0.701940	0.677311	0.628670	0.771681	0.722414	0.775128	0.691152	0.636678	0.646749	0.703237	0.722892	0.725217	0.704425	0.678632	0.680272	0.666099	0.637902
wceod-01	0.855908	0.651786	0.684713	0.813056	0.833333	0.678977	0.764012	0.849275	0.906158	0.817647	0.658462	0.767123	0.683871	0.752239	0.817391	0.782857	0.766467	0.847507	0.716867	0.710448
wceod-10	0.698718	0.552795	0.713450	0.784810	0.656627	0.721519	0.855491	0.793103	0.821429	0.862500	0.736842	0.768116	0.733728	0.720930	0.824675	0.589744	0.671233	0.796512	0.664634	0.597403
wceod-11	0.666667	0.623932	0.666667	0.794872	0.557377	0.736364	0.594828	0.905983	0.784314	0.787402	0.495868	0.663793	0.689655	0.576000	0.681416	0.647059	0.701031	0.718447	0.472222	0.627119
wceod	0.189241	0.127562	0.055823	0.111116	0.275956	0.107694	0.260664	0.183569	0.131031	0.171348	0.240974	0.121367	0.049857	0.176239	0.143259	0.193114	0.095234	0.167235	0.244645	0.113045
