accuracy	0.851371	0.852222	0.849670	0.863491	0.854986	0.853498	0.858388	0.850096	0.849458	0.854986	0.858814	0.850096	0.855199	0.853923	0.842228	0.868382	0.855837	0.856475	0.850521	0.854986
recall	0.634808	0.636235	0.635330	0.656452	0.643274	0.641579	0.641533	0.641025	0.637881	0.643425	0.640166	0.634231	0.647552	0.644700	0.628256	0.651544	0.637169	0.625689	0.642544	0.634207
precision	0.744580	0.763163	0.761559	0.775075	0.765943	0.754595	0.776467	0.762443	0.738651	0.764478	0.752065	0.752228	0.751712	0.763822	0.742120	0.773827	0.790889	0.746430	0.748075	0.752414
f1score	0.663037	0.666407	0.664956	0.689394	0.674278	0.671169	0.673996	0.670982	0.665189	0.674278	0.670103	0.663054	0.676823	0.675348	0.654902	0.685092	0.670063	0.654454	0.671009	0.663684
mcc	0.363160	0.378692	0.376280	0.414902	0.390398	0.379712	0.395622	0.384765	0.362797	0.389526	0.375930	0.368005	0.385438	0.390769	0.352439	0.407416	0.399504	0.351987	0.376093	0.368107
spd0-0	0.071396	0.068079	0.061151	0.069438	0.068650	0.066485	0.064068	0.065169	0.072577	0.064443	0.065566	0.061696	0.075600	0.069426	0.067208	0.060743	0.057763	0.058103	0.068807	0.062665
spd0-1	0.095447	0.091751	0.100040	0.101147	0.096505	0.102513	0.091056	0.103713	0.103325	0.101449	0.097115	0.102041	0.102245	0.100570	0.100563	0.096516	0.087436	0.088800	0.107808	0.096020
spd0	0.024051	0.023671	0.038889	0.031708	0.027855	0.036028	0.026988	0.038544	0.030748	0.037006	0.031549	0.040345	0.026646	0.031144	0.033355	0.035772	0.029673	0.030697	0.039001	0.033354
aod0-0	0.379540	0.359015	0.302293	0.367034	0.355583	0.364561	0.337430	0.351990	0.350338	0.339127	0.350032	0.326823	0.371393	0.353268	0.322409	0.390311	0.314731	0.313492	0.362329	0.348348
aod0-1	0.333320	0.330399	0.359022	0.390515	0.356817	0.359616	0.347242	0.357764	0.368370	0.367797	0.358263	0.353417	0.378625	0.367732	0.343383	0.360451	0.331524	0.325101	0.373163	0.338126
aod0	0.023110	0.014308	0.028365	0.011741	0.000617	0.002472	0.004906	0.002887	0.009016	0.014335	0.004115	0.013297	0.003616	0.007232	0.010487	0.014930	0.008397	0.005804	0.005417	0.005111
eod0-0	0.346863	0.328571	0.271429	0.335689	0.325088	0.336957	0.308244	0.323741	0.312950	0.308824	0.318182	0.298932	0.332117	0.323432	0.288194	0.365957	0.290909	0.285714	0.330882	0.319392
eod0-1	0.288462	0.294007	0.321755	0.353535	0.318702	0.312261	0.315992	0.314647	0.321083	0.328330	0.316532	0.308129	0.337232	0.326130	0.299456	0.320792	0.304348	0.285141	0.323364	0.295938
eod0	0.058402	0.034564	0.050326	0.017846	0.006386	0.024696	0.007749	0.009094	0.008134	0.019507	0.001650	0.009196	0.005115	0.002697	0.011261	0.045165	0.013439	0.000574	0.007518	0.023454
spd1-0	0.066849	0.066755	0.072776	0.077530	0.066363	0.075408	0.061238	0.067149	0.082661	0.069875	0.072930	0.069035	0.075421	0.066309	0.064734	0.061039	0.065364	0.058630	0.075347	0.066172
spd1-1	0.092061	0.087147	0.085741	0.089909	0.091914	0.090374	0.086105	0.094221	0.092068	0.090709	0.086451	0.089069	0.096333	0.094704	0.094099	0.088840	0.077664	0.081947	0.096552	0.086282
spd1	0.025212	0.020393	0.012965	0.012379	0.025551	0.014967	0.024867	0.027072	0.009407	0.020835	0.013520	0.020034	0.020912	0.028395	0.029366	0.027801	0.012300	0.023317	0.021205	0.020110
aod1-0	0.307790	0.362034	0.355721	0.388813	0.353167	0.367008	0.336842	0.362976	0.409778	0.358902	0.347882	0.354455	0.369767	0.326052	0.287773	0.337354	0.331265	0.322901	0.358131	0.367005
aod1-1	0.361782	0.333467	0.333222	0.378297	0.356888	0.355949	0.346604	0.352056	0.345889	0.356392	0.356238	0.338304	0.378418	0.372724	0.349379	0.377649	0.323209	0.319670	0.370439	0.332427
aod1	0.026996	0.014283	0.011250	0.005258	0.001860	0.005529	0.004881	0.005460	0.031944	0.001255	0.004178	0.008076	0.004325	0.023336	0.030803	0.020147	0.004028	0.001615	0.006154	0.017289
eod1-0	0.274510	0.333333	0.319372	0.353234	0.322751	0.331658	0.312169	0.335052	0.367568	0.326425	0.312195	0.322917	0.333333	0.294416	0.251282	0.309392	0.303922	0.296703	0.322115	0.337143
eod1-1	0.320273	0.297600	0.300314	0.344887	0.320388	0.317195	0.313629	0.312402	0.303279	0.320261	0.318919	0.299353	0.336149	0.334959	0.309006	0.343470	0.298555	0.281739	0.327212	0.294215
eod1	0.045763	0.035733	0.019057	0.008346	0.002363	0.014463	0.001460	0.022650	0.064289	0.006163	0.006724	0.023564	0.002815	0.040543	0.057724	0.034078	0.005366	0.014964	0.005097	0.042928
wcspd-00	0.052023	0.053936	0.055319	0.068670	0.048246	0.056380	0.058471	0.045714	0.068006	0.056022	0.054834	0.038682	0.060921	0.050360	0.048921	0.050633	0.042683	0.040559	0.061947	0.043042
wcspd-01	0.080292	0.074413	0.063858	0.069782	0.077948	0.070959	0.066454	0.074098	0.074510	0.068439	0.070368	0.072026	0.082031	0.077964	0.075558	0.065552	0.064324	0.066532	0.071904	0.071383
wcspd-10	0.080103	0.077388	0.088575	0.085055	0.080891	0.091479	0.063492	0.085470	0.093936	0.082192	0.088058	0.095718	0.087438	0.080201	0.078680	0.069964	0.083333	0.074720	0.086228	0.086735
wcspd-11	0.102312	0.098914	0.105294	0.109327	0.104505	0.107665	0.104722	0.112719	0.108012	0.110648	0.101716	0.105072	0.109394	0.110374	0.110718	0.109712	0.089421	0.095463	0.118483	0.100423
wcspd	0.050289	0.044978	0.049975	0.040657	0.056259	0.051285	0.046251	0.067004	0.040006	0.054626	0.046882	0.066391	0.048472	0.060014	0.061798	0.059079	0.046738	0.054903	0.056537	0.057382
wcaod-00	0.280886	0.387551	0.312310	0.391180	0.343481	0.383806	0.355372	0.354210	0.390072	0.377709	0.369187	0.309211	0.388809	0.301855	0.282394	0.385040	0.267123	0.258868	0.380180	0.340941
wcaod-01	0.417741	0.352193	0.298978	0.357780	0.360948	0.358921	0.331671	0.353548	0.337411	0.327169	0.344841	0.334457	0.367030	0.370213	0.338243	0.392270	0.332239	0.333719	0.355885	0.352160
wcaod-10	0.325581	0.351697	0.385687	0.388165	0.361402	0.363289	0.325378	0.372464	0.423500	0.351823	0.342930	0.384143	0.362650	0.342633	0.295016	0.317131	0.369253	0.362412	0.348550	0.383537
wcaod-11	0.336799	0.324365	0.350137	0.390925	0.355235	0.358301	0.355942	0.354306	0.351956	0.372611	0.363881	0.342715	0.383051	0.376504	0.355194	0.376007	0.317701	0.315681	0.382165	0.324733
wcaod	0.068427	0.031593	0.043354	0.016700	0.008961	0.012753	0.015282	0.009458	0.043044	0.025270	0.013128	0.037466	0.013080	0.037325	0.036400	0.037569	0.051065	0.051772	0.016808	0.029402
wceod-00	0.253333	0.365079	0.283784	0.358974	0.322581	0.362319	0.328571	0.338462	0.357143	0.352941	0.343750	0.295082	0.362319	0.277778	0.259740	0.362069	0.250000	0.238806	0.355263	0.320755
wceod-01	0.382653	0.317972	0.266990	0.326829	0.325792	0.328502	0.301435	0.319249	0.298077	0.294118	0.310000	0.300000	0.321951	0.337662	0.298578	0.367232	0.305419	0.302083	0.321429	0.319048
wceod-10	0.286822	0.317460	0.341880	0.349593	0.322835	0.315385	0.302521	0.333333	0.373913	0.312000	0.297872	0.335878	0.317460	0.304000	0.245763	0.284553	0.333333	0.330435	0.303030	0.344262
wceod-11	0.289003	0.286765	0.316279	0.354839	0.317380	0.311224	0.320000	0.308962	0.305970	0.333333	0.323944	0.298995	0.343669	0.333333	0.314088	0.332461	0.295238	0.271540	0.330025	0.281013
wceod	0.129320	0.078315	0.074890	0.032145	0.008412	0.051094	0.027136	0.029499	0.075836	0.058824	0.045878	0.040796	0.044859	0.059885	0.068325	0.082679	0.083333	0.091629	0.052233	0.063250
