accuracy	0.823381	0.821743	0.820173	0.819969	0.819559	0.829728	0.824405	0.812939	0.817444	0.823176	0.822562	0.818262	0.815669	0.823586	0.824405	0.824951	0.819013	0.757388	0.825769	0.823244
recall	0.709787	0.713873	0.704290	0.700625	0.717116	0.695585	0.697791	0.727440	0.708571	0.695594	0.705482	0.714648	0.633447	0.698808	0.705891	0.723583	0.698338	0.500000	0.709610	0.689779
precision	0.762638	0.761524	0.766571	0.763114	0.755505	0.793182	0.778531	0.746165	0.763101	0.771433	0.770485	0.749036	0.823781	0.771190	0.772571	0.764160	0.766019	0.378694	0.774051	0.779688
f1score	0.729012	0.731690	0.725344	0.721706	0.732263	0.723285	0.722484	0.735736	0.727767	0.719367	0.727284	0.728544	0.657362	0.722061	0.728188	0.739569	0.720299	0.430974	0.731580	0.715517
mcc	0.469460	0.473003	0.466723	0.459509	0.471059	0.478924	0.469429	0.473234	0.468509	0.460828	0.471508	0.462408	0.415729	0.464391	0.473793	0.486052	0.459398	0.000000	0.479349	0.460777
spd0-0	0.105890	0.113184	0.100270	0.105923	0.121719	0.086225	0.092135	0.138045	0.111578	0.095582	0.099917	0.127073	0.043136	0.097851	0.100963	0.116380	0.102116	0.000000	0.101473	0.085036
spd0-1	0.208282	0.215383	0.203534	0.196609	0.224577	0.167988	0.183242	0.255655	0.212149	0.183301	0.200428	0.222403	0.100397	0.187756	0.197032	0.225265	0.194257	0.000000	0.200717	0.174144
spd0	0.102393	0.102199	0.103264	0.090686	0.102858	0.081763	0.091107	0.117610	0.100571	0.087719	0.100511	0.095330	0.057261	0.089905	0.096069	0.108884	0.092141	0.000000	0.099244	0.089107
aod0-0	0.520847	0.534139	0.482000	0.513663	0.551244	0.466717	0.471408	0.597647	0.527056	0.484183	0.490272	0.573844	0.270463	0.486057	0.511562	0.571091	0.495145	0.000000	0.523249	0.459344
aod0-1	0.583741	0.601716	0.565693	0.551318	0.622436	0.491067	0.521664	0.685647	0.582470	0.523090	0.560383	0.620556	0.309399	0.532358	0.554427	0.625125	0.540175	0.000000	0.562995	0.496305
aod0	0.031447	0.033789	0.041847	0.018828	0.035596	0.012175	0.025128	0.044000	0.027707	0.019454	0.035056	0.023356	0.019468	0.023151	0.021432	0.027017	0.022515	0.000000	0.019873	0.018481
eod0-0	0.455969	0.466302	0.421252	0.451554	0.472590	0.420849	0.419660	0.503831	0.460405	0.430939	0.430740	0.491461	0.254545	0.426614	0.454880	0.499002	0.432171	0.000000	0.465909	0.415896
eod0-1	0.501700	0.514905	0.489109	0.475498	0.530027	0.442095	0.459640	0.571193	0.499674	0.456588	0.487231	0.524974	0.290366	0.466711	0.482179	0.535320	0.469677	0.000000	0.489796	0.436303
eod0	0.045731	0.048603	0.067857	0.023945	0.057437	0.021245	0.039980	0.067362	0.039269	0.025649	0.056490	0.033513	0.035821	0.040097	0.027299	0.036318	0.037506	0.000000	0.023887	0.020406
spd1-0	0.117704	0.120874	0.115496	0.107728	0.140879	0.094518	0.093498	0.152072	0.125904	0.093303	0.114754	0.135490	0.049930	0.104049	0.112057	0.138504	0.113417	0.000000	0.109012	0.090699
spd1-1	0.183545	0.192209	0.178608	0.176546	0.198901	0.148999	0.163319	0.227792	0.188315	0.164878	0.176146	0.200479	0.086970	0.166893	0.173951	0.198206	0.171926	0.000000	0.177218	0.154019
spd1	0.065841	0.071335	0.063113	0.068817	0.058022	0.054481	0.069821	0.075720	0.062410	0.071576	0.061392	0.064989	0.037040	0.062844	0.061894	0.059702	0.058509	0.000000	0.068207	0.063320
aod1-0	0.529302	0.531572	0.501013	0.464231	0.581651	0.446594	0.437954	0.610276	0.536486	0.467422	0.529171	0.562744	0.265586	0.474631	0.539624	0.601773	0.494137	0.000000	0.511543	0.414231
aod1-1	0.576333	0.594546	0.555573	0.552111	0.612779	0.491693	0.520438	0.676466	0.575131	0.521163	0.550205	0.616233	0.306574	0.530634	0.546517	0.615683	0.536788	0.000000	0.558934	0.496129
aod1	0.023515	0.031487	0.027280	0.043940	0.015564	0.022549	0.041242	0.033095	0.019322	0.026870	0.010517	0.026745	0.020494	0.028001	0.003446	0.006955	0.021325	0.000000	0.023696	0.040949
eod1-0	0.476341	0.474006	0.444795	0.412651	0.513196	0.408669	0.396774	0.534091	0.475309	0.431746	0.480000	0.485149	0.250784	0.428571	0.493590	0.534743	0.440994	0.000000	0.463816	0.377907
eod1-1	0.496811	0.510712	0.482407	0.477946	0.522208	0.442029	0.459123	0.564295	0.495591	0.454660	0.478707	0.523185	0.288141	0.464116	0.476443	0.529617	0.466543	0.000000	0.488329	0.439155
eod1	0.020471	0.036706	0.037612	0.065295	0.009012	0.033360	0.062349	0.030204	0.020283	0.022914	0.001293	0.038037	0.037357	0.035545	0.017147	0.005126	0.025549	0.000000	0.024513	0.061248
wcspd-00	0.060373	0.072464	0.087003	0.074113	0.093682	0.067093	0.057609	0.101931	0.078893	0.063655	0.068136	0.095289	0.031780	0.065263	0.066169	0.086864	0.066459	0.000000	0.073529	0.044824
wcspd-01	0.116355	0.123380	0.103457	0.113730	0.128284	0.090862	0.100282	0.146660	0.120011	0.103618	0.108164	0.134704	0.045900	0.105718	0.109225	0.123552	0.110912	0.000000	0.108232	0.094678
wcspd-10	0.162651	0.160338	0.138622	0.135089	0.177721	0.116398	0.121314	0.191275	0.167730	0.117548	0.155673	0.166806	0.064220	0.135434	0.148557	0.178396	0.154193	0.000000	0.139388	0.125817
wcspd-11	0.214435	0.222929	0.212093	0.205015	0.230956	0.174997	0.191743	0.264556	0.217688	0.192388	0.206296	0.230127	0.105422	0.194903	0.203678	0.231923	0.199378	0.000000	0.208598	0.181034
wcspd	0.154062	0.150465	0.125090	0.130902	0.137274	0.107904	0.134134	0.162624	0.138794	0.128733	0.138160	0.134838	0.073642	0.129640	0.137509	0.145058	0.132919	0.000000	0.135069	0.136211
wcaod-00	0.381391	0.382883	0.493947	0.461942	0.555614	0.499400	0.450823	0.490852	0.468719	0.466505	0.461120	0.536517	0.265992	0.364244	0.513301	0.499758	0.391934	0.000000	0.473923	0.357361
wcaod-01	0.540760	0.560953	0.480361	0.524272	0.552269	0.462721	0.476518	0.615818	0.539314	0.489179	0.497423	0.580900	0.271487	0.506422	0.513716	0.583118	0.510932	0.000000	0.531995	0.475175
wcaod-10	0.569010	0.583243	0.500973	0.470834	0.591449	0.433787	0.441182	0.639654	0.569711	0.469828	0.558650	0.576770	0.266754	0.505186	0.550997	0.631636	0.522564	0.000000	0.524473	0.435620
wcaod-11	0.586197	0.604834	0.572919	0.559762	0.626544	0.496959	0.529749	0.692391	0.583957	0.529804	0.561306	0.625047	0.313408	0.536094	0.555991	0.625581	0.542403	0.000000	0.567743	0.503321
wcaod	0.102403	0.110976	0.046279	0.048910	0.037138	0.032806	0.044283	0.100769	0.057619	0.031650	0.050093	0.044265	0.023708	0.085925	0.021345	0.065939	0.075235	0.000000	0.046910	0.072980
wceod-00	0.339286	0.333333	0.434783	0.419753	0.492308	0.463768	0.419355	0.414286	0.421687	0.434211	0.423077	0.469697	0.253333	0.318841	0.474576	0.439394	0.344262	0.000000	0.428571	0.333333
wceod-01	0.470330	0.488323	0.419214	0.457082	0.469828	0.414254	0.419700	0.517699	0.467391	0.430407	0.432071	0.494577	0.254737	0.443439	0.452479	0.508046	0.443956	0.000000	0.471616	0.426778
wceod-10	0.505747	0.518072	0.447581	0.410359	0.518116	0.393701	0.391129	0.563830	0.493776	0.430962	0.497976	0.489451	0.250000	0.458498	0.498024	0.558491	0.463602	0.000000	0.474359	0.387900
wceod-11	0.501305	0.514613	0.492811	0.481536	0.531250	0.446606	0.465818	0.571948	0.500177	0.458858	0.486272	0.528132	0.294009	0.467475	0.480706	0.533064	0.470249	0.000000	0.491107	0.441351
wceod	0.166461	0.184739	0.073597	0.071178	0.061422	0.070067	0.074689	0.157662	0.078490	0.028452	0.074899	0.058435	0.044009	0.148635	0.045544	0.119097	0.125987	0.000000	0.062536	0.108018
