accuracy	0.847757	0.807117	0.786271	0.836597	0.775321	0.806064	0.822910	0.833228	0.828595	0.808591	0.838492	0.787113	0.826911	0.823542	0.832807	0.798063	0.801853	0.776374	0.827543	0.825858
recall	0.690668	0.708263	0.735334	0.653506	0.721666	0.705227	0.719746	0.689042	0.682939	0.729761	0.710719	0.741945	0.500000	0.700696	0.720253	0.710830	0.710725	0.738208	0.735520	0.703366
precision	0.724435	0.677334	0.669856	0.712072	0.656632	0.672356	0.690758	0.704056	0.703991	0.683438	0.711353	0.675024	0.413455	0.695172	0.701391	0.668599	0.678344	0.662507	0.699678	0.697914
f1score	0.704937	0.689740	0.687703	0.673787	0.672832	0.685283	0.702938	0.695954	0.692249	0.700142	0.711035	0.693145	0.452628	0.697847	0.709917	0.683648	0.691053	0.679490	0.714283	0.700558
mcc	0.413727	0.384355	0.399864	0.360856	0.372667	0.376150	0.409479	0.392811	0.386357	0.410594	0.422072	0.411563	0.000000	0.395829	0.421222	0.377071	0.387719	0.393499	0.433720	0.401243
spd0-0	0.097582	0.164748	0.216847	0.100626	0.205094	0.156495	0.160935	0.122315	0.143240	0.175339	0.124396	0.186643	0.000000	0.141953	0.142796	0.183437	0.151461	0.201395	0.161206	0.127755
spd0-1	0.173403	0.256122	0.315941	0.134501	0.333738	0.263544	0.233374	0.187601	0.167065	0.278635	0.207357	0.351286	0.000000	0.214426	0.224422	0.269277	0.285658	0.360896	0.245528	0.225257
spd0	0.075821	0.091374	0.099094	0.033874	0.128643	0.107049	0.072439	0.065287	0.023826	0.103296	0.082961	0.164643	0.000000	0.072474	0.081627	0.085840	0.134197	0.159501	0.084323	0.097502
aod0-0	0.475638	0.632304	0.779790	0.425312	0.746788	0.627319	0.688789	0.540613	0.564559	0.691413	0.553774	0.725803	0.000000	0.571275	0.616117	0.683330	0.607380	0.720470	0.697964	0.534267
aod0-1	0.569459	0.747032	0.899579	0.445529	0.915232	0.755601	0.703802	0.582616	0.536743	0.818063	0.659858	0.968877	0.000000	0.662205	0.704447	0.778417	0.799763	1.009090	0.752496	0.690091
aod0	0.046911	0.057364	0.059895	0.010108	0.084222	0.064141	0.007507	0.021001	0.013908	0.063325	0.053042	0.121537	0.000000	0.045465	0.044165	0.047543	0.096191	0.144310	0.027266	0.077912
eod0-0	0.427609	0.519164	0.625407	0.366337	0.603279	0.529032	0.585185	0.474522	0.474026	0.576667	0.480836	0.604575	0.000000	0.485531	0.529010	0.557047	0.513158	0.574324	0.597865	0.458746
eod0-1	0.470825	0.578154	0.677932	0.375000	0.663968	0.568228	0.555126	0.466135	0.446296	0.630435	0.539062	0.712909	0.000000	0.528046	0.566462	0.591356	0.600368	0.744939	0.598020	0.548944
eod0	0.043216	0.058991	0.052525	0.008663	0.060689	0.039196	0.030059	0.008387	0.027730	0.053768	0.058226	0.108334	0.000000	0.042516	0.037452	0.034309	0.087210	0.170615	0.000155	0.090198
spd1-0	0.089768	0.166874	0.192500	0.081149	0.178047	0.111746	0.126329	0.096296	0.110973	0.152339	0.125384	0.187146	0.000000	0.119385	0.149621	0.176580	0.137563	0.207654	0.142239	0.121495
spd1-1	0.160963	0.236080	0.305811	0.137591	0.318353	0.261500	0.235556	0.187280	0.178890	0.267130	0.189622	0.315939	0.000000	0.212548	0.201896	0.255502	0.265759	0.322345	0.237229	0.209288
spd1	0.071196	0.069206	0.113311	0.056443	0.140306	0.149754	0.109227	0.090984	0.067917	0.114791	0.064238	0.128794	0.000000	0.093163	0.052275	0.078922	0.128196	0.114692	0.094990	0.087792
aod1-0	0.404338	0.580757	0.689328	0.309716	0.655979	0.442681	0.534376	0.390536	0.412315	0.567177	0.500245	0.706760	0.000000	0.448348	0.618522	0.622092	0.483671	0.695445	0.577729	0.498430
aod1-1	0.581350	0.747122	0.912319	0.487906	0.920250	0.799902	0.759778	0.630306	0.602911	0.842768	0.665416	0.927880	0.000000	0.701586	0.686031	0.787776	0.819944	0.964533	0.788825	0.678978
aod1	0.088506	0.083183	0.111496	0.089095	0.132136	0.178610	0.112701	0.119885	0.095298	0.137795	0.082586	0.110560	0.000000	0.126619	0.033754	0.082842	0.168137	0.134544	0.105548	0.090274
eod1-0	0.359649	0.462555	0.554545	0.258621	0.539474	0.372093	0.461187	0.331839	0.341667	0.466368	0.425532	0.581395	0.000000	0.375000	0.533040	0.502092	0.393574	0.539535	0.490991	0.427313
eod1-1	0.492933	0.593909	0.696610	0.415693	0.681261	0.619454	0.605634	0.521079	0.501645	0.665523	0.556738	0.704918	0.000000	0.570690	0.560360	0.610915	0.642140	0.733913	0.640071	0.549414
eod1	0.133284	0.131354	0.142065	0.157072	0.141787	0.247361	0.144447	0.189241	0.159978	0.199155	0.131206	0.123523	0.000000	0.195690	0.027321	0.108823	0.248566	0.194378	0.149080	0.122101
wcspd-00	0.038718	0.138482	0.120577	0.061475	0.114846	0.069012	0.091549	0.077428	0.081633	0.095759	0.077922	0.091755	0.000000	0.086436	0.089096	0.126547	0.081232	0.138482	0.102497	0.096419
wcspd-01	0.126474	0.177837	0.264175	0.119681	0.246321	0.198071	0.192555	0.144832	0.173307	0.212725	0.148173	0.233930	0.000000	0.170548	0.168468	0.210665	0.184646	0.232016	0.190445	0.142953
wcspd-10	0.135071	0.191813	0.258065	0.097701	0.230950	0.149522	0.154106	0.113054	0.135535	0.200940	0.168028	0.273054	0.000000	0.147766	0.204327	0.217587	0.183371	0.269276	0.177570	0.142207
wcspd-11	0.193252	0.289731	0.346274	0.153987	0.387894	0.322421	0.277638	0.227329	0.184049	0.319677	0.228200	0.390805	0.000000	0.249399	0.234925	0.297649	0.340219	0.408809	0.281796	0.269581
wcspd	0.154533	0.151249	0.225698	0.092511	0.273048	0.253409	0.186089	0.149901	0.102416	0.223918	0.150278	0.299049	0.000000	0.162963	0.145829	0.171101	0.258986	0.270327	0.179299	0.173162
wcaod-00	0.266248	0.501036	0.549811	0.240607	0.510557	0.336124	0.516027	0.402078	0.336408	0.387463	0.397365	0.518161	0.000000	0.360058	0.435901	0.548084	0.342229	0.556634	0.558394	0.474136
wcaod-01	0.549010	0.682781	0.866412	0.490506	0.832934	0.722320	0.748029	0.592782	0.648767	0.783154	0.610853	0.801044	0.000000	0.666905	0.681829	0.735811	0.703237	0.789643	0.755839	0.557637
wcaod-10	0.482931	0.627298	0.784147	0.346267	0.742554	0.505162	0.549577	0.389527	0.454958	0.654024	0.559546	0.830186	0.000000	0.508578	0.721245	0.670644	0.562257	0.800473	0.600386	0.515638
wcaod-11	0.611024	0.800693	0.952415	0.488928	1.002766	0.872616	0.781015	0.666600	0.572696	0.898752	0.708423	1.032547	0.000000	0.732637	0.698893	0.832939	0.916992	1.096305	0.820964	0.770452
wcaod	0.172388	0.149829	0.201302	0.124950	0.246104	0.268246	0.132494	0.138536	0.156180	0.255645	0.155529	0.257193	0.000000	0.186290	0.142672	0.142427	0.287381	0.269836	0.131285	0.148158
wceod-00	0.250000	0.392405	0.465753	0.194805	0.432432	0.289855	0.459016	0.358025	0.278481	0.312500	0.347222	0.462687	0.000000	0.305263	0.378378	0.460526	0.285714	0.457831	0.500000	0.415584
wceod-01	0.484444	0.567308	0.675214	0.424779	0.658009	0.597510	0.622010	0.515021	0.541485	0.648305	0.525581	0.644351	0.000000	0.564815	0.579909	0.590090	0.590308	0.619718	0.634146	0.473451
wceod-10	0.410256	0.500000	0.598639	0.290323	0.590909	0.410959	0.462025	0.316901	0.372671	0.528302	0.460123	0.635135	0.000000	0.418301	0.607843	0.521472	0.441860	0.590909	0.486301	0.433333
wceod-11	0.498534	0.608355	0.710674	0.410188	0.697059	0.634783	0.596100	0.525000	0.477573	0.677233	0.575931	0.743935	0.000000	0.574176	0.547619	0.624277	0.673854	0.801105	0.643454	0.595687
wceod	0.248534	0.215950	0.244921	0.229974	0.264626	0.344928	0.162993	0.208099	0.263004	0.364733	0.228709	0.281249	0.000000	0.268913	0.229465	0.163751	0.388140	0.343274	0.157153	0.180103
