accuracy	0.815000	0.809556	0.812222	0.820444	0.809111	0.810222	0.805444	0.810444	0.811889	0.810444	0.810333	0.810111	0.811667	0.812333	0.802111	0.815333	0.814000	0.809111	0.807444	0.814222
recall	0.670126	0.665250	0.674352	0.674753	0.664972	0.673486	0.667424	0.666694	0.671913	0.667936	0.668658	0.677787	0.670983	0.674603	0.663821	0.678155	0.677488	0.668939	0.675271	0.674013
precision	0.727429	0.725948	0.729186	0.734440	0.730189	0.731670	0.721071	0.724568	0.730656	0.723733	0.729958	0.729813	0.730678	0.729382	0.720997	0.735900	0.733703	0.720631	0.732232	0.724281
f1score	0.689412	0.684663	0.693039	0.694992	0.685092	0.692681	0.685294	0.685698	0.691305	0.686570	0.688326	0.695803	0.690517	0.693290	0.682015	0.697714	0.696632	0.686675	0.694060	0.691819
mcc	0.393403	0.386460	0.399795	0.404817	0.389742	0.400956	0.384773	0.386958	0.398260	0.387674	0.393875	0.404267	0.397200	0.400253	0.380547	0.410008	0.407330	0.386125	0.403502	0.395110
spd0-0	0.138386	0.132634	0.141962	0.138386	0.138316	0.139915	0.148026	0.138634	0.144749	0.138542	0.138292	0.148568	0.139198	0.143861	0.149398	0.140004	0.146679	0.145518	0.149661	0.145626
spd0-1	0.164747	0.172559	0.175615	0.158044	0.159348	0.178067	0.170351	0.167136	0.163626	0.171020	0.167443	0.180011	0.169435	0.172884	0.164494	0.175619	0.168994	0.170207	0.175374	0.168900
spd0	0.026360	0.039925	0.033654	0.019658	0.021033	0.038152	0.022325	0.028502	0.018877	0.032478	0.029151	0.031443	0.030237	0.029023	0.015096	0.035616	0.022315	0.024689	0.025713	0.023274
aod0-0	0.474865	0.453666	0.492107	0.485901	0.462460	0.474092	0.492448	0.478696	0.484890	0.473917	0.465905	0.491918	0.480589	0.490943	0.488115	0.486818	0.506614	0.486091	0.492957	0.494689
aod0-1	0.514843	0.517392	0.524563	0.502841	0.492044	0.535655	0.505904	0.499136	0.509330	0.516727	0.513865	0.551912	0.509111	0.525947	0.488384	0.533765	0.511655	0.520729	0.529586	0.527153
aod0	0.019989	0.031863	0.016228	0.008470	0.014792	0.030781	0.006728	0.010220	0.012220	0.021405	0.023980	0.029997	0.014261	0.017502	0.000134	0.023473	0.002521	0.017319	0.018315	0.016232
eod0-0	0.406632	0.386953	0.425176	0.415270	0.395904	0.404762	0.417025	0.411504	0.411662	0.405211	0.397357	0.416014	0.413547	0.419698	0.412214	0.419065	0.434588	0.411559	0.420050	0.418710
eod0-1	0.428212	0.429058	0.428904	0.429082	0.410943	0.447398	0.415029	0.407756	0.429907	0.424769	0.430351	0.463194	0.421469	0.437140	0.401796	0.446953	0.427765	0.429257	0.441781	0.440576
eod0	0.021580	0.042105	0.003728	0.013812	0.015039	0.042636	0.001996	0.003749	0.018244	0.019557	0.032994	0.047180	0.007922	0.017441	0.010418	0.027888	0.006823	0.017698	0.021731	0.021866
spd1-0	0.144850	0.144901	0.152793	0.143364	0.141514	0.152411	0.154119	0.149020	0.148384	0.147915	0.147357	0.154441	0.146362	0.152333	0.153114	0.149628	0.150964	0.150985	0.157279	0.150073
spd1-1	0.185230	0.183698	0.180708	0.173077	0.200000	0.182139	0.183374	0.158333	0.189904	0.192819	0.177998	0.226415	0.201733	0.186732	0.179012	0.201765	0.202233	0.201550	0.185464	0.203980
spd1	0.040381	0.038797	0.027915	0.029713	0.058486	0.029727	0.029255	0.009314	0.041520	0.044905	0.030641	0.071974	0.055370	0.034399	0.025899	0.052137	0.051269	0.050566	0.028185	0.053907
aod1-0	0.485124	0.477225	0.499772	0.492873	0.464328	0.497032	0.497952	0.483209	0.487476	0.487310	0.485446	0.501630	0.485506	0.501510	0.486432	0.496399	0.501306	0.495821	0.504436	0.501007
aod1-1	0.538959	0.512169	0.545320	0.498437	0.559666	0.521884	0.497395	0.514538	0.555308	0.533986	0.495351	0.655745	0.552541	0.536200	0.502311	0.590703	0.572715	0.541161	0.535208	0.573775
aod1	0.026918	0.017472	0.022774	0.002782	0.047669	0.012426	0.000279	0.015664	0.033916	0.023338	0.004952	0.077057	0.033517	0.017345	0.007940	0.047152	0.035704	0.022670	0.015386	0.036384
eod1-0	0.411492	0.404279	0.421408	0.422051	0.393771	0.419698	0.417552	0.406057	0.412394	0.411099	0.411765	0.424476	0.413153	0.423796	0.407568	0.422060	0.427613	0.416476	0.425647	0.423502
eod1-1	0.447005	0.415179	0.470320	0.415929	0.467811	0.452000	0.405858	0.444444	0.473913	0.436019	0.412017	0.536697	0.447368	0.454148	0.409091	0.506787	0.464789	0.438596	0.458150	0.465116
eod1	0.035513	0.010899	0.048911	0.006122	0.074040	0.032302	0.011694	0.038387	0.061519	0.024920	0.000252	0.112221	0.034215	0.030352	0.001523	0.084728	0.037176	0.022121	0.032503	0.041614
wcspd-00	0.134052	0.128173	0.138302	0.134114	0.130634	0.134836	0.143910	0.136655	0.138210	0.132021	0.135373	0.140369	0.132973	0.140187	0.146240	0.134679	0.141441	0.139959	0.145897	0.140441
wcspd-01	0.173203	0.169205	0.171717	0.173401	0.201022	0.180602	0.182283	0.154351	0.196399	0.197026	0.162349	0.212418	0.191304	0.173693	0.175559	0.186933	0.190641	0.195572	0.181818	0.189807
wcspd-10	0.161142	0.169217	0.173679	0.157017	0.156857	0.177487	0.169245	0.167018	0.163076	0.170318	0.164083	0.174247	0.165434	0.169683	0.162915	0.171292	0.164727	0.167065	0.174057	0.164027
wcspd-11	0.219626	0.220779	0.204444	0.172269	0.197309	0.185771	0.186147	0.168831	0.171946	0.182243	0.217391	0.262712	0.227468	0.221719	0.187773	0.235537	0.231441	0.215517	0.194690	0.238298
wcspd	0.085574	0.092606	0.066142	0.039287	0.070388	0.050935	0.042237	0.032176	0.058190	0.065005	0.082018	0.122343	0.094495	0.081533	0.041533	0.100858	0.090000	0.075558	0.048793	0.097857
wcaod-00	0.468065	0.447268	0.482535	0.481622	0.445254	0.462524	0.492783	0.473779	0.469209	0.463077	0.470105	0.470694	0.470566	0.489762	0.485803	0.474332	0.499199	0.476427	0.486992	0.489100
wcaod-01	0.523854	0.495316	0.555101	0.518900	0.571332	0.542011	0.495213	0.513048	0.580339	0.555527	0.446373	0.640353	0.553652	0.501891	0.506209	0.570856	0.565454	0.554027	0.535885	0.538623
wcaod-10	0.509826	0.515105	0.524135	0.507491	0.489587	0.540470	0.506358	0.497673	0.510913	0.519380	0.505674	0.540922	0.505973	0.517961	0.488246	0.525122	0.505567	0.522371	0.528773	0.516964
wcaod-11	0.577805	0.555951	0.531797	0.452387	0.528793	0.483193	0.502410	0.519056	0.488648	0.483958	0.603727	0.694437	0.556777	0.615179	0.494371	0.634170	0.589102	0.520425	0.531113	0.654563
wcaod	0.054870	0.054341	0.036283	0.033257	0.063039	0.039744	0.006787	0.022639	0.055565	0.046225	0.078677	0.111872	0.043105	0.062709	0.010203	0.079919	0.044952	0.038800	0.024446	0.082732
wceod-00	0.402010	0.381648	0.415400	0.413348	0.380857	0.393189	0.418605	0.406471	0.397149	0.397516	0.403491	0.399000	0.406797	0.419855	0.411133	0.407254	0.430911	0.403438	0.415005	0.415966
wceod-01	0.437086	0.418750	0.489933	0.427586	0.485207	0.472727	0.408046	0.446809	0.497006	0.455782	0.360248	0.530201	0.456954	0.418750	0.419355	0.496599	0.460432	0.464052	0.454545	0.436242
wceod-10	0.424451	0.430845	0.428934	0.432718	0.410063	0.451100	0.416250	0.405542	0.431274	0.427500	0.421702	0.455774	0.420792	0.428571	0.403148	0.439655	0.423645	0.433465	0.439601	0.432855
wceod-11	0.469697	0.406250	0.428571	0.395062	0.421875	0.411765	0.400000	0.438596	0.412698	0.390625	0.527778	0.550725	0.428571	0.536232	0.384615	0.527027	0.472973	0.386667	0.465753	0.530303
wceod	0.067687	0.049197	0.074533	0.037656	0.104350	0.079538	0.018605	0.041267	0.099857	0.065157	0.167529	0.151725	0.050157	0.117482	0.034739	0.119773	0.049328	0.077386	0.050749	0.114337
