accuracy	0.676674	0.671132	0.690993	0.675751	0.677136	0.678060	0.665589	0.684988	0.677598	0.667898	0.679908	0.674827	0.679908	0.675751	0.681293	0.678984	0.683603	0.690069	0.676212	0.660508
recall	0.661352	0.657047	0.677936	0.661947	0.659184	0.660960	0.651395	0.669423	0.663118	0.650677	0.665494	0.660165	0.670198	0.657295	0.666863	0.665564	0.672576	0.675772	0.660534	0.644286
precision	0.687016	0.679114	0.694676	0.681460	0.671028	0.681658	0.665633	0.692077	0.677949	0.662645	0.681333	0.678310	0.690010	0.675829	0.685672	0.687168	0.692005	0.690006	0.680397	0.660659
f1score	0.658070	0.654056	0.677931	0.660210	0.660737	0.660074	0.650838	0.668054	0.663243	0.651619	0.665454	0.659101	0.667141	0.657249	0.666019	0.663248	0.670483	0.676716	0.659327	0.643111
mcc	0.347421	0.335436	0.372235	0.342852	0.330000	0.341993	0.316708	0.360789	0.340744	0.313093	0.346466	0.337988	0.359663	0.332607	0.352033	0.352070	0.364063	0.365500	0.340351	0.304505
spd0-0	0.661530	0.651149	0.635166	0.642980	0.618161	0.649828	0.632985	0.651455	0.631218	0.616485	0.624419	0.637188	0.633160	0.641774	0.638200	0.644126	0.633691	0.622414	0.643433	0.632817
spd0-1	0.808717	0.797647	0.730310	0.778571	0.765101	0.784870	0.738149	0.788835	0.745192	0.789474	0.777528	0.793017	0.788018	0.787140	0.775463	0.800000	0.792929	0.748235	0.790210	0.810427
spd0	0.147187	0.146498	0.095144	0.135591	0.146940	0.135042	0.105164	0.137380	0.113974	0.172988	0.153109	0.155829	0.154858	0.145366	0.137263	0.155874	0.159238	0.125822	0.146777	0.177610
aod0-0	1.306876	1.293114	1.257804	1.274380	1.204167	1.276768	1.250876	1.284621	1.241618	1.210504	1.232267	1.255344	1.266122	1.262055	1.255677	1.271282	1.253723	1.221056	1.267075	1.247479
aod0-1	1.554714	1.504723	1.340322	1.466207	1.435404	1.505392	1.392352	1.485547	1.421816	1.490066	1.468059	1.515614	1.491440	1.486051	1.481580	1.550388	1.522150	1.401818	1.523698	1.556373
aod0	0.123919	0.105804	0.041259	0.095914	0.115618	0.114312	0.070738	0.100463	0.090099	0.139781	0.117896	0.130135	0.112659	0.111998	0.112952	0.139553	0.134213	0.090381	0.128312	0.154447
eod0-0	0.818281	0.800223	0.805310	0.797566	0.755532	0.804511	0.776549	0.807568	0.790948	0.755059	0.781838	0.789079	0.804850	0.787118	0.795652	0.809836	0.801959	0.785791	0.801959	0.768898
eod0-1	0.903101	0.899281	0.843972	0.880000	0.881944	0.873134	0.833910	0.912214	0.825926	0.864111	0.873288	0.889764	0.880702	0.882155	0.887640	0.883721	0.901235	0.861818	0.867647	0.889706
eod0	0.084820	0.099057	0.038662	0.082434	0.126412	0.068623	0.057361	0.104646	0.034978	0.109053	0.091449	0.100685	0.075852	0.095037	0.091988	0.073885	0.099276	0.076027	0.065688	0.120807
spd1-0	0.665032	0.643913	0.607735	0.642300	0.618207	0.652542	0.636943	0.648383	0.617875	0.604167	0.627273	0.647564	0.640327	0.634266	0.632363	0.653792	0.648611	0.603387	0.651779	0.641655
spd1-1	0.737127	0.748656	0.746165	0.719577	0.705882	0.720961	0.687500	0.733513	0.720430	0.740690	0.711565	0.699610	0.714491	0.745578	0.727513	0.713900	0.691034	0.729947	0.713115	0.717185
spd1	0.072096	0.104743	0.138430	0.077277	0.087675	0.068419	0.050557	0.085130	0.102555	0.136523	0.084292	0.052045	0.074164	0.111312	0.095150	0.060108	0.042423	0.126559	0.061335	0.075530
aod1-0	1.323745	1.282968	1.195722	1.275229	1.211482	1.291284	1.259476	1.289788	1.215305	1.192120	1.238125	1.290947	1.284957	1.250135	1.253359	1.303230	1.291582	1.180283	1.287863	1.268807
aod1-1	1.401469	1.439726	1.442087	1.375616	1.339286	1.376043	1.320998	1.395757	1.381385	1.403151	1.361444	1.321913	1.361009	1.434071	1.384924	1.362518	1.326752	1.401908	1.364913	1.387819
aod1	0.038862	0.078379	0.123182	0.050194	0.063902	0.042380	0.030761	0.052985	0.083040	0.105515	0.061660	0.015483	0.038026	0.091968	0.065783	0.029644	0.017585	0.110813	0.038525	0.059506
eod1-0	0.817308	0.805825	0.791064	0.798621	0.773982	0.814111	0.791328	0.822069	0.770861	0.745718	0.791722	0.807638	0.817931	0.798141	0.790123	0.823856	0.830369	0.772368	0.806924	0.795973
eod1-1	0.868597	0.852097	0.856471	0.845815	0.802521	0.829004	0.789011	0.844156	0.846501	0.837259	0.825112	0.814969	0.833333	0.830435	0.858079	0.829646	0.809745	0.855856	0.834091	0.796909
eod1	0.051289	0.046272	0.065406	0.047194	0.028539	0.014893	0.002317	0.022087	0.075640	0.091541	0.033390	0.007331	0.015402	0.032294	0.067955	0.005790	0.020625	0.083487	0.027167	0.000936
wcspd-00	0.636829	0.621392	0.589571	0.620069	0.595690	0.631218	0.616725	0.630872	0.594872	0.571189	0.599145	0.623276	0.614618	0.608398	0.614655	0.626176	0.626978	0.578627	0.626496	0.614733
wcspd-01	0.711572	0.713523	0.732496	0.689119	0.664875	0.687500	0.665505	0.695187	0.704663	0.714286	0.678182	0.663907	0.675522	0.712980	0.685864	0.680556	0.647887	0.707980	0.678445	0.670819
wcspd-10	0.795276	0.753086	0.691120	0.748971	0.719844	0.752000	0.724528	0.739130	0.725100	0.764228	0.753846	0.766949	0.757576	0.749049	0.714859	0.780392	0.757322	0.710526	0.764259	0.771429
wcspd-11	0.830189	0.857143	0.793750	0.819209	0.826316	0.832370	0.758427	0.851648	0.775758	0.825581	0.810811	0.830303	0.835294	0.840426	0.857923	0.830303	0.847134	0.811321	0.831325	0.864407
wcspd	0.193360	0.235751	0.204179	0.199140	0.230626	0.201152	0.141702	0.220776	0.180886	0.254392	0.211666	0.207027	0.220676	0.232028	0.243268	0.204127	0.220156	0.232693	0.204830	0.249674
wcaod-00	1.281311	1.258374	1.182049	1.248562	1.183208	1.264755	1.238671	1.270678	1.188577	1.141426	1.202451	1.252659	1.256628	1.218198	1.232033	1.264262	1.263437	1.149645	1.251820	1.229198
wcaod-01	1.351597	1.374526	1.431496	1.322596	1.255733	1.305195	1.288722	1.317391	1.352584	1.359928	1.304957	1.260400	1.297696	1.368544	1.296796	1.290872	1.239982	1.363636	1.301694	1.298639
wcaod-10	1.530089	1.393955	1.261895	1.391065	1.322984	1.425977	1.374466	1.362272	1.382028	1.438517	1.420987	1.483141	1.441545	1.378226	1.345386	1.508159	1.438798	1.306284	1.477827	1.465534
wcaod-11	1.595975	1.647863	1.474720	1.572222	1.586307	1.621068	1.419077	1.646154	1.485528	1.591601	1.534091	1.581809	1.570562	1.641905	1.666625	1.616246	1.650859	1.562067	1.597063	1.694915
wcaod	0.157332	0.194745	0.146335	0.161830	0.201549	0.178157	0.090203	0.187738	0.148475	0.225087	0.165820	0.164575	0.156967	0.211853	0.217296	0.175992	0.205439	0.206211	0.172621	0.232859
wceod-00	0.795455	0.787500	0.783051	0.777778	0.749580	0.801382	0.785841	0.801724	0.764906	0.712855	0.775087	0.787346	0.807554	0.772806	0.773913	0.810619	0.815385	0.750000	0.797274	0.773266
wceod-01	0.855908	0.821429	0.847134	0.830861	0.765537	0.809659	0.761062	0.817391	0.835777	0.829412	0.793846	0.791781	0.800000	0.811940	0.831884	0.808571	0.778443	0.847507	0.810241	0.761194
wceod-10	0.897436	0.869565	0.818713	0.873418	0.861446	0.860759	0.809249	0.903448	0.791667	0.868750	0.847953	0.891304	0.852071	0.883721	0.850649	0.871795	0.890411	0.848837	0.841463	0.883117
wceod-11	0.911765	0.940171	0.882883	0.888889	0.909836	0.890909	0.870690	0.923077	0.882353	0.858268	0.909091	0.887931	0.922414	0.880000	0.938053	0.901961	0.917526	0.883495	0.907407	0.898305
wceod	0.116310	0.152671	0.099832	0.111111	0.160256	0.089527	0.109628	0.121353	0.117447	0.155895	0.134004	0.103958	0.122414	0.110915	0.164140	0.093389	0.139083	0.133495	0.110133	0.137111
