accuracy	0.815111	0.809000	0.816889	0.811556	0.774333	0.775222	0.813444	0.802556	0.819222	0.815111	0.807333	0.815111	0.808778	0.778444	0.811778	0.808222	0.819667	0.810667	0.813667	0.798111
recall	0.670570	0.668464	0.675376	0.688763	0.500000	0.699488	0.650908	0.673955	0.665779	0.666201	0.684164	0.682411	0.686354	0.500000	0.650110	0.688071	0.669720	0.676664	0.659021	0.677836
precision	0.727602	0.724153	0.739575	0.716038	0.387167	0.685102	0.747282	0.708824	0.751604	0.734906	0.721775	0.739678	0.722872	0.389222	0.752555	0.720712	0.750341	0.722985	0.755702	0.696808
f1score	0.689820	0.686992	0.696242	0.700140	0.436408	0.691378	0.674429	0.687366	0.689826	0.687443	0.698581	0.701922	0.700528	0.437711	0.673748	0.701094	0.693300	0.693400	0.683095	0.686050
mcc	0.394067	0.388648	0.409955	0.403881	0.000000	0.384321	0.386352	0.381188	0.408464	0.395180	0.404193	0.418186	0.407593	0.000000	0.389415	0.407478	0.412252	0.396956	0.403296	0.374163
spd0-0	0.147974	0.147903	0.142699	0.168589	0.000000	0.248655	0.117142	0.162688	0.126540	0.131270	0.168006	0.151915	0.165182	0.000000	0.116404	0.172924	0.133026	0.160826	0.125114	0.184755
spd0-1	0.150346	0.161897	0.156600	0.192253	0.000000	0.258100	0.127551	0.188520	0.138647	0.155898	0.185530	0.167035	0.191584	0.000000	0.124272	0.188979	0.139665	0.163779	0.129060	0.192071
spd0	0.002372	0.013994	0.013900	0.023665	0.000000	0.009446	0.010409	0.025832	0.012107	0.024628	0.017524	0.015120	0.026402	0.000000	0.007868	0.016055	0.006639	0.002952	0.003945	0.007317
aod0-0	0.497271	0.500034	0.497569	0.566394	0.000000	0.724359	0.419328	0.536485	0.443963	0.456782	0.548045	0.510120	0.539681	0.000000	0.408014	0.565583	0.475483	0.526028	0.435929	0.581688
aod0-1	0.483768	0.487219	0.485188	0.582181	0.000000	0.720619	0.394562	0.548186	0.450092	0.485738	0.560855	0.524009	0.581952	0.000000	0.392740	0.570478	0.440109	0.516520	0.408274	0.573243
aod0	0.006751	0.006408	0.006191	0.007894	0.000000	0.001870	0.012383	0.005850	0.003064	0.014478	0.006405	0.006945	0.021136	0.000000	0.007637	0.002447	0.017687	0.004754	0.013827	0.004222
eod0-0	0.420593	0.423592	0.431338	0.472067	0.000000	0.558201	0.370593	0.448673	0.387293	0.394429	0.458150	0.435161	0.449198	0.000000	0.359627	0.469424	0.415771	0.439580	0.384424	0.469573
eod0-1	0.410579	0.405221	0.407925	0.479142	0.000000	0.564784	0.334104	0.438308	0.391355	0.408565	0.464326	0.447339	0.485876	0.000000	0.338945	0.475169	0.379233	0.435252	0.352740	0.463385
eod0	0.010014	0.018371	0.023413	0.007075	0.000000	0.006583	0.036489	0.010365	0.004062	0.014135	0.006176	0.012178	0.036678	0.000000	0.020682	0.005745	0.036538	0.004328	0.031684	0.006188
spd1-0	0.145828	0.151015	0.148393	0.176053	0.000000	0.253405	0.119408	0.172794	0.127693	0.139913	0.173483	0.154686	0.173340	0.000000	0.117949	0.177044	0.134123	0.160224	0.125091	0.186066
spd1-1	0.179177	0.177616	0.146520	0.195913	0.000000	0.243243	0.139364	0.173810	0.167067	0.155585	0.191595	0.189858	0.200495	0.000000	0.135802	0.203026	0.151365	0.180879	0.142857	0.203980
spd1	0.033349	0.026601	0.001872	0.019861	0.000000	0.010162	0.019956	0.001015	0.039374	0.015672	0.018111	0.035173	0.027155	0.000000	0.017854	0.025982	0.017242	0.020655	0.017766	0.017914
aod1-0	0.488491	0.491952	0.494967	0.575725	0.000000	0.731826	0.410456	0.539894	0.440286	0.471772	0.555627	0.509422	0.559367	0.000000	0.403490	0.565598	0.463243	0.523844	0.423570	0.579885
aod1-1	0.521850	0.512183	0.460959	0.551987	0.000000	0.650456	0.393450	0.545266	0.496880	0.444648	0.534894	0.573540	0.550817	0.000000	0.385978	0.584122	0.434379	0.506748	0.427891	0.564915
aod1	0.016680	0.010116	0.017004	0.011869	0.000000	0.040685	0.008503	0.002686	0.028297	0.013562	0.010367	0.032059	0.004275	0.000000	0.008756	0.009262	0.014432	0.008548	0.002161	0.007485
eod1-0	0.414393	0.413851	0.422535	0.478364	0.000000	0.566312	0.357742	0.442513	0.383662	0.403737	0.462745	0.434950	0.467678	0.000000	0.354595	0.469330	0.404695	0.438787	0.370151	0.468877
eod1-1	0.433180	0.428571	0.410959	0.451327	0.000000	0.524000	0.334728	0.459596	0.430435	0.374408	0.446352	0.486239	0.447368	0.000000	0.318182	0.493213	0.356808	0.429825	0.378855	0.451163
eod1	0.018786	0.014720	0.011576	0.027037	0.000000	0.042312	0.023014	0.017083	0.046773	0.029330	0.016393	0.051288	0.020310	0.000000	0.036413	0.023882	0.047888	0.008963	0.008704	0.017714
wcspd-00	0.144426	0.144066	0.141408	0.164510	0.000000	0.249426	0.114227	0.160223	0.120597	0.126425	0.166387	0.146874	0.161646	0.000000	0.111965	0.169275	0.130291	0.157992	0.121342	0.183543
wcspd-01	0.176471	0.179357	0.153199	0.202020	0.000000	0.242475	0.141397	0.182266	0.173486	0.174721	0.181347	0.191176	0.194783	0.000000	0.153184	0.205082	0.155979	0.186347	0.157343	0.195079
wcspd-10	0.147944	0.161116	0.158460	0.193089	0.000000	0.259083	0.127085	0.191092	0.137941	0.158925	0.183387	0.165682	0.189997	0.000000	0.126481	0.188302	0.139660	0.163479	0.130618	0.189722
wcspd-11	0.186916	0.173160	0.128889	0.180672	0.000000	0.245059	0.134199	0.151515	0.149321	0.107477	0.217391	0.186441	0.214592	0.000000	0.091703	0.198347	0.139738	0.168103	0.106195	0.225532
wcspd	0.042490	0.035291	0.029571	0.037510	0.000000	0.016608	0.027170	0.039577	0.052889	0.067245	0.051004	0.044303	0.052947	0.000000	0.061481	0.035807	0.025688	0.028355	0.051148	0.041989
wcaod-00	0.492321	0.495358	0.494721	0.561961	0.000000	0.732504	0.422370	0.530450	0.429658	0.449871	0.554113	0.497287	0.536499	0.000000	0.403781	0.560368	0.474522	0.521667	0.427451	0.587978
wcaod-01	0.532646	0.528886	0.512525	0.598787	0.000000	0.664973	0.403843	0.579105	0.530129	0.507855	0.510877	0.598620	0.562633	0.000000	0.442859	0.599936	0.485414	0.549104	0.494190	0.541435
wcaod-10	0.483046	0.488670	0.496327	0.594129	0.000000	0.729566	0.397172	0.554363	0.453634	0.500167	0.558168	0.524608	0.587479	0.000000	0.403997	0.571864	0.449866	0.526111	0.418920	0.569537
wcaod-11	0.496929	0.470808	0.351613	0.459149	0.000000	0.618978	0.364597	0.460678	0.409283	0.296667	0.588608	0.518615	0.530969	0.000000	0.248780	0.550354	0.340628	0.422505	0.285791	0.618343
wcaod	0.024800	0.029039	0.080456	0.069819	0.000000	0.056763	0.028887	0.059214	0.060423	0.105594	0.038865	0.050666	0.028255	0.000000	0.097039	0.024791	0.072393	0.063299	0.104199	0.038454
wceod-00	0.417085	0.419187	0.426545	0.469322	0.000000	0.562436	0.374115	0.442872	0.373727	0.389234	0.464066	0.424000	0.446962	0.000000	0.358398	0.464249	0.416581	0.433771	0.376068	0.475840
wceod-01	0.443709	0.450000	0.463087	0.489655	0.000000	0.533333	0.350575	0.489362	0.467066	0.428571	0.422360	0.510067	0.463576	0.000000	0.367742	0.503401	0.410072	0.477124	0.441558	0.429530
wceod-10	0.410714	0.407589	0.417513	0.489446	0.000000	0.570905	0.337500	0.442065	0.395965	0.421250	0.461159	0.448403	0.492574	0.000000	0.349879	0.475369	0.390394	0.445323	0.362391	0.460235
wceod-11	0.409091	0.375000	0.300000	0.382716	0.000000	0.505882	0.292308	0.385965	0.333333	0.250000	0.500000	0.434783	0.415584	0.000000	0.200000	0.472973	0.256757	0.333333	0.246575	0.500000
wceod	0.034618	0.075000	0.163087	0.106939	0.000000	0.065022	0.081808	0.103397	0.133733	0.178571	0.077640	0.086067	0.076990	0.000000	0.167742	0.039153	0.159825	0.143791	0.194983	0.070470
