accuracy	0.854136	0.854561	0.852647	0.860515	0.853498	0.854348	0.852647	0.846906	0.851159	0.854136	0.860089	0.847544	0.857538	0.850308	0.843079	0.868169	0.848395	0.857325	0.849670	0.853073
recall	0.625879	0.627450	0.639038	0.638695	0.630094	0.629628	0.616639	0.628691	0.626881	0.631083	0.635084	0.618025	0.641849	0.626923	0.621775	0.640428	0.612679	0.624595	0.628276	0.623816
precision	0.761872	0.782752	0.772613	0.773677	0.768469	0.765833	0.767701	0.756383	0.750220	0.769271	0.760239	0.750208	0.764218	0.759130	0.749330	0.780664	0.775150	0.750893	0.751562	0.749330
f1score	0.655541	0.658626	0.670197	0.671107	0.660485	0.659925	0.645240	0.657105	0.655320	0.661711	0.666029	0.645103	0.673000	0.655901	0.648533	0.674681	0.640061	0.653788	0.656702	0.652235
mcc	0.363121	0.379666	0.389377	0.389654	0.373772	0.371265	0.353408	0.363287	0.356360	0.375749	0.374990	0.343690	0.387191	0.362709	0.348495	0.397055	0.352156	0.353609	0.359273	0.351403
spd0-0	0.059573	0.059964	0.062050	0.062804	0.060412	0.059199	0.055556	0.059326	0.061093	0.056332	0.059322	0.055925	0.067451	0.063195	0.063599	0.055757	0.048059	0.059010	0.059633	0.056487
spd0-1	0.083866	0.077666	0.096813	0.087633	0.086577	0.087355	0.074868	0.097256	0.091053	0.090982	0.091426	0.087755	0.093825	0.087134	0.090105	0.085302	0.076408	0.084000	0.095125	0.090685
spd0	0.024293	0.017702	0.034763	0.024829	0.026165	0.028157	0.019313	0.037930	0.029960	0.034651	0.032104	0.031830	0.026374	0.023938	0.026505	0.029545	0.028349	0.024990	0.035492	0.034198
aod0-0	0.327998	0.328339	0.321664	0.332198	0.313033	0.322101	0.278546	0.320645	0.315679	0.310904	0.329825	0.304972	0.355825	0.320993	0.318262	0.365990	0.247689	0.317867	0.317171	0.308328
aod0-1	0.305932	0.293418	0.352260	0.340421	0.324583	0.320705	0.288559	0.331409	0.328520	0.329926	0.340587	0.300953	0.350690	0.317409	0.310475	0.324222	0.286033	0.313072	0.333842	0.320048
aod0	0.011033	0.017461	0.015298	0.004111	0.005775	0.000698	0.005007	0.005382	0.006420	0.009511	0.005381	0.002010	0.002568	0.001792	0.003893	0.020884	0.019172	0.002398	0.008336	0.005860
eod0-0	0.302583	0.303571	0.292857	0.303887	0.286219	0.297101	0.250896	0.294964	0.287770	0.286765	0.303030	0.281139	0.324818	0.293729	0.288194	0.344681	0.225455	0.289575	0.290441	0.281369
eod0-1	0.271154	0.267790	0.318099	0.309091	0.291985	0.285441	0.263969	0.289331	0.288201	0.294559	0.302419	0.260870	0.313840	0.280943	0.272232	0.291089	0.260870	0.277108	0.291589	0.280464
eod0	0.031429	0.035781	0.025242	0.005204	0.005766	0.011661	0.013073	0.005633	0.000431	0.007794	0.000611	0.020269	0.010977	0.012786	0.015962	0.053592	0.035415	0.012467	0.001148	0.000905
spd1-0	0.061392	0.056180	0.072776	0.070302	0.062459	0.067255	0.053836	0.061224	0.069892	0.063283	0.072273	0.058981	0.068013	0.063630	0.059339	0.053896	0.059973	0.062582	0.069399	0.062795
spd1-1	0.077541	0.075549	0.083877	0.078277	0.080227	0.077375	0.071184	0.087940	0.080560	0.080038	0.077963	0.078792	0.087632	0.081308	0.086025	0.079987	0.064927	0.076923	0.083072	0.079454
spd1	0.016149	0.019369	0.011101	0.007975	0.017768	0.010120	0.017349	0.026715	0.010667	0.016755	0.005690	0.019810	0.019619	0.017678	0.026686	0.026091	0.004954	0.014341	0.013674	0.016658
aod1-0	0.285013	0.318200	0.378032	0.359395	0.339617	0.353342	0.278641	0.325384	0.339541	0.338071	0.355360	0.298526	0.343828	0.305747	0.259803	0.300526	0.296170	0.346376	0.331027	0.348331
aod1-1	0.321500	0.302101	0.329714	0.329013	0.314176	0.309043	0.287924	0.326545	0.316620	0.317028	0.327483	0.300928	0.354672	0.321415	0.327640	0.347228	0.264718	0.304048	0.324322	0.304958
aod1	0.018244	0.008050	0.024159	0.015191	0.012721	0.022149	0.004642	0.000581	0.011460	0.010522	0.013939	0.001201	0.005422	0.007834	0.033919	0.023351	0.015726	0.021164	0.003352	0.021686
eod1-0	0.254902	0.296296	0.345550	0.328358	0.312169	0.326633	0.253968	0.298969	0.302703	0.310881	0.321951	0.270833	0.312821	0.274112	0.225641	0.276243	0.269608	0.318681	0.298077	0.320000
eod1-1	0.291312	0.275200	0.298742	0.299827	0.283172	0.277129	0.261084	0.288854	0.283607	0.285948	0.295495	0.266990	0.319257	0.289431	0.293478	0.318426	0.242376	0.269565	0.288815	0.269421
eod1	0.036410	0.021096	0.046808	0.028532	0.028998	0.049505	0.007115	0.010115	0.019096	0.024933	0.026456	0.003843	0.006436	0.015319	0.067837	0.042183	0.027232	0.049116	0.009262	0.050579
wcspd-00	0.047688	0.048105	0.059574	0.058655	0.051170	0.051929	0.053973	0.040000	0.054096	0.050420	0.049062	0.034384	0.047548	0.048921	0.043165	0.046414	0.047256	0.051748	0.053097	0.045911
wcspd-01	0.065030	0.065274	0.063199	0.064661	0.064624	0.062418	0.056230	0.068197	0.064052	0.059136	0.063912	0.065595	0.076172	0.069588	0.072930	0.060201	0.048408	0.062500	0.062583	0.061185
wcspd-10	0.073643	0.062878	0.084724	0.080194	0.071512	0.080201	0.053724	0.079365	0.082045	0.074720	0.091677	0.080605	0.084975	0.076441	0.073604	0.060314	0.070048	0.072229	0.082635	0.077806
wcspd-11	0.088439	0.085042	0.102353	0.091414	0.094294	0.090696	0.085351	0.106088	0.095549	0.098751	0.091299	0.091184	0.098098	0.092280	0.097762	0.097722	0.079486	0.089570	0.101303	0.096794
wcspd	0.040751	0.036937	0.042778	0.032759	0.043125	0.038768	0.031627	0.066088	0.041453	0.048331	0.042615	0.056800	0.050549	0.043359	0.054597	0.051308	0.032230	0.037822	0.048206	0.050883
wcaod-00	0.264311	0.338327	0.352850	0.335068	0.361218	0.366008	0.299904	0.278861	0.299158	0.345201	0.348793	0.274854	0.309723	0.300250	0.241815	0.380446	0.284437	0.351506	0.324226	0.361362
wcaod-01	0.352465	0.326155	0.310495	0.331179	0.300399	0.308330	0.271305	0.334890	0.321257	0.299875	0.324652	0.315577	0.372648	0.328224	0.347121	0.361745	0.234811	0.306906	0.314811	0.296100
wcaod-10	0.299225	0.308539	0.395228	0.375749	0.330893	0.349816	0.265126	0.352612	0.365816	0.336448	0.364207	0.317041	0.366213	0.312119	0.275082	0.265517	0.304336	0.345020	0.338129	0.346219
wcaod-11	0.308011	0.289455	0.340048	0.328058	0.322796	0.311197	0.296358	0.326814	0.316799	0.328587	0.330230	0.295232	0.344827	0.318391	0.318057	0.343893	0.278831	0.304370	0.332346	0.313016
wcaod	0.044077	0.024436	0.042367	0.023845	0.030409	0.028839	0.017389	0.036875	0.033329	0.022663	0.019778	0.021094	0.031463	0.013987	0.052653	0.057464	0.034763	0.023568	0.011659	0.032631
wceod-00	0.240000	0.317460	0.324324	0.307692	0.338710	0.347826	0.271429	0.261538	0.271429	0.323529	0.328125	0.262295	0.289855	0.277778	0.220779	0.362069	0.263889	0.328358	0.302632	0.339623
wceod-01	0.326531	0.299539	0.281553	0.302439	0.271493	0.280193	0.244019	0.305164	0.293269	0.274510	0.295000	0.286364	0.336585	0.298701	0.312796	0.338983	0.211823	0.276042	0.285714	0.266667
wceod-10	0.263566	0.285714	0.358974	0.341463	0.299213	0.315385	0.243697	0.317829	0.321739	0.304000	0.319149	0.274809	0.325397	0.272000	0.228814	0.235772	0.272727	0.313043	0.295455	0.311475
wceod-11	0.273657	0.262255	0.306977	0.298387	0.289673	0.275510	0.270000	0.280660	0.278607	0.291667	0.295775	0.256281	0.310078	0.283854	0.284065	0.308901	0.257143	0.266319	0.290323	0.270886
wceod	0.086531	0.055205	0.077421	0.043076	0.067216	0.072316	0.027731	0.056291	0.050311	0.049020	0.033125	0.030082	0.046730	0.026701	0.092017	0.126297	0.060905	0.062040	0.016917	0.072956
