accuracy	0.861445	0.862076	0.857233	0.853443	0.859339	0.862708	0.859549	0.853232	0.859549	0.857023	0.861023	0.859971	0.859971	0.855970	0.865235	0.856812	0.859549	0.861445	0.860181	0.857444
recall	0.648052	0.656751	0.647678	0.636693	0.650368	0.657196	0.650571	0.643817	0.655174	0.651335	0.647886	0.654406	0.657541	0.645547	0.663688	0.639293	0.665416	0.654471	0.645943	0.660631
precision	0.777373	0.790406	0.769633	0.775368	0.769745	0.781298	0.762751	0.758876	0.801250	0.763955	0.779119	0.787342	0.782742	0.777958	0.775734	0.771478	0.790726	0.770378	0.767411	0.771246
f1score	0.681170	0.691347	0.679385	0.668062	0.682321	0.690808	0.681666	0.673839	0.690451	0.682262	0.681130	0.688380	0.690955	0.677907	0.696499	0.670989	0.699466	0.686632	0.677793	0.692120
mcc	0.405293	0.426716	0.399094	0.388025	0.402795	0.420565	0.397808	0.385905	0.432417	0.399728	0.406339	0.421272	0.422106	0.402274	0.424897	0.388922	0.438592	0.408732	0.395105	0.417471
spd0-0	0.060659	0.058459	0.061771	0.056351	0.076856	0.070183	0.061728	0.068391	0.064703	0.068649	0.058901	0.063246	0.067496	0.062839	0.071398	0.061443	0.066067	0.061029	0.062910	0.070625
spd0-1	0.099434	0.107186	0.106409	0.096697	0.093042	0.100204	0.109633	0.103323	0.098086	0.107230	0.100647	0.103296	0.105326	0.098936	0.107261	0.093887	0.114501	0.110794	0.100000	0.114014
spd0	0.038775	0.048727	0.044638	0.040347	0.016187	0.030021	0.047905	0.034931	0.033383	0.038581	0.041746	0.040049	0.037831	0.036097	0.035863	0.032445	0.048433	0.049766	0.037090	0.043389
aod0-0	0.353050	0.361691	0.336110	0.312871	0.393617	0.380544	0.348749	0.344265	0.367061	0.364850	0.359572	0.348792	0.381363	0.333991	0.394223	0.340866	0.347876	0.329079	0.347177	0.362500
aod0-1	0.366938	0.386117	0.385532	0.349014	0.356238	0.381874	0.393581	0.375947	0.365526	0.388421	0.362192	0.385927	0.384073	0.368919	0.404857	0.344639	0.426619	0.414316	0.369634	0.420664
aod0	0.006944	0.012213	0.024711	0.018072	0.018689	0.000665	0.022416	0.015841	0.000767	0.011785	0.001310	0.018567	0.001355	0.017464	0.005317	0.001887	0.039372	0.042618	0.011228	0.029082
eod0-0	0.333333	0.344948	0.312704	0.293729	0.360656	0.354839	0.322222	0.315287	0.347403	0.336667	0.341463	0.326797	0.356401	0.311897	0.365188	0.318792	0.322368	0.304054	0.320285	0.333333
eod0-1	0.323944	0.342750	0.339960	0.308712	0.319838	0.342159	0.346228	0.330677	0.331481	0.341897	0.318359	0.346821	0.343340	0.328820	0.361963	0.304519	0.386740	0.368421	0.328713	0.374280
eod0	0.009390	0.002198	0.027257	0.014983	0.040818	0.012680	0.024006	0.015391	0.015921	0.005231	0.023104	0.020023	0.013062	0.016923	0.003225	0.014273	0.064372	0.064367	0.008428	0.040947
spd1-0	0.075330	0.074720	0.082500	0.068664	0.075941	0.073651	0.085053	0.070370	0.068196	0.080910	0.078672	0.069943	0.086109	0.068923	0.078283	0.071871	0.079774	0.077792	0.068646	0.087227
spd1-1	0.083650	0.088769	0.085742	0.082301	0.089881	0.091682	0.087619	0.094919	0.089605	0.092517	0.081678	0.091398	0.088030	0.088988	0.095419	0.081978	0.097878	0.091284	0.089080	0.097010
spd1	0.008321	0.014049	0.003242	0.013636	0.013939	0.018032	0.002566	0.024548	0.021409	0.011606	0.003006	0.021455	0.001921	0.020065	0.017136	0.010107	0.018104	0.013492	0.020435	0.009783
aod1-0	0.361914	0.374069	0.397497	0.313019	0.350890	0.359405	0.409718	0.334092	0.324238	0.360328	0.378445	0.363309	0.395047	0.329289	0.381179	0.343626	0.366096	0.392222	0.337131	0.414362
aod1-1	0.357357	0.373266	0.350688	0.340444	0.377727	0.387020	0.360948	0.372933	0.379726	0.383029	0.348469	0.372723	0.374259	0.364840	0.406534	0.340042	0.409080	0.375177	0.368769	0.390340
aod1	0.002279	0.000402	0.023404	0.013713	0.013418	0.013807	0.024385	0.019421	0.027744	0.011350	0.014988	0.004707	0.010394	0.017775	0.012678	0.001792	0.021492	0.008523	0.015819	0.012011
eod1-0	0.328947	0.343612	0.359091	0.280172	0.315789	0.325581	0.369863	0.300448	0.295833	0.318386	0.344681	0.334884	0.355932	0.302419	0.348018	0.313808	0.333333	0.358140	0.306306	0.374449
eod1-1	0.326855	0.343486	0.318644	0.312187	0.343257	0.354949	0.325704	0.333895	0.353618	0.348199	0.319149	0.340984	0.344710	0.331034	0.369369	0.308099	0.376254	0.339130	0.333333	0.353434
eod1	0.002092	0.000127	0.040447	0.032015	0.027468	0.029367	0.044159	0.033447	0.057785	0.029813	0.025532	0.006100	0.011222	0.028615	0.021352	0.005709	0.042921	0.019009	0.027027	0.021016
wcspd-00	0.040053	0.057257	0.047182	0.039617	0.063025	0.054127	0.050704	0.057743	0.042177	0.054720	0.049351	0.038564	0.060811	0.042553	0.047872	0.045392	0.046218	0.061252	0.048620	0.068871
wcspd-01	0.070773	0.059058	0.068943	0.064495	0.083173	0.077814	0.066752	0.073733	0.075697	0.075193	0.063787	0.075547	0.070767	0.073288	0.082645	0.069124	0.075447	0.060920	0.070026	0.071476
wcspd-10	0.106635	0.090058	0.114695	0.093103	0.086753	0.090909	0.112486	0.081585	0.089977	0.103408	0.105018	0.098204	0.108108	0.091638	0.105769	0.093574	0.107062	0.092527	0.086449	0.102389
wcspd-11	0.095706	0.116137	0.102066	0.098600	0.096356	0.105003	0.108040	0.114907	0.102454	0.109249	0.098330	0.105868	0.103888	0.102764	0.108040	0.094059	0.118469	0.120347	0.107232	0.120219
wcspd	0.066582	0.058880	0.067513	0.058983	0.033331	0.050876	0.061782	0.057164	0.060277	0.054529	0.055667	0.067304	0.047297	0.060211	0.060168	0.048667	0.072251	0.059427	0.058612	0.051348
wcaod-00	0.280137	0.387922	0.321660	0.227640	0.333235	0.345706	0.337670	0.336542	0.258799	0.314234	0.415672	0.311646	0.331021	0.255804	0.269792	0.317993	0.245897	0.353744	0.299673	0.408981
wcaod-01	0.377077	0.351165	0.341277	0.341788	0.412484	0.390259	0.352045	0.347146	0.404640	0.377452	0.341860	0.361500	0.403628	0.369120	0.436673	0.349768	0.382529	0.319083	0.365308	0.346121
wcaod-10	0.408393	0.370685	0.444277	0.360884	0.359010	0.369347	0.444389	0.334881	0.360638	0.383911	0.373773	0.395019	0.437471	0.378758	0.438457	0.361836	0.423381	0.418169	0.359946	0.419973
wcaod-11	0.347483	0.392749	0.359709	0.343425	0.355176	0.387073	0.370512	0.393244	0.367067	0.390125	0.355906	0.381675	0.362139	0.364945	0.389824	0.336271	0.428140	0.414241	0.374047	0.420901
wcaod	0.064128	0.020792	0.061309	0.066622	0.039625	0.022277	0.053360	0.029182	0.072920	0.037946	0.036906	0.041687	0.053225	0.061477	0.084333	0.021922	0.091122	0.049543	0.037187	0.037390
wceod-00	0.263889	0.367089	0.301370	0.207792	0.297297	0.318841	0.311475	0.308642	0.240506	0.281250	0.402778	0.298507	0.303371	0.242105	0.243243	0.302632	0.220779	0.325301	0.276316	0.376623
wceod-01	0.355556	0.336538	0.316239	0.323009	0.380952	0.365145	0.325359	0.317597	0.384279	0.351695	0.320930	0.334728	0.380000	0.342593	0.406393	0.324324	0.356828	0.295775	0.336585	0.318584
wceod-10	0.358974	0.331081	0.387755	0.316129	0.324675	0.328767	0.392405	0.295775	0.322981	0.333333	0.319018	0.351351	0.387755	0.339869	0.398693	0.319018	0.383721	0.378788	0.321918	0.373333
wceod-11	0.307918	0.347258	0.320225	0.305630	0.317647	0.347826	0.325905	0.344444	0.335092	0.345821	0.318052	0.345013	0.326425	0.324176	0.345238	0.297688	0.388140	0.364641	0.331476	0.374663
wceod	0.095085	0.036008	0.086385	0.115217	0.083655	0.046305	0.080930	0.048670	0.143773	0.070445	0.084726	0.052844	0.084384	0.100487	0.163149	0.026636	0.167361	0.083013	0.060270	0.058039
