accuracy	0.680831	0.670670	0.693764	0.672517	0.671132	0.663741	0.654503	0.680370	0.664203	0.658661	0.682217	0.667898	0.669746	0.670670	0.685450	0.680831	0.677136	0.669746	0.678060	0.649885
recall	0.676796	0.669912	0.692053	0.670766	0.673445	0.660606	0.651723	0.679973	0.666966	0.657603	0.681077	0.668849	0.668565	0.667678	0.683437	0.680724	0.678489	0.670940	0.676336	0.647548
precision	0.678158	0.669066	0.691304	0.670237	0.669962	0.660126	0.651247	0.678626	0.665109	0.655351	0.679759	0.667276	0.668470	0.666592	0.682815	0.679654	0.677546	0.668836	0.675418	0.646700
f1score	0.677252	0.669247	0.691585	0.670437	0.669018	0.660329	0.651439	0.678807	0.663514	0.655542	0.680079	0.666875	0.668514	0.666976	0.683060	0.679747	0.676817	0.668359	0.675718	0.646961
mcc	0.354951	0.338977	0.383356	0.341002	0.343389	0.320731	0.302969	0.358596	0.332070	0.312947	0.360833	0.336121	0.337035	0.334268	0.366251	0.360376	0.356034	0.339770	0.351753	0.294246
spd0-0	0.537100	0.498276	0.515464	0.507163	0.491269	0.517222	0.519164	0.499715	0.471698	0.502576	0.500581	0.486395	0.504333	0.516336	0.507790	0.488252	0.477671	0.484483	0.500000	0.504303
spd0-1	0.665860	0.625882	0.622912	0.650000	0.574944	0.666667	0.634312	0.614078	0.576923	0.638756	0.642697	0.596010	0.629032	0.654102	0.662037	0.633333	0.570707	0.607059	0.675991	0.675355
spd0	0.128759	0.127606	0.107448	0.142837	0.083675	0.149445	0.115148	0.114363	0.105225	0.136180	0.142115	0.109615	0.124700	0.137766	0.154247	0.145081	0.093036	0.122576	0.175991	0.171053
aod0-0	1.056855	0.986750	1.017894	1.002765	0.946827	1.012595	1.024293	0.979702	0.922574	0.982174	0.983330	0.953242	1.008478	1.010712	0.994288	0.958233	0.941296	0.946426	0.979554	0.990738
aod0-1	1.251338	1.142759	1.094425	1.178558	1.047301	1.253539	1.157350	1.133791	1.071334	1.162673	1.178575	1.101425	1.146850	1.193362	1.223970	1.205570	1.068022	1.110909	1.265455	1.269069
aod0	0.097241	0.078005	0.038266	0.087897	0.050237	0.120472	0.066528	0.077045	0.074380	0.090249	0.097622	0.074092	0.069186	0.091325	0.114841	0.123668	0.063363	0.082242	0.142950	0.139165
eod0-0	0.705114	0.657366	0.692478	0.661504	0.643836	0.664876	0.652655	0.668108	0.631466	0.644302	0.669989	0.642398	0.666282	0.664847	0.669565	0.666667	0.650707	0.639397	0.663765	0.638229
eod0-1	0.786822	0.748201	0.765957	0.785455	0.701389	0.776119	0.761246	0.740458	0.674074	0.735192	0.760274	0.720472	0.750877	0.777778	0.823970	0.736434	0.695473	0.730909	0.794118	0.775735
eod0	0.081707	0.090835	0.073480	0.123950	0.057553	0.111243	0.108591	0.072350	0.042609	0.090889	0.090285	0.078074	0.084595	0.112931	0.154405	0.069767	0.044766	0.091512	0.130353	0.137506
spd1-0	0.521374	0.470795	0.494475	0.503194	0.447424	0.515537	0.512385	0.453586	0.433498	0.472917	0.490909	0.457736	0.498638	0.494406	0.493258	0.464888	0.445139	0.460127	0.498255	0.491585
spd1-1	0.639566	0.623656	0.620642	0.593915	0.624332	0.604806	0.599734	0.651413	0.603495	0.640000	0.605442	0.595579	0.593974	0.643537	0.623016	0.615385	0.593103	0.600267	0.606557	0.626522
spd1	0.118193	0.152861	0.126166	0.090722	0.176907	0.089270	0.087349	0.197827	0.169997	0.167083	0.114533	0.137842	0.095337	0.149132	0.129758	0.150497	0.147965	0.140140	0.108302	0.134937
aod1-0	1.035769	0.936574	0.967619	0.996451	0.870132	1.017739	1.010370	0.899795	0.846692	0.928923	0.964446	0.911357	1.001402	0.970517	0.974613	0.925307	0.884819	0.895232	0.979158	0.969070
aod1-1	1.202888	1.180355	1.186382	1.122021	1.157563	1.140218	1.146713	1.234444	1.144530	1.199998	1.139052	1.105437	1.116834	1.215455	1.163199	1.154844	1.124177	1.140914	1.148474	1.201246
aod1	0.083560	0.121891	0.109381	0.062785	0.143715	0.061239	0.068171	0.167324	0.148919	0.135537	0.087303	0.097040	0.057716	0.122469	0.094293	0.114769	0.119679	0.122841	0.084658	0.116088
eod1-0	0.689560	0.638003	0.692510	0.668966	0.601840	0.671642	0.666667	0.637241	0.585430	0.620553	0.664887	0.615276	0.668966	0.657371	0.658436	0.639390	0.621067	0.619737	0.669774	0.641611
eod1-1	0.777283	0.743929	0.741176	0.724670	0.745798	0.718615	0.698901	0.757576	0.735892	0.738758	0.737668	0.723493	0.718310	0.750000	0.777293	0.750000	0.726218	0.729730	0.734091	0.715232
eod1	0.087722	0.105927	0.048667	0.055704	0.143959	0.046973	0.032234	0.120334	0.150461	0.118205	0.072782	0.108217	0.049344	0.092629	0.118856	0.110610	0.105151	0.109993	0.064317	0.073621
wcspd-00	0.493606	0.445671	0.476030	0.477702	0.427586	0.491424	0.484321	0.435403	0.410256	0.442211	0.460684	0.443103	0.473422	0.469580	0.471552	0.437126	0.430475	0.430061	0.464957	0.463167
wcspd-01	0.625216	0.608541	0.599641	0.566494	0.623656	0.569444	0.588850	0.636364	0.595855	0.632911	0.585455	0.569536	0.574953	0.616088	0.581152	0.592014	0.577465	0.590832	0.572438	0.590747
wcspd-10	0.649606	0.592593	0.579151	0.625514	0.536965	0.628000	0.633962	0.547826	0.541833	0.621951	0.626923	0.529661	0.613636	0.604563	0.594378	0.592157	0.518828	0.590226	0.646388	0.628571
wcspd-11	0.691824	0.670330	0.693750	0.683616	0.626316	0.722543	0.634831	0.697802	0.630303	0.662791	0.664865	0.690909	0.652941	0.723404	0.754098	0.696970	0.649682	0.635220	0.722892	0.740113
wcspd	0.198218	0.224659	0.217720	0.205914	0.198730	0.231120	0.150511	0.262400	0.220047	0.220580	0.204181	0.247806	0.179519	0.253824	0.282547	0.259844	0.219207	0.205159	0.257934	0.276946
wcaod-00	0.995704	0.907501	0.955069	0.964273	0.846732	0.985000	0.973470	0.880403	0.819389	0.883433	0.925652	0.892152	0.971811	0.940543	0.945805	0.886368	0.870083	0.853089	0.928698	0.926080
wcaod-01	1.181792	1.161267	1.163259	1.083957	1.161682	1.069805	1.140651	1.204428	1.133567	1.201270	1.111111	1.068126	1.097696	1.170501	1.082723	1.105967	1.094631	1.130499	1.090696	1.137327
wcaod-10	1.232208	1.073928	0.998538	1.135964	0.975308	1.166208	1.164489	0.980933	0.998494	1.144477	1.147184	1.003401	1.133728	1.084845	1.082023	1.126651	0.958610	1.067170	1.212737	1.170829
wcaod-11	1.279670	1.234188	1.262181	1.237179	1.144648	1.380519	1.146830	1.331624	1.183473	1.198950	1.222624	1.253871	1.164751	1.347810	1.416941	1.327731	1.235911	1.184293	1.350575	1.415254
wcaod	0.141983	0.163343	0.153556	0.136453	0.157475	0.197760	0.095510	0.225610	0.182042	0.158919	0.148486	0.180859	0.096470	0.203633	0.235568	0.220681	0.182914	0.165602	0.210938	0.244587
wceod-00	0.669580	0.617857	0.676271	0.643739	0.586555	0.649396	0.640708	0.618966	0.574106	0.589316	0.641869	0.602812	0.649281	0.631670	0.629565	0.624779	0.611966	0.588435	0.642249	0.612521
wceod-01	0.763689	0.723214	0.722930	0.691395	0.740113	0.690341	0.672566	0.750725	0.730205	0.741176	0.720000	0.704110	0.696774	0.722388	0.736232	0.734286	0.718563	0.727273	0.701807	0.683582
wceod-10	0.762821	0.708075	0.748538	0.759494	0.656627	0.753165	0.751445	0.710345	0.625000	0.737500	0.742690	0.666667	0.733728	0.744186	0.766234	0.692308	0.657534	0.726744	0.768293	0.753247
wceod-11	0.823529	0.803419	0.792793	0.820513	0.762295	0.809091	0.775862	0.777778	0.754902	0.732283	0.785124	0.784483	0.775862	0.824000	0.902655	0.803922	0.752577	0.737864	0.833333	0.805085
wceod	0.153949	0.185562	0.116522	0.176774	0.175740	0.159695	0.135154	0.158812	0.180796	0.151861	0.143255	0.181671	0.126581	0.192330	0.273090	0.179143	0.140612	0.149429	0.191085	0.192564
