accuracy	0.672517	0.670670	0.687298	0.674827	0.676674	0.673903	0.664665	0.683603	0.677598	0.668360	0.680370	0.671594	0.678522	0.678522	0.680831	0.676212	0.683141	0.690531	0.676674	0.659584
recall	0.656878	0.656621	0.673493	0.661181	0.658107	0.656503	0.650366	0.667889	0.663118	0.650960	0.665815	0.656764	0.668367	0.659429	0.665992	0.662228	0.672282	0.675977	0.660860	0.642853
precision	0.682887	0.678492	0.691785	0.680097	0.670808	0.677291	0.664716	0.690770	0.677949	0.663250	0.682035	0.674887	0.689944	0.679796	0.685867	0.685336	0.691040	0.690800	0.681158	0.660196
f1score	0.653117	0.653645	0.673047	0.659523	0.659591	0.655296	0.649734	0.666373	0.663243	0.651884	0.665735	0.655496	0.664737	0.659240	0.664904	0.659327	0.670316	0.676880	0.659591	0.641363
mcc	0.338769	0.334399	0.364820	0.340753	0.328670	0.333146	0.314755	0.357928	0.340744	0.313970	0.347473	0.331156	0.357660	0.338612	0.351297	0.346796	0.362838	0.366477	0.341416	0.302552
spd0-0	0.663813	0.650575	0.641466	0.640688	0.622235	0.651550	0.632985	0.651455	0.630646	0.618203	0.625581	0.638322	0.638937	0.646441	0.642239	0.651003	0.629734	0.624138	0.645161	0.637980
spd0-1	0.815981	0.797647	0.742243	0.778571	0.769575	0.789598	0.742664	0.796117	0.747596	0.789474	0.779775	0.795511	0.799539	0.796009	0.780093	0.804762	0.797980	0.752941	0.790210	0.812796
spd0	0.152168	0.147072	0.100777	0.137884	0.147340	0.138048	0.109679	0.144662	0.116950	0.171271	0.154194	0.157189	0.160602	0.149568	0.137854	0.153759	0.168245	0.128803	0.145048	0.174816
aod0-0	1.311790	1.291998	1.270786	1.269872	1.212283	1.280944	1.250993	1.284621	1.240541	1.213872	1.234598	1.258022	1.277680	1.270950	1.263715	1.285404	1.245753	1.224286	1.270475	1.258062
aod0-1	1.574069	1.504723	1.365559	1.466207	1.447982	1.515575	1.402305	1.505547	1.425520	1.490066	1.471484	1.522417	1.512187	1.505772	1.493701	1.560436	1.535221	1.415152	1.523698	1.560049
aod0	0.131139	0.106362	0.047386	0.098167	0.117850	0.117316	0.075656	0.110463	0.092490	0.138097	0.118443	0.132197	0.117253	0.117411	0.114993	0.137516	0.144734	0.095433	0.126611	0.150993
eod0-0	0.817193	0.799107	0.806416	0.794248	0.759747	0.801289	0.775442	0.807568	0.789871	0.757188	0.782946	0.786938	0.807159	0.794760	0.800000	0.813115	0.798694	0.789020	0.804135	0.772138
eod0-1	0.903101	0.899281	0.854610	0.880000	0.881944	0.876866	0.837370	0.912214	0.829630	0.864111	0.876712	0.889764	0.894737	0.888889	0.887640	0.887597	0.901235	0.861818	0.867647	0.893382
eod0	0.085908	0.100173	0.048194	0.085752	0.122197	0.075577	0.061928	0.104646	0.039759	0.106923	0.093767	0.102826	0.087577	0.094129	0.087640	0.074482	0.102540	0.072798	0.063512	0.121244
spd1-0	0.670638	0.643913	0.618785	0.642300	0.624559	0.658192	0.636235	0.648383	0.617875	0.606250	0.629371	0.651146	0.649864	0.641958	0.638041	0.662219	0.647917	0.606210	0.653873	0.647265
spd1-1	0.735772	0.747312	0.746165	0.714286	0.705882	0.716956	0.691489	0.737550	0.720430	0.740690	0.711565	0.697009	0.715925	0.746939	0.728836	0.716599	0.685517	0.731283	0.713115	0.719892
spd1	0.065135	0.103399	0.127380	0.071986	0.081323	0.058764	0.055254	0.089168	0.102555	0.134440	0.082194	0.045863	0.066062	0.104981	0.090795	0.054380	0.037601	0.125073	0.059242	0.072627
aod1-0	1.335076	1.282968	1.218163	1.275146	1.224149	1.302834	1.257995	1.289843	1.215305	1.196224	1.242263	1.298130	1.304000	1.265041	1.264728	1.320193	1.290172	1.185753	1.291992	1.280176
aod1-1	1.401708	1.437518	1.444230	1.366806	1.340861	1.370869	1.331099	1.405039	1.381385	1.403151	1.361444	1.320542	1.364699	1.437708	1.388280	1.368191	1.316390	1.405198	1.364913	1.393523
aod1	0.033316	0.077275	0.113034	0.045830	0.058356	0.034018	0.036552	0.057598	0.083040	0.103463	0.059590	0.011206	0.030350	0.086333	0.061776	0.023999	0.013109	0.109723	0.036460	0.056673
eod1-0	0.820055	0.805825	0.798949	0.800000	0.780552	0.816825	0.791328	0.820690	0.770861	0.748353	0.794393	0.810467	0.826207	0.810093	0.795610	0.828017	0.830369	0.776316	0.809587	0.800000
eod1-1	0.861915	0.849890	0.851765	0.837004	0.800420	0.820346	0.789011	0.846320	0.846501	0.837259	0.825112	0.806653	0.833333	0.830435	0.858079	0.831858	0.802784	0.855856	0.834091	0.799117
eod1	0.041860	0.044064	0.052816	0.037004	0.019868	0.003521	0.002317	0.025631	0.075640	0.088906	0.030720	0.003814	0.007126	0.020342	0.062468	0.003842	0.027585	0.079540	0.024504	0.000883
wcspd-00	0.642796	0.621392	0.600505	0.620069	0.603448	0.636364	0.614983	0.629195	0.594017	0.573702	0.600855	0.627586	0.622924	0.615253	0.620690	0.636441	0.624480	0.581234	0.629060	0.620660
wcspd-01	0.706390	0.711744	0.728905	0.682211	0.661290	0.682292	0.668990	0.698752	0.704663	0.714286	0.678182	0.658940	0.675522	0.712980	0.685864	0.680556	0.640845	0.707980	0.678445	0.674377
wcspd-10	0.799213	0.753086	0.702703	0.748971	0.719844	0.760000	0.728302	0.747826	0.729084	0.764228	0.757692	0.766949	0.772727	0.760456	0.718876	0.780392	0.765690	0.714286	0.764259	0.775510
wcspd-11	0.842767	0.857143	0.806250	0.819209	0.836842	0.832370	0.764045	0.857143	0.775758	0.825581	0.810811	0.836364	0.841176	0.845745	0.863388	0.842424	0.847134	0.817610	0.831325	0.864407
wcspd	0.199971	0.235751	0.205745	0.199140	0.233394	0.196006	0.149062	0.227948	0.181740	0.251880	0.209956	0.208777	0.218253	0.230492	0.242698	0.205983	0.222654	0.236376	0.202265	0.243746
wcaod-00	1.293127	1.258374	1.203828	1.248657	1.198691	1.275000	1.235186	1.267320	1.186873	1.146446	1.205871	1.261250	1.272826	1.231953	1.244117	1.284472	1.258480	1.154747	1.256942	1.241057
wcaod-01	1.342952	1.371550	1.425126	1.310727	1.248006	1.298295	1.297232	1.324919	1.352584	1.359928	1.304957	1.253625	1.299078	1.368544	1.296796	1.290872	1.225447	1.363636	1.301694	1.306029
wcaod-10	1.540293	1.393955	1.279439	1.391065	1.322984	1.443176	1.380246	1.385801	1.387980	1.438517	1.426835	1.483141	1.469822	1.400843	1.355913	1.508159	1.456400	1.316922	1.477827	1.472028
wcaod-11	1.631063	1.647863	1.515536	1.572222	1.615718	1.621068	1.435206	1.661538	1.485528	1.591601	1.534091	1.602217	1.579183	1.657778	1.680910	1.641923	1.657216	1.579924	1.597063	1.694915
wcaod	0.168968	0.194745	0.155854	0.161783	0.208514	0.173034	0.100010	0.197109	0.149327	0.222578	0.164110	0.174296	0.153178	0.212913	0.218396	0.178726	0.215885	0.212588	0.170060	0.226929
wceod-00	0.798951	0.787500	0.788136	0.779541	0.757983	0.803109	0.784071	0.800000	0.763203	0.716194	0.776817	0.790861	0.812950	0.784854	0.780870	0.815929	0.813675	0.755102	0.800681	0.776650
wceod-01	0.847262	0.818452	0.840764	0.818991	0.762712	0.798295	0.761062	0.820290	0.835777	0.829412	0.793846	0.780822	0.796774	0.811940	0.831884	0.808571	0.772455	0.847507	0.810241	0.764179
wceod-10	0.897436	0.869565	0.836257	0.873418	0.861446	0.867089	0.815029	0.903448	0.797619	0.868750	0.853801	0.891304	0.869822	0.895349	0.850649	0.871795	0.897260	0.848837	0.841463	0.889610
wceod-11	0.911765	0.940171	0.882883	0.888889	0.909836	0.890909	0.870690	0.923077	0.882353	0.858268	0.909091	0.887931	0.931034	0.880000	0.938053	0.911765	0.907216	0.883495	0.907407	0.898305
wceod	0.112814	0.152671	0.094747	0.109347	0.151853	0.092614	0.109628	0.123077	0.119150	0.152556	0.132274	0.110482	0.134260	0.110495	0.157184	0.103193	0.134761	0.128393	0.106726	0.134126
