accuracy	0.782775	0.765304	0.688596	0.733433	0.764144	0.773971	0.727564	0.756296	0.742988	0.726131	0.774449	0.769535	0.750563	0.726609	0.742715	0.787416	0.748447	0.749812	0.709479	0.767351
recall	0.734306	0.747341	0.735840	0.751673	0.745149	0.747902	0.746046	0.741735	0.744253	0.716443	0.739532	0.732842	0.730894	0.740799	0.732003	0.749516	0.750652	0.763522	0.744375	0.742925
precision	0.707349	0.701462	0.674016	0.690290	0.699664	0.706813	0.686171	0.695990	0.692854	0.668546	0.705745	0.696157	0.686542	0.681752	0.683956	0.716782	0.696309	0.703359	0.680907	0.701412
f1score	0.717777	0.713679	0.660693	0.694499	0.711794	0.719462	0.689219	0.707046	0.701000	0.675624	0.717305	0.708107	0.697270	0.685547	0.693353	0.728761	0.705296	0.711014	0.676351	0.713558
mcc	0.440831	0.446452	0.405167	0.437680	0.442481	0.452855	0.428050	0.435329	0.434074	0.381997	0.443994	0.427428	0.415073	0.418405	0.413175	0.465148	0.443645	0.462988	0.420519	0.442394
spd0-0	0.208701	0.247305	0.399418	0.282600	0.245092	0.225431	0.258975	0.241992	0.284934	0.381090	0.221718	0.239842	0.233306	0.318936	0.272374	0.201077	0.267927	0.256832	0.331833	0.240248
spd0-1	0.322188	0.380201	0.505180	0.463895	0.379967	0.367073	0.481086	0.399226	0.423792	0.361403	0.351616	0.340218	0.394873	0.441749	0.401945	0.344055	0.428367	0.457695	0.494214	0.369392
spd0	0.113487	0.132896	0.105762	0.181296	0.134875	0.141642	0.222111	0.157233	0.138858	0.019687	0.129898	0.100375	0.161568	0.122813	0.129571	0.142979	0.160440	0.200863	0.162381	0.129145
aod0-0	0.805017	0.852179	1.167398	0.936232	0.855593	0.800968	0.870950	0.865729	0.965008	1.130777	0.820184	0.856937	0.813025	1.004317	0.915487	0.773254	0.933426	0.879371	1.037851	0.845773
aod0-1	0.826443	0.956189	1.190252	1.119054	0.951289	0.928729	1.142833	0.975594	1.026051	0.904428	0.883452	0.867787	0.966980	1.070143	0.979493	0.881026	1.039922	1.112423	1.171069	0.927063
aod0	0.010713	0.052005	0.011427	0.091411	0.047848	0.063881	0.135942	0.054933	0.030522	0.113175	0.031634	0.005425	0.076977	0.032913	0.032003	0.053886	0.053248	0.116526	0.066609	0.040645
eod0-0	0.647750	0.657559	0.819734	0.707495	0.661626	0.623552	0.661626	0.676245	0.738490	0.802947	0.650854	0.669829	0.630909	0.733855	0.696133	0.620758	0.718992	0.676311	0.757576	0.658041
eod0-1	0.641740	0.723238	0.829043	0.801284	0.717274	0.710977	0.802869	0.719842	0.748208	0.678584	0.675622	0.662763	0.704885	0.773705	0.714190	0.686642	0.761042	0.811126	0.821010	0.702857
eod0	0.006009	0.065679	0.009309	0.093789	0.055648	0.087425	0.141243	0.043597	0.009719	0.124363	0.024768	0.007067	0.073976	0.039850	0.018057	0.065884	0.042049	0.134815	0.063435	0.044816
spd1-0	0.226725	0.254300	0.388354	0.371897	0.266476	0.244329	0.361652	0.312147	0.320309	0.267898	0.255269	0.241913	0.283248	0.306497	0.289362	0.242844	0.315154	0.346316	0.394864	0.265155
spd1-1	0.293959	0.350584	0.484056	0.409171	0.346923	0.333413	0.415830	0.353260	0.388315	0.385250	0.317782	0.318291	0.351719	0.416793	0.370474	0.306319	0.384946	0.398579	0.447454	0.337336
spd1	0.067234	0.096284	0.095701	0.037274	0.080447	0.089084	0.054178	0.041114	0.068006	0.117351	0.062513	0.076378	0.068471	0.110296	0.081112	0.063475	0.069791	0.052262	0.052590	0.072181
aod1-0	0.810524	0.852059	1.125635	1.091593	0.878129	0.856912	1.083363	0.945574	1.003282	0.895641	0.899397	0.832744	0.878547	0.950466	0.933146	0.836362	0.983876	1.055762	1.143391	0.859734
aod1-1	0.819469	0.942955	1.193340	1.066801	0.935494	0.908143	1.070400	0.942974	1.006989	0.976832	0.863439	0.867345	0.930718	1.069498	0.964381	0.858459	1.012606	1.052850	1.133516	0.912991
aod1	0.004472	0.045448	0.033853	0.012396	0.028682	0.025616	0.006481	0.001300	0.001853	0.040595	0.017979	0.017301	0.026086	0.059516	0.015618	0.011048	0.014365	0.001456	0.004937	0.026628
eod1-0	0.662461	0.672783	0.813880	0.798193	0.695015	0.693498	0.796774	0.713068	0.765432	0.701587	0.729231	0.660066	0.661442	0.717391	0.717949	0.670695	0.748447	0.790909	0.822368	0.671512
eod1-1	0.640625	0.717076	0.829012	0.785444	0.710343	0.698488	0.780230	0.713483	0.744907	0.697630	0.666149	0.664215	0.696445	0.773000	0.710764	0.677859	0.755576	0.790078	0.810458	0.698613
eod1	0.021836	0.044293	0.015132	0.012749	0.015328	0.004989	0.016544	0.000415	0.020525	0.003957	0.063082	0.004149	0.035003	0.055609	0.007184	0.007164	0.007129	0.000832	0.011911	0.027101
wcspd-00	0.167947	0.201863	0.360902	0.337161	0.216776	0.191693	0.310870	0.269313	0.284836	0.231006	0.204409	0.197002	0.246822	0.254737	0.217716	0.188559	0.250260	0.290698	0.358193	0.199573
wcspd-01	0.218072	0.258683	0.408669	0.269211	0.251721	0.233609	0.246730	0.235475	0.284959	0.418863	0.226209	0.250129	0.230015	0.334435	0.285352	0.204118	0.272285	0.248661	0.325457	0.250000
wcspd-10	0.272806	0.297046	0.410636	0.400170	0.305272	0.286321	0.401011	0.345638	0.351869	0.298069	0.299912	0.276897	0.311927	0.348382	0.346350	0.284779	0.371506	0.390717	0.426259	0.315359
wcspd-11	0.328847	0.391601	0.517646	0.472603	0.390137	0.378045	0.492078	0.406634	0.432761	0.370155	0.358395	0.349015	0.406395	0.454503	0.409567	0.352476	0.435634	0.466922	0.502947	0.377097
wcspd	0.160899	0.189738	0.156743	0.203392	0.173361	0.186351	0.245348	0.171159	0.147925	0.187857	0.153986	0.152013	0.176379	0.199766	0.191851	0.163917	0.185375	0.218261	0.177490	0.177524
wcaod-00	0.763012	0.804314	1.123088	1.040627	0.858635	0.780660	1.036619	0.894962	0.999798	0.840728	0.878818	0.827957	0.840706	0.862426	0.833134	0.763236	0.848006	0.967770	1.136281	0.714740
wcaod-01	0.812511	0.863132	1.176275	0.912304	0.856474	0.806090	0.840839	0.856628	0.957473	1.191315	0.810820	0.863924	0.805543	1.030861	0.929516	0.774293	0.943524	0.860604	1.018604	0.864602
wcaod-10	0.828101	0.877175	1.116657	1.103990	0.883720	0.881613	1.100381	0.954423	1.002448	0.911892	0.912569	0.841180	0.892026	0.980173	0.975178	0.860251	1.024240	1.086936	1.144832	0.901492
wcaod-11	0.827757	0.965987	1.200774	1.122406	0.960635	0.936154	1.149841	0.979250	1.030568	0.906194	0.882580	0.871751	0.976734	1.082045	0.981528	0.884417	1.043003	1.116598	1.175217	0.931057
wcaod	0.032545	0.080837	0.042059	0.105051	0.052080	0.077747	0.154501	0.061311	0.036548	0.175294	0.050874	0.021897	0.085595	0.109810	0.074197	0.060590	0.097498	0.127997	0.078307	0.108159
wceod-00	0.625000	0.641026	0.797101	0.740741	0.676923	0.623188	0.758065	0.657143	0.759036	0.644737	0.717949	0.666667	0.626667	0.637681	0.644068	0.606061	0.622951	0.712329	0.814286	0.539683
wceod-01	0.650549	0.660297	0.823144	0.701717	0.659483	0.623608	0.648822	0.679204	0.734783	0.828694	0.639198	0.670282	0.631579	0.748869	0.702479	0.622989	0.731868	0.670833	0.748908	0.673640
wceod-10	0.670498	0.682731	0.818548	0.816733	0.699275	0.712598	0.806452	0.726950	0.767635	0.719665	0.732794	0.658228	0.672131	0.739130	0.735178	0.686792	0.777778	0.813230	0.824786	0.701068
wceod-11	0.638941	0.726970	0.829978	0.799852	0.719122	0.710826	0.802545	0.719113	0.746554	0.674944	0.670520	0.663166	0.707840	0.776920	0.712238	0.686627	0.759466	0.810929	0.820690	0.703044
wceod	0.045498	0.085944	0.032877	0.115016	0.059639	0.089410	0.157629	0.069807	0.032852	0.183957	0.093595	0.012054	0.081174	0.139239	0.091110	0.080732	0.154827	0.142396	0.075878	0.163361
