accuracy	0.755408	0.761551	0.756159	0.753225	0.759025	0.759503	0.761141	0.757115	0.754794	0.771583	0.752747	0.753907	0.767693	0.760322	0.753429	0.758616	0.765031	0.762574	0.755545	0.755408
recall	0.735134	0.745365	0.742248	0.738873	0.735495	0.742229	0.743079	0.742467	0.735237	0.747730	0.736954	0.732964	0.739986	0.736760	0.741970	0.743235	0.738600	0.747953	0.729356	0.739350
precision	0.689461	0.698580	0.696174	0.691649	0.692842	0.696039	0.698230	0.696729	0.694145	0.704659	0.691670	0.687013	0.699912	0.693834	0.693469	0.695715	0.699430	0.701913	0.689112	0.693265
f1score	0.700864	0.710424	0.707196	0.702531	0.704421	0.707693	0.709927	0.707873	0.704883	0.717360	0.702419	0.698338	0.712013	0.705566	0.704235	0.707287	0.711121	0.713626	0.700217	0.704398
mcc	0.422131	0.441473	0.435994	0.427925	0.426208	0.435827	0.439024	0.436807	0.427411	0.450334	0.426225	0.417456	0.438069	0.428449	0.432729	0.436369	0.436276	0.447504	0.416528	0.430154
spd0-0	0.256721	0.239428	0.263574	0.269642	0.266584	0.260752	0.267483	0.270924	0.258458	0.237614	0.268993	0.260779	0.242016	0.260594	0.261929	0.258232	0.245942	0.251079	0.257365	0.266667
spd0-1	0.377505	0.390681	0.389701	0.386784	0.363970	0.379268	0.374212	0.384145	0.382454	0.367418	0.385564	0.373995	0.360594	0.366093	0.397236	0.384976	0.365420	0.390149	0.366923	0.383157
spd0	0.120784	0.151253	0.126127	0.117142	0.097386	0.118516	0.106729	0.113221	0.123996	0.129804	0.116572	0.113216	0.118578	0.105500	0.135307	0.126744	0.119478	0.139070	0.109558	0.116490
aod0-0	0.867300	0.819477	0.873397	0.889704	0.888015	0.859223	0.888793	0.901527	0.875758	0.837239	0.858238	0.852139	0.821273	0.890766	0.868290	0.868794	0.852465	0.857115	0.862813	0.880361
aod0-1	0.940807	0.975033	0.965693	0.961798	0.915162	0.951538	0.939649	0.953765	0.940312	0.931925	0.956634	0.939533	0.913946	0.916564	0.982557	0.960561	0.911120	0.970233	0.910779	0.954601
aod0	0.036753	0.077778	0.046148	0.036047	0.013574	0.046157	0.025428	0.026119	0.032277	0.047343	0.049198	0.043697	0.046337	0.012899	0.057134	0.045883	0.029328	0.056559	0.023983	0.037120
eod0-0	0.657534	0.630237	0.658444	0.670932	0.671078	0.644788	0.671078	0.680077	0.670350	0.651934	0.633776	0.637571	0.629091	0.679061	0.655617	0.656687	0.655039	0.658228	0.653409	0.663586
eod0-1	0.703603	0.730014	0.725083	0.718824	0.693995	0.720376	0.714810	0.719842	0.701303	0.711610	0.719071	0.703755	0.697761	0.694015	0.731675	0.723468	0.692815	0.730846	0.683506	0.716639
eod0	0.046069	0.099777	0.066638	0.047892	0.022917	0.075588	0.043732	0.039765	0.030953	0.059677	0.085295	0.066184	0.068670	0.014954	0.076058	0.066782	0.037776	0.072618	0.030097	0.053053
spd1-0	0.269175	0.261274	0.266121	0.267447	0.247851	0.264178	0.255814	0.272128	0.259527	0.245266	0.268384	0.269105	0.243584	0.252354	0.275177	0.268236	0.249035	0.270296	0.242733	0.273484
spd1-1	0.348569	0.354583	0.361909	0.361639	0.345808	0.353195	0.353101	0.359406	0.355803	0.338245	0.360441	0.348243	0.334932	0.344241	0.365130	0.356210	0.338367	0.356493	0.344745	0.356948
spd1	0.079394	0.093309	0.095787	0.094192	0.097957	0.089017	0.097287	0.087278	0.096276	0.092979	0.092057	0.079138	0.091348	0.091887	0.089953	0.087974	0.089333	0.086197	0.102013	0.083464
aod1-0	0.891659	0.882872	0.875343	0.896645	0.834623	0.895566	0.881857	0.895329	0.873404	0.866521	0.907293	0.889223	0.844879	0.848388	0.935060	0.901002	0.859975	0.886610	0.850688	0.886137
aod1-1	0.929487	0.947484	0.956453	0.954235	0.922403	0.941502	0.939199	0.951846	0.931935	0.917209	0.946269	0.927108	0.902613	0.920099	0.961914	0.949124	0.904915	0.951815	0.908869	0.946973
aod1	0.018914	0.032306	0.040555	0.028795	0.043890	0.022968	0.028671	0.028258	0.029265	0.025344	0.019488	0.018943	0.028867	0.035855	0.013427	0.024061	0.022470	0.032602	0.029091	0.030418
eod1-0	0.700315	0.700306	0.684543	0.710843	0.668622	0.712074	0.703226	0.710227	0.694444	0.698413	0.720000	0.689769	0.677116	0.670807	0.740385	0.712991	0.692547	0.693939	0.684211	0.691860
eod1-1	0.696429	0.715816	0.718210	0.711405	0.692893	0.708885	0.708735	0.714419	0.696868	0.702686	0.705005	0.693956	0.687952	0.693961	0.717941	0.713969	0.686803	0.722171	0.678494	0.710277
eod1	0.003887	0.015510	0.033667	0.000562	0.024272	0.003190	0.005509	0.004192	0.002424	0.004273	0.014995	0.004187	0.010836	0.023154	0.022444	0.000978	0.005744	0.028231	0.005717	0.018417
wcspd-00	0.215148	0.195652	0.230934	0.211900	0.188453	0.218317	0.198913	0.227468	0.206967	0.188912	0.221443	0.218415	0.199153	0.204211	0.202775	0.207627	0.174455	0.210359	0.198529	0.208111
wcspd-01	0.266280	0.250389	0.271414	0.283811	0.284876	0.271038	0.283662	0.281290	0.271742	0.249871	0.281331	0.270951	0.252450	0.274206	0.275976	0.270528	0.263576	0.260903	0.271596	0.280706
wcspd-10	0.311532	0.314768	0.294682	0.312659	0.294218	0.300765	0.299916	0.307047	0.306290	0.291352	0.309587	0.308590	0.278565	0.291312	0.332767	0.315057	0.313796	0.318143	0.280576	0.323529
wcspd-11	0.386401	0.401087	0.402230	0.396912	0.373466	0.389934	0.384411	0.394804	0.391952	0.377930	0.395526	0.383082	0.371988	0.376309	0.406075	0.394908	0.372018	0.400070	0.378019	0.391659
wcspd	0.171252	0.205435	0.171296	0.185012	0.185013	0.171617	0.185498	0.167336	0.184985	0.189018	0.174083	0.164667	0.172835	0.172099	0.203301	0.187281	0.197563	0.189710	0.179490	0.183548
wcaod-00	0.846679	0.762474	0.916053	0.858975	0.813942	0.876112	0.871682	0.889095	0.838193	0.807115	0.909030	0.823000	0.764557	0.741154	0.864619	0.853800	0.736505	0.817948	0.779819	0.782808
wcaod-01	0.872712	0.831749	0.869361	0.899203	0.905275	0.860037	0.897596	0.906514	0.886237	0.845792	0.853900	0.859383	0.832920	0.917560	0.874397	0.875192	0.874522	0.865590	0.879918	0.897787
wcaod-10	0.905261	0.934984	0.863598	0.920155	0.849179	0.902884	0.895436	0.894085	0.896338	0.897221	0.913228	0.915660	0.871500	0.878758	0.969367	0.923472	0.906334	0.918301	0.872554	0.919591
wcaod-11	0.946485	0.981403	0.977959	0.968219	0.923992	0.958861	0.945778	0.962645	0.946616	0.937483	0.963025	0.943448	0.921001	0.922850	0.985883	0.966420	0.912979	0.976992	0.917851	0.959934
wcaod	0.049903	0.109464	0.057180	0.054622	0.055025	0.049412	0.037048	0.036775	0.054212	0.065184	0.054562	0.060224	0.078222	0.090848	0.060632	0.056310	0.088237	0.079522	0.069016	0.088563
wceod-00	0.660714	0.602564	0.724638	0.691358	0.661538	0.695652	0.709677	0.700000	0.674699	0.657895	0.730769	0.636364	0.600000	0.565217	0.694915	0.681818	0.590164	0.643836	0.614286	0.603175
wceod-01	0.657143	0.634820	0.648472	0.667382	0.672414	0.636971	0.665953	0.676991	0.669565	0.650964	0.616927	0.637744	0.633684	0.696833	0.650826	0.652874	0.663736	0.660417	0.659389	0.671548
wceod-10	0.708812	0.730924	0.673387	0.717131	0.670290	0.716535	0.701613	0.712766	0.701245	0.711297	0.716599	0.704641	0.700820	0.699605	0.750988	0.720755	0.716475	0.708171	0.705128	0.711744
wceod-11	0.703096	0.729930	0.729691	0.718981	0.696429	0.720734	0.716000	0.720567	0.701308	0.711638	0.719292	0.703676	0.697485	0.693495	0.729879	0.723733	0.690588	0.732969	0.681670	0.717149
wceod	0.051669	0.128360	0.081219	0.051599	0.034890	0.083763	0.050047	0.043576	0.031743	0.060675	0.113843	0.068278	0.100820	0.134387	0.100162	0.070859	0.126311	0.089133	0.090842	0.113975
