accuracy	0.852009	0.848182	0.850521	0.856900	0.861152	0.853923	0.855837	0.849245	0.850308	0.857112	0.859451	0.847119	0.860302	0.854774	0.845843	0.869870	0.853073	0.857112	0.850096	0.857750
recall	0.608463	0.588623	0.632992	0.614372	0.676470	0.662275	0.656448	0.640035	0.633884	0.667871	0.625144	0.615323	0.667368	0.639367	0.646318	0.645284	0.627407	0.601515	0.624602	0.643054
precision	0.764818	0.794667	0.767226	0.775567	0.771712	0.748093	0.756776	0.759433	0.743324	0.760348	0.763568	0.749897	0.762246	0.771305	0.747850	0.785668	0.786211	0.767349	0.755792	0.759631
f1score	0.635393	0.609445	0.663049	0.643695	0.706861	0.689573	0.685958	0.669570	0.661844	0.696949	0.655673	0.641970	0.697128	0.670750	0.674115	0.680429	0.658483	0.627956	0.653116	0.673727
mcc	0.338957	0.323199	0.377036	0.355061	0.437945	0.401294	0.400859	0.381208	0.360983	0.418115	0.363231	0.339523	0.419007	0.388900	0.380867	0.407445	0.381917	0.329484	0.357056	0.385442
spd0-0	0.053661	0.034265	0.062500	0.053074	0.083295	0.076503	0.079301	0.062022	0.067524	0.081118	0.056646	0.059032	0.082843	0.067646	0.080289	0.056210	0.054067	0.043123	0.058716	0.068402
spd0-1	0.067492	0.054728	0.092376	0.068387	0.119936	0.125648	0.108863	0.107345	0.098971	0.120370	0.080455	0.081633	0.112670	0.090798	0.109413	0.087305	0.082316	0.064000	0.088783	0.096840
spd0	0.013831	0.020463	0.029876	0.015313	0.036641	0.049145	0.029562	0.045322	0.031447	0.039253	0.023809	0.022600	0.029827	0.023152	0.029124	0.031094	0.028249	0.020877	0.030068	0.028438
aod0-0	0.295884	0.198098	0.313007	0.284740	0.429555	0.403940	0.397849	0.332977	0.335334	0.418224	0.320227	0.320729	0.429787	0.356782	0.399473	0.362749	0.282533	0.236278	0.303513	0.387869
aod0-1	0.251210	0.211158	0.337393	0.269577	0.444088	0.434017	0.396659	0.367595	0.354276	0.430069	0.302731	0.280816	0.416307	0.335091	0.371628	0.338557	0.314515	0.251893	0.320329	0.344821
aod0	0.022337	0.006530	0.012193	0.007581	0.007266	0.015038	0.000595	0.017309	0.009471	0.005922	0.008748	0.019956	0.006740	0.010845	0.013923	0.012096	0.015991	0.007807	0.008408	0.021524
eod0-0	0.273063	0.185714	0.282143	0.261484	0.392226	0.369565	0.358423	0.305755	0.302158	0.378676	0.295455	0.295374	0.390511	0.330033	0.361111	0.340426	0.258182	0.216216	0.275735	0.357414
eod0-1	0.225000	0.194757	0.305302	0.246465	0.396947	0.373563	0.352601	0.321881	0.309478	0.380863	0.270161	0.243856	0.370370	0.298625	0.323049	0.306931	0.289855	0.228916	0.284112	0.303675
eod0	0.048063	0.009042	0.023159	0.015019	0.004720	0.003998	0.005822	0.016125	0.007319	0.002187	0.025293	0.051517	0.020141	0.031408	0.038062	0.033495	0.031673	0.012699	0.008377	0.053739
spd1-0	0.056617	0.037673	0.075472	0.055848	0.083930	0.088995	0.081427	0.072416	0.075941	0.084377	0.066360	0.058311	0.085522	0.067649	0.070802	0.050649	0.061995	0.047431	0.067416	0.068197
spd1-1	0.063021	0.048589	0.079528	0.063502	0.112129	0.108945	0.101026	0.092337	0.088336	0.110169	0.070418	0.076612	0.104723	0.085358	0.107143	0.083465	0.072693	0.057457	0.078370	0.090006
spd1	0.006405	0.010916	0.004056	0.007654	0.028199	0.019950	0.019599	0.019921	0.012395	0.025792	0.004058	0.018301	0.019202	0.017709	0.036340	0.032816	0.010699	0.010026	0.010954	0.021809
aod1-0	0.283576	0.229016	0.394513	0.283688	0.423237	0.425115	0.409692	0.373414	0.374276	0.428631	0.336171	0.293317	0.442338	0.336204	0.320871	0.282479	0.319118	0.272208	0.312563	0.384148
aod1-1	0.259999	0.199595	0.308886	0.271840	0.442063	0.418720	0.392698	0.347346	0.337516	0.424071	0.297029	0.293298	0.413559	0.343794	0.398292	0.365501	0.298746	0.238258	0.313399	0.350991
aod1	0.011788	0.014711	0.042813	0.005924	0.009413	0.003197	0.008497	0.013034	0.018380	0.002280	0.019571	0.000009	0.014389	0.003795	0.038710	0.041511	0.010186	0.016975	0.000418	0.016579
eod1-0	0.259804	0.216931	0.361257	0.258706	0.380952	0.381910	0.370370	0.340206	0.335135	0.388601	0.307317	0.265625	0.405128	0.304569	0.282051	0.259669	0.294118	0.252747	0.278846	0.354286
eod1-1	0.235094	0.184000	0.278302	0.249567	0.399676	0.368948	0.349754	0.309262	0.298361	0.377451	0.268468	0.260518	0.368243	0.312195	0.352484	0.336315	0.274478	0.215652	0.282137	0.312397
eod1	0.024710	0.032931	0.082955	0.009140	0.018724	0.012961	0.020617	0.030944	0.036774	0.011150	0.038849	0.005107	0.036885	0.007627	0.070433	0.076646	0.019639	0.037095	0.003291	0.041889
wcspd-00	0.044798	0.026239	0.060993	0.045780	0.062865	0.062315	0.074963	0.050000	0.060278	0.068627	0.047619	0.041547	0.063893	0.048921	0.056115	0.043601	0.051829	0.033566	0.048673	0.048780
wcspd-01	0.057731	0.037859	0.063199	0.056338	0.092605	0.082786	0.081150	0.067541	0.070588	0.087043	0.060684	0.066881	0.091146	0.076031	0.091327	0.062207	0.055040	0.047715	0.063249	0.077119
wcspd-10	0.067183	0.047158	0.088575	0.064399	0.100821	0.111529	0.086691	0.091575	0.087990	0.098381	0.082027	0.073048	0.103448	0.083960	0.083756	0.056695	0.070048	0.059776	0.082635	0.085459
wcspd-11	0.067630	0.058504	0.094118	0.070414	0.129730	0.132241	0.119855	0.115130	0.104451	0.130874	0.079657	0.085749	0.117122	0.094089	0.121319	0.102518	0.088252	0.065999	0.091825	0.102238
wcspd	0.022832	0.032265	0.033125	0.024634	0.066864	0.069927	0.044892	0.065130	0.044173	0.062247	0.034407	0.044202	0.053229	0.045168	0.065204	0.058917	0.036423	0.032432	0.043152	0.053458
wcaod-00	0.272782	0.200107	0.354435	0.264524	0.403122	0.416098	0.449462	0.345124	0.343748	0.444272	0.361238	0.341998	0.430632	0.324817	0.335960	0.345963	0.326104	0.237769	0.273256	0.416413
wcaod-01	0.305021	0.198020	0.298216	0.292611	0.438034	0.401102	0.381011	0.330195	0.332873	0.410691	0.308169	0.317075	0.431196	0.367942	0.424151	0.368912	0.267433	0.236690	0.315576	0.382939
wcaod-10	0.291473	0.244424	0.420869	0.296864	0.436791	0.436803	0.387395	0.392315	0.394658	0.423198	0.330024	0.277365	0.452867	0.347091	0.314951	0.254554	0.316614	0.294275	0.338129	0.375340
wcaod-11	0.237668	0.201424	0.313642	0.259295	0.445456	0.433193	0.399728	0.360643	0.342155	0.432628	0.290946	0.281207	0.403961	0.329842	0.386132	0.366675	0.312939	0.238780	0.313082	0.335801
wcaod	0.033676	0.023202	0.061326	0.018784	0.021167	0.017851	0.034225	0.031060	0.030893	0.016791	0.035146	0.032316	0.024453	0.021563	0.054600	0.057179	0.029335	0.028792	0.032436	0.040306
wceod-00	0.253333	0.190476	0.324324	0.243590	0.370968	0.391304	0.414286	0.323077	0.314286	0.411765	0.343750	0.327869	0.405797	0.305556	0.311688	0.327586	0.305556	0.223881	0.250000	0.396226
wceod-01	0.280612	0.184332	0.266990	0.268293	0.398190	0.362319	0.339713	0.300469	0.298077	0.367647	0.280000	0.286364	0.385366	0.337662	0.379147	0.344633	0.241379	0.213542	0.285714	0.347619
wceod-10	0.263566	0.230159	0.384615	0.268293	0.385827	0.376923	0.344538	0.348837	0.347826	0.376000	0.290780	0.236641	0.404762	0.304000	0.262712	0.227642	0.287879	0.269565	0.295455	0.336066
wceod-11	0.212276	0.183824	0.283721	0.239247	0.400504	0.372449	0.355000	0.313679	0.298507	0.382353	0.261972	0.246231	0.359173	0.296875	0.339492	0.332461	0.290476	0.216710	0.280397	0.293671
wceod	0.068336	0.046335	0.117625	0.029045	0.029536	0.028986	0.074573	0.048368	0.049749	0.044118	0.081778	0.091228	0.046624	0.040787	0.116435	0.116990	0.064176	0.056024	0.045455	0.102556
