accuracy	0.782692	0.791410	0.793961	0.789921	0.797151	0.787157	0.773124	0.791410	0.781416	0.790984	0.797789	0.787157	0.775675	0.793961	0.784606	0.800553	0.794599	0.791622	0.786094	0.798852
recall	0.735233	0.737398	0.740406	0.736044	0.737072	0.730250	0.725787	0.734863	0.729701	0.750205	0.742386	0.730648	0.731786	0.749281	0.729887	0.740432	0.747927	0.737572	0.729416	0.737170
precision	0.666052	0.675650	0.680395	0.668734	0.678397	0.667875	0.658073	0.677279	0.663766	0.678668	0.673269	0.669814	0.660263	0.681278	0.672140	0.671165	0.683469	0.667096	0.668235	0.675366
f1score	0.683703	0.693728	0.698535	0.687209	0.696650	0.685481	0.674144	0.694802	0.680961	0.697754	0.692961	0.687263	0.676937	0.700417	0.688955	0.691160	0.702269	0.686075	0.685590	0.694229
mcc	0.395276	0.408406	0.416501	0.399142	0.411305	0.393208	0.377841	0.408099	0.387903	0.422865	0.409868	0.395814	0.385470	0.425155	0.397858	0.405726	0.426554	0.398483	0.392916	0.407880
spd0-0	0.237381	0.225879	0.216727	0.221141	0.216934	0.210383	0.233423	0.203146	0.222784	0.222172	0.214541	0.212162	0.239475	0.230975	0.224628	0.201269	0.219039	0.231049	0.221101	0.207855
spd0-1	0.303115	0.294567	0.301735	0.298935	0.283956	0.306741	0.320518	0.312349	0.310372	0.319243	0.290126	0.308980	0.315557	0.302932	0.304907	0.288346	0.308389	0.284000	0.299247	0.287649
spd0	0.065734	0.068688	0.085008	0.077794	0.067022	0.096359	0.087095	0.109203	0.087588	0.097071	0.075585	0.096818	0.076082	0.071957	0.080280	0.087077	0.089350	0.052951	0.078146	0.079793
aod0-0	0.851107	0.835991	0.792093	0.791766	0.805656	0.789742	0.844342	0.774850	0.814234	0.806711	0.847121	0.782530	0.827898	0.854806	0.825298	0.798705	0.788434	0.850833	0.826350	0.813178
aod0-1	0.867874	0.843067	0.866827	0.875124	0.831292	0.863226	0.878176	0.868637	0.872900	0.923268	0.842656	0.866646	0.898523	0.878377	0.844763	0.849248	0.899074	0.840393	0.840168	0.828700
aod0	0.008384	0.003538	0.037367	0.041679	0.012818	0.036742	0.016917	0.046894	0.029333	0.058279	0.002233	0.042058	0.035313	0.011786	0.009733	0.025272	0.055320	0.005220	0.006909	0.007761
eod0-0	0.675277	0.675000	0.635714	0.628975	0.653710	0.641304	0.673835	0.633094	0.654676	0.643382	0.696970	0.629893	0.645985	0.696370	0.666667	0.651064	0.629091	0.679537	0.669118	0.665399
eod0-1	0.657692	0.644195	0.669104	0.670707	0.641221	0.645594	0.643545	0.654611	0.649903	0.711069	0.641129	0.652174	0.676413	0.671906	0.633394	0.653465	0.699275	0.646586	0.629907	0.634429
eod0	0.017584	0.030805	0.033390	0.041732	0.012489	0.004290	0.030290	0.021518	0.004773	0.067687	0.055841	0.022281	0.030428	0.024464	0.033273	0.002402	0.070184	0.032950	0.039211	0.030970
spd1-0	0.235334	0.214144	0.217655	0.227989	0.217306	0.218071	0.244953	0.214615	0.247312	0.216875	0.223390	0.220509	0.244444	0.224380	0.205664	0.198052	0.227089	0.215415	0.235294	0.210668
spd1-1	0.289157	0.284953	0.281765	0.277586	0.270057	0.281647	0.294995	0.282663	0.280249	0.300377	0.268783	0.282155	0.296147	0.289097	0.295342	0.271578	0.285803	0.280063	0.276176	0.266915
spd1	0.053822	0.070809	0.064110	0.049596	0.052750	0.063576	0.050042	0.068048	0.032937	0.083501	0.045393	0.061646	0.051702	0.064716	0.089677	0.073526	0.058714	0.064648	0.040881	0.056246
aod1-0	0.778852	0.779928	0.762960	0.794163	0.739084	0.743951	0.795927	0.774028	0.866806	0.810599	0.789481	0.754696	0.808110	0.792250	0.676334	0.727278	0.807215	0.838011	0.773932	0.763448
aod1-1	0.886348	0.856593	0.859584	0.857140	0.841754	0.858970	0.877389	0.845443	0.838016	0.903618	0.855621	0.853482	0.890187	0.889854	0.881599	0.860923	0.875301	0.847546	0.847005	0.833118
aod1	0.053748	0.038332	0.048312	0.031488	0.051335	0.057509	0.040731	0.035707	0.014395	0.046509	0.033070	0.049393	0.041039	0.048802	0.102633	0.066823	0.034043	0.004768	0.036537	0.034835
eod1-0	0.602941	0.624339	0.602094	0.626866	0.571429	0.582915	0.603175	0.618557	0.681081	0.658031	0.629268	0.588542	0.620513	0.629442	0.517949	0.580110	0.647059	0.686813	0.596154	0.605714
eod1-1	0.684838	0.664000	0.674528	0.665511	0.668285	0.664441	0.669951	0.656201	0.642623	0.697712	0.672072	0.661812	0.680743	0.697561	0.683230	0.676208	0.685393	0.648696	0.659432	0.656198
eod1	0.081897	0.039661	0.072434	0.038646	0.096856	0.081526	0.066776	0.037644	0.038458	0.039681	0.042804	0.073271	0.060230	0.068119	0.165281	0.096097	0.038334	0.038118	0.063279	0.050484
wcspd-00	0.205202	0.166181	0.175887	0.188841	0.179825	0.158754	0.224888	0.158571	0.194745	0.168067	0.180375	0.159026	0.199108	0.182734	0.164029	0.158931	0.189024	0.188811	0.181416	0.160689
wcspd-01	0.252157	0.252611	0.235681	0.235595	0.233844	0.233246	0.237061	0.223607	0.234641	0.247841	0.229826	0.236013	0.257161	0.252577	0.252300	0.221405	0.232095	0.251344	0.239015	0.228808
wcspd-10	0.262274	0.253930	0.255456	0.261239	0.247362	0.268170	0.261294	0.262515	0.287753	0.260274	0.259349	0.274559	0.282020	0.260652	0.242386	0.231604	0.257246	0.239103	0.279042	0.255102
wcspd-11	0.321387	0.314837	0.322941	0.318098	0.302703	0.324751	0.349879	0.336950	0.321662	0.347412	0.305760	0.325483	0.331748	0.323281	0.333922	0.316547	0.333139	0.305245	0.309242	0.303085
wcspd	0.116185	0.148656	0.147055	0.129256	0.122878	0.165998	0.124991	0.178379	0.126917	0.179345	0.125385	0.166457	0.132639	0.140547	0.169893	0.157616	0.144114	0.116433	0.127826	0.142397
wcaod-00	0.780637	0.767969	0.697520	0.773071	0.705995	0.664774	0.843958	0.713386	0.808344	0.777864	0.858381	0.678256	0.748176	0.768905	0.684697	0.707187	0.772451	0.823913	0.744667	0.814573
wcaod-01	0.879995	0.863777	0.829273	0.801251	0.835764	0.835756	0.844258	0.798680	0.818479	0.824034	0.847342	0.817790	0.858005	0.886125	0.881437	0.833166	0.796497	0.865355	0.860292	0.819762
wcaod-10	0.786047	0.800840	0.814264	0.816458	0.764886	0.803593	0.773025	0.822110	0.911474	0.843316	0.774874	0.812707	0.852122	0.817165	0.683051	0.748624	0.833986	0.851201	0.805239	0.763459
wcaod-11	0.896886	0.858412	0.882970	0.895871	0.852532	0.885468	0.915903	0.887837	0.861439	0.953393	0.870740	0.885353	0.914633	0.901001	0.891756	0.887186	0.923426	0.843749	0.849052	0.848065
wcaod	0.058124	0.047904	0.092725	0.061400	0.073268	0.110347	0.071439	0.087226	0.051565	0.087765	0.047933	0.103548	0.083228	0.066048	0.104353	0.090000	0.075488	0.020721	0.057812	0.042303
wceod-00	0.626667	0.650794	0.567568	0.641026	0.564516	0.550725	0.671429	0.600000	0.671429	0.661765	0.734375	0.557377	0.594203	0.638889	0.571429	0.586207	0.638889	0.686567	0.618421	0.698113
wceod-01	0.693878	0.682028	0.660194	0.624390	0.678733	0.671498	0.674641	0.643192	0.649038	0.637255	0.685000	0.650000	0.663415	0.714286	0.701422	0.672316	0.625616	0.677083	0.688776	0.657143
wceod-10	0.589147	0.611111	0.623932	0.617886	0.574803	0.600000	0.563025	0.627907	0.686957	0.656000	0.581560	0.603053	0.634921	0.624000	0.483051	0.577236	0.651515	0.686957	0.583333	0.565574
wceod-11	0.680307	0.654412	0.681395	0.688172	0.662469	0.660714	0.667500	0.662736	0.639303	0.727941	0.664789	0.668342	0.689922	0.687500	0.674365	0.678010	0.714286	0.634465	0.645161	0.655696
wceod	0.104730	0.070917	0.113828	0.070286	0.114217	0.120773	0.111616	0.062736	0.047653	0.090686	0.152815	0.110965	0.095720	0.090286	0.218371	0.100775	0.088670	0.052492	0.105442	0.132539
