accuracy	0.789668	0.736846	0.728861	0.691121	0.743602	0.765645	0.708865	0.757524	0.738757	0.794718	0.763188	0.762438	0.757046	0.776292	0.742851	0.718556	0.785505	0.735617	0.795264	0.799836
recall	0.745726	0.752356	0.748004	0.743219	0.754773	0.761870	0.753097	0.761561	0.756899	0.746776	0.745378	0.753514	0.765470	0.752566	0.757771	0.755191	0.747703	0.765718	0.728058	0.751159
precision	0.716305	0.691535	0.688516	0.677597	0.694788	0.707566	0.686606	0.705494	0.697959	0.722096	0.700783	0.700215	0.705325	0.709598	0.696816	0.688205	0.716956	0.700216	0.720598	0.729340
f1score	0.727588	0.696874	0.691588	0.663257	0.702016	0.719542	0.678948	0.715564	0.702796	0.732127	0.712613	0.712280	0.715056	0.722632	0.703248	0.685149	0.728333	0.702039	0.724122	0.738513
mcc	0.461093	0.439705	0.432448	0.415668	0.445542	0.466284	0.434646	0.463677	0.451023	0.468222	0.443926	0.450588	0.466937	0.460162	0.450481	0.438306	0.463640	0.461307	0.448593	0.480002
spd0-0	0.194541	0.279851	0.320366	0.383793	0.259764	0.245585	0.311475	0.231659	0.257197	0.215111	0.284682	0.217662	0.233928	0.216377	0.247594	0.376268	0.220670	0.252928	0.197422	0.174613
spd0-1	0.333027	0.455896	0.453179	0.517414	0.451294	0.409858	0.523897	0.443041	0.476956	0.310735	0.365481	0.412555	0.447767	0.375307	0.468168	0.465696	0.337932	0.505620	0.279570	0.325754
spd0	0.138485	0.176045	0.132813	0.133621	0.191530	0.164273	0.212421	0.211381	0.219759	0.095624	0.080799	0.194893	0.213839	0.158930	0.220574	0.089428	0.117262	0.252692	0.082148	0.151141
aod0-0	0.759828	0.895255	1.007066	1.130073	0.877042	0.842227	0.984614	0.827201	0.904819	0.800633	0.915824	0.778761	0.835905	0.803360	0.848938	1.127571	0.807114	0.881273	0.749003	0.708861
aod0-1	0.858600	1.110391	1.095336	1.224106	1.097882	1.025608	1.235694	1.078168	1.136103	0.820602	0.926162	1.026869	1.099737	0.944180	1.129157	1.136120	0.864747	1.203284	0.737400	0.846207
aod0	0.049386	0.107568	0.044135	0.047016	0.110420	0.091691	0.125540	0.125483	0.115642	0.009985	0.005169	0.124054	0.131916	0.070410	0.140109	0.004274	0.028816	0.161006	0.005801	0.068673
eod0-0	0.614481	0.664845	0.738140	0.798903	0.667297	0.644788	0.724008	0.645594	0.705341	0.639042	0.679317	0.609108	0.656364	0.636008	0.651934	0.800399	0.635659	0.683544	0.600379	0.585952
eod0-1	0.670972	0.803862	0.793399	0.851301	0.795547	0.773750	0.858572	0.790705	0.808143	0.658495	0.716418	0.759904	0.804953	0.719570	0.811029	0.829260	0.680949	0.850100	0.598528	0.670588
eod0	0.056491	0.139017	0.055259	0.052398	0.128250	0.128962	0.134565	0.145111	0.102803	0.019453	0.037101	0.150795	0.148589	0.083562	0.159095	0.028861	0.045290	0.166556	0.001851	0.084636
spd1-0	0.221418	0.334728	0.317613	0.326464	0.303725	0.254726	0.357380	0.346516	0.340087	0.226790	0.295082	0.224098	0.261783	0.235405	0.327660	0.331948	0.275579	0.291882	0.233043	0.188339
spd1-1	0.297774	0.408815	0.424811	0.498083	0.402102	0.372976	0.470269	0.377764	0.416375	0.288197	0.346221	0.369569	0.397202	0.337058	0.405966	0.454312	0.302838	0.443779	0.255302	0.290906
spd1	0.076356	0.074087	0.107198	0.171619	0.098377	0.118250	0.112889	0.031248	0.076288	0.061407	0.051139	0.145471	0.135420	0.101653	0.078306	0.122364	0.027258	0.151897	0.022260	0.102567
aod1-0	0.783579	0.989573	0.946451	0.971443	0.910814	0.843799	1.089032	1.016366	1.051871	0.813290	0.958980	0.800963	0.853328	0.823309	0.986022	1.033159	0.871130	0.941852	0.787620	0.685893
aod1-1	0.840952	1.067767	1.090560	1.232724	1.059792	1.004435	1.183530	1.014002	1.075623	0.818658	0.928758	0.989880	1.055783	0.922215	1.065531	1.156916	0.849414	1.142285	0.734971	0.829963
aod1	0.028686	0.039097	0.072054	0.130640	0.074489	0.080318	0.047249	0.001182	0.011876	0.002684	0.015111	0.094459	0.101227	0.049453	0.039754	0.061879	0.010858	0.100216	0.026325	0.072035
eod1-0	0.637224	0.724771	0.697161	0.716867	0.680352	0.662539	0.809677	0.750000	0.796296	0.660317	0.744615	0.646865	0.661442	0.664596	0.727564	0.782477	0.667702	0.730303	0.621711	0.569767
eod1-1	0.665179	0.787965	0.793827	0.856333	0.786485	0.764020	0.841156	0.771536	0.792338	0.654976	0.707491	0.745443	0.793646	0.711666	0.792200	0.829585	0.675031	0.833798	0.596639	0.667087
eod1	0.027955	0.063194	0.096666	0.139465	0.106133	0.101481	0.031479	0.021536	0.003958	0.005341	0.037124	0.098578	0.132204	0.047070	0.064636	0.047108	0.007329	0.103495	0.025072	0.097320
wcspd-00	0.143798	0.286749	0.308271	0.300626	0.300654	0.251331	0.246739	0.256438	0.250000	0.177618	0.265531	0.110278	0.132415	0.152632	0.295624	0.284958	0.259605	0.153277	0.221639	0.113127
wcspd-01	0.206209	0.278123	0.323271	0.404201	0.250191	0.244192	0.326750	0.225749	0.259054	0.224548	0.289652	0.243445	0.258638	0.231766	0.236189	0.398456	0.211066	0.276970	0.191565	0.189355
wcspd-10	0.282272	0.373840	0.325196	0.347494	0.306122	0.257434	0.443134	0.416946	0.420237	0.267003	0.321020	0.312761	0.363636	0.302385	0.353141	0.368249	0.289450	0.402532	0.242806	0.245915
wcspd-11	0.339870	0.467145	0.470054	0.540632	0.471058	0.430567	0.534983	0.446648	0.484029	0.316779	0.371310	0.426419	0.459453	0.385269	0.483939	0.479540	0.344128	0.519823	0.284294	0.337139
wcspd	0.196072	0.189021	0.161783	0.240005	0.220867	0.186375	0.288244	0.220899	0.234029	0.139161	0.105779	0.316141	0.327038	0.232637	0.247750	0.194582	0.133063	0.366546	0.092729	0.224012
wcaod-00	0.520343	0.849879	0.986247	0.899869	0.948904	0.845027	0.893037	0.828538	0.918010	0.746689	0.898188	0.496649	0.545869	0.592031	0.868847	0.922931	0.873269	0.580348	0.752154	0.504232
wcaod-01	0.791459	0.899898	1.009473	1.175039	0.860336	0.839348	1.002046	0.822554	0.901760	0.811451	0.919371	0.828179	0.888881	0.840107	0.836156	1.165907	0.790282	0.934094	0.743847	0.739690
wcaod-10	0.853917	1.036299	0.917130	0.984761	0.872271	0.816240	1.180335	1.089432	1.131801	0.841690	0.965860	0.927217	0.999665	0.907207	1.001055	1.056880	0.845320	1.099209	0.777700	0.743901
wcaod-11	0.860327	1.119657	1.116142	1.254820	1.126451	1.051897	1.243415	1.076240	1.137745	0.818607	0.923426	1.039552	1.110512	0.949965	1.145974	1.147843	0.867209	1.217133	0.734118	0.858925
wcaod	0.169992	0.134889	0.099506	0.177475	0.133057	0.117828	0.175189	0.133439	0.117992	0.047501	0.033836	0.271452	0.282322	0.178967	0.154909	0.121488	0.041493	0.318393	0.021791	0.177347
wceod-00	0.392857	0.589744	0.710145	0.629630	0.676923	0.623188	0.677419	0.600000	0.710843	0.605263	0.666667	0.409091	0.440000	0.463768	0.593220	0.666667	0.639344	0.452055	0.557143	0.412698
wceod-01	0.641758	0.677282	0.742358	0.828326	0.665948	0.648107	0.730193	0.652655	0.704348	0.644540	0.681514	0.637744	0.690526	0.662896	0.659091	0.820690	0.635165	0.718750	0.606987	0.608787
wceod-10	0.689655	0.767068	0.693548	0.745020	0.681159	0.673228	0.842742	0.787234	0.825726	0.677824	0.769231	0.713080	0.729508	0.719368	0.758893	0.811321	0.674330	0.809339	0.641026	0.604982
wceod-11	0.669153	0.807251	0.802301	0.861152	0.807292	0.783119	0.860000	0.791061	0.806645	0.656783	0.711705	0.764066	0.811760	0.719588	0.815877	0.831007	0.681572	0.853916	0.594918	0.677431
wceod	0.296798	0.217508	0.108752	0.231523	0.141343	0.159931	0.182581	0.191061	0.121378	0.072561	0.102564	0.354975	0.371760	0.255820	0.222656	0.164340	0.046407	0.401861	0.083883	0.264733
