accuracy	0.817556	0.809667	0.816000	0.822444	0.812889	0.810333	0.806000	0.812556	0.814556	0.811111	0.811778	0.810556	0.811889	0.814889	0.807222	0.814000	0.815667	0.811333	0.808889	0.817111
recall	0.656241	0.648357	0.659378	0.656178	0.654503	0.653067	0.645754	0.651199	0.656906	0.653281	0.653207	0.659075	0.653008	0.651848	0.653080	0.655301	0.658946	0.651814	0.658597	0.658015
precision	0.737399	0.730932	0.743040	0.745775	0.744240	0.738723	0.727610	0.733927	0.742330	0.728503	0.738763	0.735833	0.736825	0.743348	0.736785	0.739959	0.743963	0.729337	0.741583	0.734350
f1score	0.679076	0.670006	0.682496	0.680570	0.677608	0.675374	0.666729	0.673374	0.679924	0.674545	0.675694	0.680737	0.675321	0.675218	0.674809	0.678083	0.682158	0.673304	0.680740	0.680260
mcc	0.385183	0.370192	0.393625	0.391840	0.388514	0.382311	0.364280	0.376136	0.389990	0.374300	0.382518	0.387376	0.380716	0.384458	0.380774	0.386087	0.393837	0.373184	0.391480	0.384868
spd0-0	0.121563	0.117734	0.117994	0.114040	0.121026	0.116163	0.120614	0.115314	0.121942	0.117472	0.116240	0.129230	0.117298	0.112241	0.124004	0.116886	0.123063	0.120804	0.124931	0.118863
spd0-1	0.137097	0.141695	0.148210	0.131750	0.134769	0.147881	0.140023	0.145189	0.138928	0.154798	0.145245	0.147432	0.145072	0.138363	0.143689	0.145282	0.139106	0.145053	0.150522	0.149079
spd0	0.015534	0.023961	0.030216	0.017710	0.013743	0.031719	0.019409	0.029875	0.016986	0.037326	0.029005	0.018202	0.027774	0.026122	0.019686	0.028397	0.016043	0.024249	0.025591	0.030216
aod0-0	0.431733	0.409746	0.426848	0.417622	0.416348	0.402614	0.414321	0.412035	0.419019	0.411517	0.400572	0.436901	0.414174	0.400009	0.420794	0.417061	0.445679	0.417546	0.425014	0.414414
aod0-1	0.435580	0.432939	0.454211	0.427308	0.431748	0.455544	0.421232	0.441294	0.448065	0.472343	0.457597	0.462019	0.444022	0.434829	0.441149	0.446425	0.424217	0.451207	0.462847	0.479571
aod0	0.001924	0.011596	0.013682	0.004843	0.007700	0.026465	0.003455	0.014629	0.014523	0.030413	0.028512	0.012559	0.014924	0.017410	0.010177	0.014682	0.010731	0.016830	0.018916	0.032579
eod0-0	0.376963	0.352994	0.377641	0.364991	0.362628	0.348325	0.357696	0.361062	0.361184	0.356694	0.346256	0.374238	0.360963	0.350488	0.363868	0.364209	0.392473	0.360771	0.369511	0.356040
eod0-1	0.366499	0.364359	0.378788	0.369487	0.370198	0.387597	0.349133	0.365452	0.387850	0.391204	0.390713	0.394111	0.372881	0.370242	0.372615	0.376975	0.356659	0.376499	0.391553	0.409364
eod0	0.010465	0.011365	0.001147	0.004497	0.007570	0.039272	0.008563	0.004390	0.026667	0.034510	0.044458	0.019873	0.011919	0.019754	0.008747	0.012767	0.035814	0.015728	0.022041	0.053324
spd1-0	0.122094	0.123624	0.127246	0.115695	0.121612	0.124187	0.124664	0.123897	0.123164	0.128152	0.123306	0.129048	0.121704	0.118006	0.127228	0.122335	0.125458	0.126428	0.131066	0.124817
spd1-1	0.181598	0.163017	0.157509	0.173077	0.176543	0.173913	0.163814	0.158333	0.182692	0.180851	0.175525	0.208726	0.196782	0.169533	0.179012	0.189155	0.169975	0.173127	0.175439	0.192786
spd1	0.059504	0.039393	0.030263	0.057382	0.054931	0.049726	0.039150	0.034436	0.059529	0.052699	0.052219	0.079678	0.075078	0.051527	0.051784	0.066821	0.044518	0.046698	0.044373	0.067969
aod1-0	0.423112	0.413429	0.431306	0.411524	0.414444	0.416212	0.413559	0.415103	0.417813	0.430853	0.417918	0.429227	0.415421	0.404750	0.422368	0.415953	0.430405	0.427045	0.433198	0.430160
aod1-1	0.519201	0.469780	0.487557	0.503987	0.493473	0.493884	0.445191	0.500566	0.539968	0.497113	0.486767	0.607937	0.527011	0.493666	0.493760	0.542678	0.483742	0.470214	0.502619	0.546681
aod1	0.048045	0.028176	0.028125	0.046231	0.039515	0.038836	0.015816	0.042732	0.061077	0.033130	0.034424	0.089355	0.055795	0.044458	0.035696	0.063363	0.026669	0.021585	0.034711	0.058261
eod1-0	0.366222	0.353604	0.371831	0.359218	0.359844	0.357583	0.352711	0.356141	0.360563	0.368063	0.360784	0.368798	0.359753	0.350708	0.364324	0.359032	0.374511	0.364989	0.372845	0.370564
eod1-1	0.423963	0.392857	0.429224	0.424779	0.412017	0.424000	0.364017	0.424242	0.465217	0.402844	0.403433	0.500000	0.416667	0.423581	0.395455	0.457014	0.394366	0.385965	0.427313	0.446512
eod1	0.057741	0.039254	0.057393	0.065561	0.052173	0.066417	0.011306	0.068101	0.104654	0.034780	0.042649	0.131202	0.056914	0.072873	0.031130	0.097981	0.019855	0.020976	0.054468	0.075947
wcspd-00	0.114931	0.113519	0.113665	0.107003	0.113940	0.109580	0.116274	0.110606	0.113552	0.110259	0.111903	0.119597	0.109495	0.105711	0.117781	0.109967	0.119348	0.115369	0.120524	0.113838
wcspd-01	0.174837	0.152284	0.153199	0.171717	0.178876	0.168896	0.156729	0.152709	0.188216	0.182156	0.151986	0.204248	0.182609	0.165261	0.175559	0.177858	0.154246	0.169742	0.162587	0.161687
wcspd-10	0.132904	0.138314	0.146822	0.128524	0.132431	0.145027	0.137094	0.143244	0.137044	0.153374	0.139222	0.142351	0.139094	0.135568	0.140699	0.140257	0.134288	0.142558	0.146606	0.140723
wcspd-11	0.200935	0.190476	0.168889	0.176471	0.170404	0.185771	0.181818	0.173160	0.167421	0.177570	0.234783	0.220339	0.231760	0.180995	0.187773	0.214876	0.209607	0.181034	0.207965	0.268085
wcspd	0.086004	0.076957	0.055224	0.069467	0.064936	0.076190	0.065544	0.062554	0.074664	0.071897	0.122880	0.100742	0.122265	0.075284	0.069991	0.104909	0.090259	0.065666	0.087441	0.154247
wcaod-00	0.421592	0.403864	0.413169	0.402053	0.403614	0.387726	0.413620	0.401970	0.395793	0.397840	0.399392	0.409886	0.401136	0.387005	0.411169	0.399852	0.442456	0.407126	0.417452	0.407575
wcaod-01	0.508210	0.448535	0.516990	0.526012	0.501458	0.495836	0.425635	0.486134	0.561607	0.513840	0.416743	0.625002	0.512011	0.486403	0.493897	0.536842	0.473309	0.490280	0.480861	0.465884
wcaod-10	0.426501	0.426228	0.456502	0.424212	0.428868	0.451973	0.415485	0.434466	0.445508	0.473811	0.441646	0.453587	0.434863	0.428313	0.437553	0.437251	0.417647	0.454366	0.455269	0.459246
wcaod-11	0.542383	0.523671	0.433180	0.458756	0.472386	0.489006	0.496386	0.536600	0.482319	0.459375	0.644163	0.575024	0.563187	0.508486	0.494371	0.559041	0.514473	0.434650	0.550721	0.732921
wcaod	0.060396	0.059904	0.051910	0.061980	0.048922	0.054055	0.041383	0.067315	0.082907	0.058000	0.122386	0.107558	0.081026	0.060740	0.041601	0.079594	0.048413	0.041577	0.066634	0.162673
wceod-00	0.371859	0.348279	0.363728	0.353068	0.352941	0.335397	0.358948	0.353893	0.340122	0.346791	0.348049	0.352000	0.353244	0.340228	0.358398	0.349223	0.392016	0.351871	0.363723	0.351891
wceod-01	0.410596	0.381250	0.469799	0.441379	0.420118	0.424242	0.350575	0.411348	0.485030	0.421769	0.335404	0.523490	0.410596	0.412500	0.400000	0.462585	0.395683	0.418301	0.409091	0.382550
wceod-10	0.358516	0.359853	0.381980	0.366755	0.368553	0.383863	0.345000	0.358942	0.385876	0.393750	0.376079	0.389435	0.367574	0.363409	0.371671	0.370690	0.353448	0.382082	0.384807	0.393742
wceod-11	0.454545	0.421875	0.342857	0.395062	0.390625	0.423529	0.400000	0.456140	0.412698	0.359375	0.555556	0.449275	0.428571	0.449275	0.384615	0.445946	0.391892	0.320000	0.465753	0.590909
wceod	0.096029	0.073596	0.126942	0.088311	0.067177	0.088845	0.055000	0.102248	0.144908	0.074978	0.220152	0.171490	0.075327	0.109048	0.041602	0.113362	0.042235	0.098301	0.102031	0.239018
