accuracy	0.756667	0.706667	0.733333	0.730000	0.683333	0.733333	0.716667	0.736667	0.796667	0.766667	0.750000	0.733333	0.696667	0.773333	0.733333	0.716667	0.740000	0.736667	0.743333	0.756667
recall	0.662519	0.665725	0.657470	0.676471	0.631431	0.626315	0.663816	0.739853	0.727778	0.622623	0.680692	0.689028	0.630279	0.683487	0.693627	0.671405	0.697324	0.640364	0.670650	0.659508
precision	0.700321	0.652500	0.700724	0.670635	0.635242	0.653022	0.683201	0.700000	0.764776	0.720169	0.716740	0.695548	0.647718	0.705208	0.693627	0.668421	0.695001	0.688902	0.705548	0.697547
f1score	0.674102	0.657161	0.666870	0.673277	0.633105	0.634503	0.669822	0.705922	0.741083	0.635417	0.691100	0.691913	0.635373	0.692233	0.693627	0.669822	0.696120	0.650437	0.680547	0.671127
mcc	0.360866	0.317950	0.355573	0.347056	0.266646	0.278057	0.346476	0.438044	0.491163	0.328619	0.395793	0.384520	0.277449	0.388088	0.387255	0.339813	0.392319	0.325669	0.374575	0.355022
spd0-0	0.750000	0.670455	0.775281	0.701923	0.701031	0.776596	0.643678	0.564706	0.721154	0.757576	0.706422	0.670000	0.666667	0.659794	0.631579	0.715789	0.616279	0.736264	0.815217	0.782609
spd0-1	0.811224	0.665094	0.777251	0.698980	0.689655	0.800971	0.751174	0.613953	0.785714	0.930348	0.790576	0.705000	0.774359	0.832512	0.702439	0.668293	0.714953	0.832536	0.740385	0.798077
spd0	0.061224	0.005360	0.001970	0.002943	0.011376	0.024375	0.107496	0.049248	0.064560	0.172773	0.084154	0.035000	0.107692	0.172719	0.070860	0.047497	0.098674	0.096272	0.074833	0.015468
aod0-0	1.425641	1.192857	1.474972	1.334967	1.331731	1.485942	1.225405	0.969298	1.314992	1.439394	1.345411	1.241319	1.226550	1.178499	1.157721	1.335714	1.137815	1.389286	1.597968	1.450026
aod0-1	1.445809	1.195029	1.432230	1.176871	1.274916	1.460723	1.397341	0.992045	1.364316	1.741944	1.440056	1.261571	1.475165	1.481569	1.256897	1.184566	1.276232	1.561404	1.281980	1.450697
aod0	0.010084	0.001086	0.021371	0.079048	0.028407	0.012609	0.085968	0.011374	0.024662	0.151275	0.047323	0.010126	0.124308	0.151535	0.049588	0.075574	0.069208	0.086059	0.157994	0.000336
eod0-0	0.861538	0.800000	0.862069	0.779412	0.769231	0.830769	0.820000	0.719298	0.893939	0.833333	0.888889	0.796875	0.794118	0.764706	0.796610	0.850000	0.823529	0.875000	0.905660	0.901639
eod0-1	0.892617	0.746753	0.888112	0.809524	0.782609	0.875817	0.836735	0.737500	0.902778	0.986842	0.871429	0.826087	0.835821	0.921569	0.806897	0.763514	0.802548	0.894737	0.860927	0.876623
eod0	0.031079	0.053247	0.026043	0.030112	0.013378	0.045048	0.016735	0.018202	0.008838	0.153509	0.017460	0.029212	0.041703	0.156863	0.010286	0.086486	0.020982	0.019737	0.044733	0.025016
spd1-0	0.728814	0.578947	0.765957	0.678571	0.737705	0.653846	0.600000	0.479167	0.741935	0.810345	0.727273	0.625000	0.573770	0.642857	0.615385	0.652174	0.551020	0.769231	0.771930	0.673913
spd1-1	0.804979	0.687243	0.778656	0.704918	0.682008	0.822581	0.744000	0.623016	0.768908	0.888430	0.767347	0.711864	0.778243	0.807377	0.693548	0.688976	0.713147	0.810484	0.761317	0.814961
spd1	0.076166	0.108295	0.012699	0.026347	0.055697	0.168734	0.144000	0.143849	0.026972	0.078085	0.040074	0.086864	0.204472	0.164520	0.078164	0.036802	0.162127	0.041253	0.010613	0.141048
aod1-0	1.449309	1.113636	1.462963	1.231863	1.472043	1.298351	1.227273	0.944348	1.331010	1.566176	1.406667	1.212308	1.135776	1.180952	1.103668	1.251462	1.154762	1.437908	1.533333	1.331429
aod1-1	1.413416	1.208965	1.450095	1.252298	1.230128	1.499058	1.352381	0.978125	1.348684	1.664355	1.402938	1.257585	1.455754	1.438821	1.248576	1.228411	1.234709	1.512426	1.351824	1.462500
aod1	0.017946	0.047664	0.006434	0.010217	0.120957	0.100354	0.062554	0.016889	0.008837	0.049089	0.001864	0.022638	0.159989	0.128934	0.072454	0.011525	0.039974	0.037259	0.090755	0.065536
eod1-0	0.806452	0.696970	0.962963	0.810811	0.838710	0.689655	0.727273	0.640000	0.902439	0.941176	0.966667	0.692308	0.687500	0.800000	0.787879	0.777778	0.761905	0.882353	0.866667	0.760000
eod1-1	0.896175	0.773481	0.867816	0.797753	0.767442	0.888889	0.845714	0.744792	0.899408	0.940217	0.861272	0.846626	0.847059	0.887097	0.807018	0.790055	0.812834	0.890805	0.873563	0.900000
eod1	0.089723	0.076511	0.095147	0.013058	0.071268	0.199234	0.118442	0.104792	0.003031	0.000959	0.105395	0.154318	0.159559	0.087097	0.019139	0.012277	0.050929	0.008452	0.006897	0.140000
wcspd-00	0.705882	0.620690	0.714286	0.725000	0.705882	0.640000	0.551724	0.500000	0.757576	0.718750	0.642857	0.628571	0.580645	0.529412	0.620690	0.740741	0.515152	0.764706	0.764706	0.636364
wcspd-01	0.771429	0.694915	0.794118	0.687500	0.698413	0.826087	0.689655	0.587302	0.704225	0.776119	0.728395	0.692308	0.702703	0.730159	0.636364	0.705882	0.679245	0.719298	0.844828	0.828571
wcspd-10	0.760000	0.535714	0.807692	0.562500	0.777778	0.666667	0.666667	0.461538	0.724138	0.923077	0.814815	0.620690	0.566667	0.818182	0.608696	0.526316	0.625000	0.777778	0.782609	0.708333
wcspd-11	0.818713	0.684783	0.772973	0.711111	0.676136	0.821229	0.760417	0.634921	0.796407	0.931429	0.786585	0.719298	0.812121	0.834254	0.714286	0.682796	0.722222	0.837696	0.735135	0.809783
wcspd	0.112831	0.159201	0.093407	0.162500	0.101641	0.186087	0.208693	0.173382	0.092182	0.212679	0.171958	0.098609	0.245455	0.304842	0.105590	0.214425	0.207071	0.118398	0.109692	0.192208
wcaod-00	1.423611	1.141414	1.361111	1.373333	1.423611	1.243056	1.242424	0.914530	1.369048	1.437500	1.241026	1.188811	1.175000	1.017544	1.197115	1.450000	1.130952	1.413919	1.557143	1.250000
wcaod-01	1.401361	1.221289	1.529644	1.315615	1.255102	1.577551	1.268556	0.990431	1.289744	1.505882	1.390152	1.268116	1.268643	1.295918	1.138524	1.279227	1.060440	1.374026	1.607287	1.510204
wcaod-10	1.500000	1.061538	1.545455	0.750000	1.533333	1.335165	1.345455	0.940476	1.294444	1.819444	1.583333	1.230392	1.126697	1.437500	0.931373	0.952381	1.206349	1.569231	1.446429	1.405594
wcaod-11	1.416499	1.207034	1.418860	1.214815	1.225188	1.456960	1.378151	0.969512	1.376407	1.724245	1.420103	1.251240	1.538462	1.487890	1.293981	1.212059	1.284054	1.560321	1.259259	1.444664
wcaod	0.049320	0.079875	0.092172	0.311667	0.154073	0.167248	0.067864	0.037950	0.043332	0.190972	0.171154	0.039652	0.205882	0.235173	0.181304	0.248810	0.111807	0.097602	0.174014	0.130102
wceod-00	0.812500	0.777778	0.916667	0.840000	0.812500	0.687500	0.909091	0.692308	0.952381	0.937500	0.933333	0.727273	0.800000	0.684211	0.812500	0.866667	0.750000	0.952381	0.857143	0.750000
wceod-01	0.877551	0.809524	0.847826	0.744186	0.755102	0.877551	0.794872	0.727273	0.866667	0.800000	0.875000	0.833333	0.792453	0.795918	0.790698	0.844444	0.846154	0.828571	0.923077	0.938776
wceod-10	0.800000	0.600000	1.000000	0.750000	0.866667	0.692308	0.545455	0.583333	0.850000	0.944444	1.000000	0.647059	0.588235	0.937500	0.764706	0.666667	0.777778	0.769231	0.875000	0.769231
wceod-11	0.902985	0.762590	0.875000	0.814815	0.772358	0.892857	0.860294	0.750000	0.911290	0.992537	0.856000	0.851240	0.871795	0.919708	0.812500	0.772059	0.804054	0.906475	0.859259	0.886525
wceod	0.102985	0.209524	0.152174	0.095814	0.111565	0.205357	0.363636	0.166667	0.102381	0.192537	0.144000	0.204181	0.283560	0.253289	0.047794	0.200000	0.096154	0.183150	0.065934	0.188776
