accuracy	0.824746	0.828841	0.822425	0.828090	0.827612	0.831639	0.829386	0.825633	0.824678	0.824746	0.826111	0.829728	0.828295	0.825565	0.826930	0.831502	0.824746	0.832526	0.825974	0.825565
recall	0.720195	0.721965	0.720580	0.727861	0.708241	0.728841	0.716272	0.714226	0.718865	0.719970	0.713304	0.720311	0.732889	0.708693	0.734690	0.733500	0.723583	0.727599	0.718888	0.721958
precision	0.762141	0.774151	0.765005	0.770616	0.777252	0.777265	0.780493	0.774846	0.775106	0.764259	0.775249	0.771036	0.768862	0.771059	0.766988	0.774515	0.768327	0.784571	0.770234	0.768080
f1score	0.736586	0.741325	0.737546	0.744596	0.731290	0.747336	0.738485	0.735363	0.738920	0.737023	0.734770	0.739362	0.747549	0.730221	0.748101	0.749839	0.740737	0.748339	0.737872	0.739542
mcc	0.480509	0.493364	0.483549	0.496640	0.480564	0.503784	0.492597	0.485301	0.490759	0.482200	0.484610	0.488721	0.500460	0.475681	0.500637	0.506357	0.489871	0.508992	0.486419	0.487863
spd0-0	0.115945	0.108002	0.116289	0.119704	0.097334	0.120091	0.102303	0.106427	0.107796	0.120355	0.109620	0.114428	0.130236	0.106244	0.127790	0.114516	0.113828	0.111979	0.109247	0.118060
spd0-1	0.220654	0.214467	0.223847	0.223368	0.195231	0.214837	0.202766	0.206236	0.215181	0.216842	0.201957	0.207854	0.227851	0.198403	0.236950	0.228013	0.225628	0.212344	0.215771	0.218597
spd0	0.104709	0.106466	0.107559	0.103665	0.097897	0.094746	0.100463	0.099809	0.107385	0.096487	0.092337	0.093426	0.097614	0.092159	0.109160	0.113497	0.111801	0.100366	0.106523	0.100537
aod0-0	0.561451	0.536229	0.549907	0.583468	0.482407	0.564086	0.515975	0.535260	0.521182	0.568402	0.541141	0.551324	0.571542	0.523083	0.598139	0.577836	0.540700	0.559874	0.555268	0.567627
aod0-1	0.616542	0.606208	0.617951	0.626068	0.557616	0.613529	0.575407	0.575871	0.597618	0.610154	0.568679	0.597308	0.646777	0.561088	0.657955	0.638877	0.622849	0.601024	0.599648	0.611545
aod0	0.027545	0.034990	0.034022	0.021300	0.037604	0.024721	0.029716	0.020306	0.038218	0.020876	0.013769	0.022992	0.037618	0.019003	0.029908	0.030521	0.041074	0.020575	0.022190	0.021959
eod0-0	0.489237	0.475410	0.478178	0.513711	0.425331	0.488417	0.457467	0.473180	0.458564	0.495396	0.476281	0.481973	0.487273	0.457926	0.519337	0.508982	0.468992	0.497288	0.492424	0.497227
eod0-1	0.528212	0.525068	0.530363	0.539709	0.489879	0.539778	0.505337	0.501978	0.519218	0.525026	0.498176	0.520496	0.562076	0.490585	0.564223	0.552728	0.537245	0.528648	0.516561	0.527395
eod0	0.038975	0.049658	0.052185	0.025998	0.064548	0.051361	0.047870	0.028798	0.060655	0.029630	0.021895	0.038523	0.074803	0.032659	0.044886	0.043746	0.068252	0.031360	0.024136	0.030168
spd1-0	0.130728	0.116690	0.128008	0.135831	0.102197	0.124764	0.102041	0.124765	0.117221	0.119169	0.113817	0.116737	0.132991	0.109699	0.140426	0.136657	0.125483	0.127640	0.128391	0.125868
spd1-1	0.194913	0.190210	0.198569	0.198035	0.173023	0.193667	0.181094	0.181499	0.190700	0.196348	0.181259	0.187380	0.206475	0.177508	0.210719	0.199968	0.198871	0.187750	0.188736	0.195645
spd1	0.064184	0.073520	0.070561	0.062203	0.070827	0.068903	0.079053	0.056734	0.073478	0.077180	0.067442	0.070643	0.073484	0.067809	0.070294	0.063311	0.073389	0.060110	0.060345	0.069778
aod1-0	0.573114	0.524128	0.544231	0.558945	0.469305	0.576204	0.488010	0.529737	0.526195	0.545105	0.540688	0.529871	0.588204	0.499145	0.623261	0.602070	0.546435	0.586637	0.572368	0.536183
aod1-1	0.609366	0.599348	0.611480	0.622299	0.553759	0.611689	0.573261	0.572269	0.589948	0.608812	0.567659	0.595787	0.641419	0.561585	0.649177	0.629777	0.615433	0.594319	0.590766	0.610361
aod1	0.018126	0.037610	0.033624	0.031677	0.042227	0.017742	0.042625	0.021266	0.031877	0.031853	0.013485	0.032958	0.026608	0.031220	0.012958	0.013854	0.034499	0.003841	0.009199	0.037089
eod1-0	0.511041	0.470948	0.479495	0.487952	0.431085	0.523220	0.445161	0.474432	0.475309	0.488889	0.495385	0.471947	0.523511	0.450311	0.554487	0.537764	0.487578	0.533333	0.509868	0.476744
eod1-1	0.523597	0.522054	0.526852	0.540643	0.485406	0.533081	0.503264	0.500312	0.513530	0.523539	0.494871	0.518708	0.553004	0.489409	0.557566	0.547355	0.531289	0.522791	0.513228	0.527743
eod1	0.012556	0.051106	0.047357	0.052691	0.054321	0.009861	0.058103	0.025880	0.038221	0.034650	0.000514	0.046761	0.029493	0.039098	0.003079	0.009591	0.043711	0.010543	0.003359	0.050999
wcspd-00	0.081229	0.066253	0.096670	0.089770	0.066449	0.084132	0.061957	0.076180	0.078893	0.092402	0.074148	0.086724	0.090042	0.068421	0.087513	0.088983	0.080997	0.082452	0.091387	0.082177
wcspd-01	0.123927	0.118455	0.121001	0.127049	0.104565	0.128807	0.111824	0.113642	0.115252	0.127390	0.118825	0.121080	0.140021	0.115375	0.137354	0.120721	0.121926	0.119102	0.113567	0.126663
wcspd-10	0.169535	0.157806	0.153444	0.173322	0.130102	0.157179	0.133109	0.162752	0.151322	0.141058	0.148637	0.140117	0.166806	0.143101	0.182513	0.173486	0.164112	0.163713	0.160072	0.159314
wcspd-11	0.227547	0.222235	0.233130	0.230207	0.204098	0.222671	0.212328	0.212248	0.223144	0.227315	0.208948	0.217265	0.236330	0.205958	0.244413	0.235759	0.233491	0.219044	0.222928	0.227050
wcspd	0.146318	0.155982	0.136460	0.140436	0.137649	0.138539	0.150371	0.136067	0.144251	0.134912	0.134800	0.130542	0.146288	0.137537	0.156900	0.146776	0.152494	0.136592	0.131542	0.144873
wcaod-00	0.487051	0.422904	0.544386	0.523868	0.497881	0.584508	0.485412	0.423633	0.457791	0.509729	0.514576	0.499302	0.475474	0.434437	0.615131	0.530061	0.438025	0.541261	0.572109	0.500509
wcaod-01	0.572266	0.557172	0.551308	0.595049	0.482451	0.563697	0.522929	0.553482	0.533897	0.579027	0.548148	0.559810	0.588868	0.539039	0.599096	0.585957	0.555833	0.564176	0.553200	0.578237
wcaod-10	0.594218	0.565300	0.543242	0.580417	0.463913	0.577106	0.494667	0.558242	0.551664	0.552512	0.552586	0.537146	0.624393	0.520692	0.634441	0.622638	0.570014	0.602937	0.575745	0.546552
wcaod-11	0.619958	0.610881	0.626129	0.630297	0.568585	0.617940	0.583997	0.578501	0.602969	0.617767	0.571342	0.604154	0.650051	0.565880	0.660958	0.641651	0.629258	0.601765	0.602694	0.619529
wcaod	0.066454	0.093989	0.041443	0.053214	0.052336	0.027121	0.049292	0.077434	0.072589	0.054019	0.028383	0.052426	0.087288	0.065721	0.030931	0.055795	0.095616	0.030838	0.024747	0.059510
wceod-00	0.428571	0.384615	0.478261	0.469136	0.461538	0.536232	0.451613	0.371429	0.409639	0.447368	0.474359	0.439394	0.413333	0.391304	0.559322	0.469697	0.377049	0.493151	0.514286	0.444444
wceod-01	0.496703	0.490446	0.478166	0.521459	0.420259	0.481069	0.458244	0.488938	0.467391	0.503212	0.476615	0.488069	0.498947	0.468326	0.514463	0.514943	0.481319	0.497917	0.489083	0.504184
wceod-10	0.528736	0.497992	0.479839	0.494024	0.423913	0.519685	0.443548	0.500000	0.497925	0.502092	0.502024	0.481013	0.557377	0.466403	0.553360	0.554717	0.513410	0.544747	0.508547	0.483986
wceod-11	0.528161	0.527562	0.534867	0.543944	0.496652	0.541651	0.510909	0.502180	0.521032	0.527057	0.497832	0.524006	0.562500	0.492834	0.565233	0.552535	0.539488	0.527140	0.517241	0.531923
wceod	0.100164	0.142947	0.056701	0.074808	0.076393	0.060582	0.067361	0.130752	0.111394	0.079689	0.027665	0.084612	0.149167	0.101529	0.050771	0.085020	0.162439	0.051596	0.028158	0.087478
