accuracy	0.750000	0.756667	0.720000	0.746667	0.723333	0.770000	0.720000	0.793333	0.750000	0.756667	0.766667	0.706667	0.736667	0.730000	0.743333	0.760000	0.756667	0.740000	0.746667	0.770000
recall	0.671756	0.648609	0.634705	0.652531	0.628688	0.666760	0.617712	0.682305	0.662698	0.638566	0.674166	0.629824	0.633714	0.613409	0.665135	0.660222	0.642663	0.673077	0.667586	0.690150
precision	0.690755	0.702968	0.683860	0.682488	0.685451	0.709649	0.724927	0.758564	0.701309	0.689214	0.761974	0.659627	0.722605	0.637500	0.707162	0.730804	0.737908	0.691268	0.712510	0.715839
f1score	0.679117	0.661614	0.642045	0.662222	0.635917	0.680156	0.616228	0.702133	0.673795	0.651135	0.688889	0.636243	0.640773	0.620781	0.675703	0.674130	0.654743	0.679891	0.678674	0.699891
mcc	0.362013	0.347350	0.314750	0.333676	0.308968	0.373958	0.325433	0.434224	0.361954	0.323843	0.427209	0.287913	0.345053	0.249749	0.369917	0.384603	0.368460	0.363891	0.377431	0.405175
spd0-0	0.721154	0.818182	0.831461	0.807692	0.835052	0.797872	0.885057	0.835294	0.788462	0.747475	0.770642	0.750000	0.809524	0.752577	0.810526	0.863158	0.813953	0.681319	0.771739	0.793478
spd0-1	0.775510	0.816038	0.781991	0.770408	0.802956	0.805825	0.854460	0.827907	0.780612	0.860697	0.853403	0.775000	0.861538	0.822660	0.760976	0.800000	0.864486	0.765550	0.783654	0.754808
spd0	0.054356	0.002144	0.049470	0.037284	0.032096	0.007953	0.030597	0.007387	0.007849	0.113222	0.082761	0.025000	0.052015	0.070083	0.049551	0.063158	0.050532	0.084232	0.011915	0.038671
aod0-0	1.369231	1.523810	1.606229	1.535948	1.626923	1.459416	1.743784	1.536341	1.476874	1.439394	1.479986	1.414931	1.508744	1.449290	1.543315	1.652381	1.578711	1.267857	1.508950	1.482285
aod0-1	1.355134	1.499552	1.454648	1.367347	1.490412	1.454927	1.605442	1.482386	1.418803	1.553034	1.563165	1.460729	1.646685	1.508889	1.378736	1.442508	1.591798	1.392544	1.385268	1.308081
aod0	0.007049	0.012129	0.075790	0.084300	0.068255	0.002245	0.069171	0.026977	0.029035	0.056820	0.041590	0.022899	0.068970	0.029799	0.082289	0.104936	0.006543	0.062343	0.061841	0.087102
eod0-0	0.830769	0.916667	0.896552	0.897059	0.876923	0.907692	0.960000	0.964912	0.924242	0.803030	0.936508	0.859375	0.941176	0.794118	0.932203	0.966667	0.921569	0.839286	0.867925	0.901639
eod0-1	0.865772	0.896104	0.881119	0.857143	0.905797	0.888889	0.938776	0.918750	0.861111	0.940789	0.935714	0.847826	0.925373	0.888889	0.862069	0.898649	0.942675	0.848684	0.894040	0.863636
eod0	0.035003	0.020563	0.015433	0.039916	0.028874	0.018803	0.021224	0.046162	0.063131	0.137759	0.000794	0.011549	0.015803	0.094771	0.070134	0.068018	0.021107	0.009398	0.026115	0.038003
spd1-0	0.677966	0.771930	0.765957	0.857143	0.885246	0.711538	0.820000	0.729167	0.741935	0.758621	0.781818	0.703125	0.721311	0.714286	0.788462	0.869565	0.734694	0.769231	0.684211	0.608696
spd1-1	0.775934	0.827160	0.802372	0.766393	0.794979	0.822581	0.872000	0.849206	0.794118	0.838843	0.832653	0.783898	0.874477	0.819672	0.774194	0.811024	0.872510	0.733871	0.802469	0.795276
spd1	0.097968	0.055231	0.036414	0.090749	0.090267	0.111042	0.052000	0.120040	0.052182	0.080222	0.050835	0.080773	0.153166	0.105386	0.014268	0.058542	0.137816	0.035360	0.118259	0.186580
aod1-0	1.338710	1.503788	1.475926	1.655761	1.768817	1.392804	1.668831	1.445217	1.377468	1.465686	1.533333	1.354872	1.433190	1.371429	1.488038	1.699805	1.500000	1.464052	1.362963	1.196190
aod1-1	1.375165	1.502852	1.512222	1.374702	1.441774	1.464084	1.649524	1.504167	1.452791	1.540105	1.519750	1.467770	1.634101	1.526140	1.422648	1.473246	1.602774	1.317801	1.435532	1.394737
aod1	0.018228	0.000468	0.018148	0.140529	0.163522	0.035640	0.009654	0.029475	0.037662	0.037209	0.006792	0.056449	0.100455	0.077356	0.032695	0.113280	0.051387	0.073126	0.036285	0.099273
eod1-0	0.838710	0.878788	0.925926	0.918919	0.935484	0.827586	0.954545	0.880000	0.853659	0.882353	0.933333	0.794872	0.812500	0.800000	0.909091	0.962963	0.857143	0.852941	0.733333	0.720000
eod1-1	0.857923	0.906077	0.879310	0.859551	0.889535	0.904762	0.942857	0.937500	0.887574	0.902174	0.936416	0.865031	0.952941	0.870968	0.877193	0.911602	0.946524	0.844828	0.913793	0.894737
eod1	0.019214	0.027289	0.046616	0.059368	0.045949	0.077176	0.011688	0.057500	0.033915	0.019821	0.003083	0.070159	0.140441	0.070968	0.031898	0.051361	0.089381	0.008114	0.180460	0.174737
wcspd-00	0.617647	0.793103	0.761905	0.875000	0.882353	0.680000	0.758621	0.818182	0.787879	0.687500	0.750000	0.685714	0.677419	0.647059	0.758621	0.962963	0.696970	0.764706	0.676471	0.636364
wcspd-01	0.771429	0.830508	0.852941	0.765625	0.809524	0.840580	0.948276	0.841270	0.788732	0.776119	0.777778	0.784615	0.864865	0.809524	0.833333	0.823529	0.886792	0.631579	0.827586	0.842857
wcspd-10	0.760000	0.750000	0.769231	0.812500	0.888889	0.740741	0.904762	0.653846	0.689655	0.846154	0.814815	0.724138	0.766667	0.818182	0.826087	0.736842	0.812500	0.777778	0.695652	0.583333
wcspd-11	0.777778	0.826087	0.783784	0.766667	0.789773	0.815642	0.848958	0.851852	0.796407	0.862857	0.859756	0.783626	0.878788	0.823204	0.752747	0.806452	0.868687	0.764398	0.794595	0.777174
wcspd	0.160131	0.080508	0.091036	0.109375	0.099116	0.160580	0.189655	0.198006	0.106752	0.175357	0.109756	0.098901	0.201369	0.176146	0.080586	0.226121	0.189823	0.146199	0.151116	0.259524
wcaod-00	1.256944	1.525253	1.472222	1.693333	1.770833	1.208333	1.611111	1.589744	1.452381	1.375000	1.471795	1.279720	1.366667	1.284211	1.475962	1.916667	1.452381	1.443223	1.385714	1.233333
wcaod-01	1.455782	1.516807	1.664032	1.431894	1.500000	1.568367	1.896086	1.503589	1.488034	1.544706	1.482955	1.489648	1.581312	1.551020	1.582406	1.520773	1.663004	1.163636	1.581646	1.585034
wcaod-10	1.466667	1.482051	1.478788	1.583333	1.766667	1.483516	1.809091	1.333333	1.305556	1.638889	1.600000	1.431373	1.533937	1.437500	1.549020	1.345238	1.603175	1.569231	1.401786	1.160839
wcaod-11	1.325131	1.499281	1.453947	1.348148	1.430741	1.412821	1.566176	1.511042	1.437172	1.533127	1.551385	1.459504	1.657051	1.519575	1.359375	1.457059	1.585946	1.375346	1.378519	1.305129
wcaod	0.104861	0.021601	0.105042	0.172593	0.170046	0.180017	0.164955	0.128205	0.091239	0.131944	0.064103	0.104964	0.145192	0.133405	0.111516	0.285714	0.105311	0.202797	0.101564	0.212097
wceod-00	0.812500	0.888889	0.916667	0.960000	0.937500	0.875000	1.000000	0.923077	0.952381	0.875000	0.933333	0.818182	0.866667	0.684211	0.937500	1.000000	0.833333	0.904762	0.785714	0.833333
wceod-01	0.836735	0.928571	0.891304	0.860465	0.857143	0.918367	0.948718	0.977273	0.911111	0.780000	0.937500	0.880952	0.962264	0.836735	0.930233	0.955556	0.948718	0.800000	0.897436	0.918367
wceod-10	0.866667	0.866667	0.933333	0.833333	0.933333	0.769231	0.909091	0.833333	0.750000	0.888889	0.933333	0.764706	0.764706	0.937500	0.882353	0.916667	0.888889	0.769231	0.687500	0.615385
wceod-11	0.865672	0.899281	0.875000	0.859259	0.902439	0.900000	0.941176	0.925676	0.879032	0.947761	0.936000	0.859504	0.948718	0.883212	0.859375	0.897059	0.945946	0.856115	0.918519	0.886525
wceod	0.054167	0.061905	0.058333	0.126667	0.080357	0.149137	0.090909	0.143939	0.202381	0.167761	0.004167	0.116246	0.197558	0.253289	0.078125	0.102941	0.115385	0.135531	0.231019	0.302983
