accuracy	0.688684	0.685450	0.697460	0.683141	0.685912	0.673903	0.662356	0.689607	0.672055	0.666513	0.682679	0.676212	0.690531	0.674365	0.689145	0.681293	0.685450	0.686836	0.678060	0.662356
recall	0.681580	0.677170	0.688473	0.676701	0.680996	0.666662	0.655513	0.683177	0.664291	0.660298	0.675575	0.671699	0.685942	0.664760	0.683386	0.675550	0.681255	0.678745	0.671660	0.655128
precision	0.687277	0.685361	0.696617	0.680899	0.679924	0.669660	0.658243	0.686779	0.667897	0.660460	0.679050	0.672816	0.690615	0.669065	0.686133	0.679309	0.683928	0.682699	0.674522	0.657848
f1score	0.682380	0.677687	0.689530	0.677473	0.680373	0.667476	0.656187	0.684055	0.665146	0.660377	0.676467	0.672116	0.686315	0.665830	0.684160	0.676220	0.681796	0.679797	0.672423	0.655835
mcc	0.368813	0.362439	0.385004	0.357576	0.360919	0.336309	0.313744	0.369938	0.332168	0.320759	0.354608	0.344512	0.376527	0.333797	0.369509	0.354839	0.365173	0.361422	0.346170	0.312964
spd0-0	0.557078	0.575287	0.587629	0.553582	0.523865	0.547646	0.550523	0.548203	0.557461	0.530624	0.546512	0.522676	0.542461	0.561260	0.537796	0.540401	0.530243	0.558621	0.539171	0.539874
spd0-1	0.767554	0.767059	0.713604	0.730952	0.700224	0.739953	0.708804	0.737864	0.728365	0.724880	0.741573	0.740648	0.751152	0.745011	0.736111	0.761905	0.750000	0.729412	0.750583	0.767773
spd0	0.210477	0.191771	0.125975	0.177371	0.176359	0.192306	0.158281	0.189661	0.170904	0.194256	0.195061	0.217973	0.208691	0.183751	0.198315	0.221504	0.219757	0.170791	0.211412	0.227899
aod0-0	1.096063	1.140361	1.162161	1.094687	1.011756	1.071907	1.085772	1.076407	1.094324	1.037119	1.075479	1.025520	1.084711	1.100746	1.053242	1.063059	1.046467	1.093742	1.057759	1.060574
aod0-1	1.465641	1.429110	1.296733	1.360878	1.286819	1.412735	1.332202	1.385445	1.386454	1.362795	1.394597	1.398548	1.403273	1.387686	1.392441	1.469997	1.427984	1.354545	1.434268	1.463284
aod0	0.184789	0.144375	0.067286	0.133095	0.137532	0.170414	0.123215	0.154519	0.146065	0.162838	0.159559	0.186514	0.159281	0.143470	0.169600	0.203469	0.190758	0.130402	0.188255	0.201355
eod0-0	0.732318	0.741071	0.765487	0.720133	0.677555	0.705693	0.695796	0.718919	0.715517	0.679446	0.713178	0.680942	0.725173	0.708515	0.707609	0.713661	0.702938	0.720129	0.704026	0.683585
eod0-1	0.872093	0.884892	0.836879	0.843636	0.840278	0.832090	0.806228	0.858779	0.811111	0.797909	0.839041	0.854331	0.859649	0.855219	0.865169	0.852713	0.872428	0.854545	0.841912	0.856618
eod0	0.139775	0.143821	0.071393	0.123504	0.162722	0.126397	0.110432	0.139860	0.095594	0.118463	0.125863	0.173389	0.134476	0.146704	0.157560	0.139052	0.169490	0.134416	0.137886	0.173032
spd1-0	0.536790	0.551020	0.550414	0.531583	0.503881	0.526836	0.536447	0.521097	0.527094	0.500000	0.533566	0.502865	0.533379	0.537762	0.508872	0.526685	0.521528	0.525053	0.525471	0.528050
spd1-1	0.714092	0.731183	0.736402	0.693122	0.667112	0.695594	0.670213	0.705249	0.711022	0.703448	0.689796	0.672302	0.691535	0.719728	0.705026	0.692308	0.667586	0.719251	0.689891	0.692828
spd1	0.177302	0.180162	0.185987	0.161539	0.163231	0.168758	0.133765	0.184152	0.183928	0.203448	0.156229	0.169436	0.158156	0.181966	0.196155	0.165622	0.146058	0.194198	0.164420	0.164778
aod1-0	1.066445	1.096602	1.080003	1.052946	0.980095	1.039796	1.058338	1.034647	1.034002	0.982570	1.049621	1.001501	1.071345	1.057028	1.005483	1.048887	1.037335	1.023917	1.034591	1.040887
aod1-1	1.352510	1.399968	1.420258	1.320477	1.251576	1.324359	1.286580	1.340543	1.362389	1.331458	1.318262	1.261536	1.310024	1.376680	1.334911	1.317137	1.276497	1.377667	1.314757	1.336483
aod1	0.143032	0.151683	0.170128	0.133766	0.135740	0.142281	0.114121	0.152948	0.164194	0.174444	0.134320	0.130017	0.119339	0.159826	0.164714	0.134125	0.119581	0.176875	0.140083	0.147798
eod1-0	0.708791	0.732316	0.743758	0.702069	0.676741	0.689281	0.692412	0.708966	0.678146	0.652174	0.708945	0.664781	0.722759	0.702523	0.679012	0.701803	0.705882	0.692105	0.687084	0.689933
eod1-1	0.850780	0.843267	0.851765	0.823789	0.777311	0.805195	0.771429	0.813853	0.837472	0.796574	0.802691	0.796258	0.819249	0.813043	0.844978	0.811947	0.793503	0.851351	0.818182	0.777042
eod1	0.141988	0.110951	0.108006	0.121720	0.100570	0.115914	0.079017	0.104887	0.159326	0.144400	0.093745	0.131477	0.096490	0.110520	0.165966	0.110144	0.087621	0.159246	0.131098	0.087109
wcspd-00	0.480818	0.509338	0.519765	0.486278	0.456034	0.478559	0.493031	0.479027	0.484615	0.445561	0.484615	0.449138	0.484219	0.490146	0.464655	0.471343	0.474604	0.482189	0.471795	0.477561
wcspd-01	0.711572	0.713523	0.732496	0.689119	0.664875	0.687500	0.665505	0.695187	0.704663	0.714286	0.678182	0.663907	0.675522	0.712980	0.685864	0.680556	0.647887	0.707980	0.678445	0.670819
wcspd-10	0.795276	0.753086	0.691120	0.748971	0.719844	0.752000	0.724528	0.739130	0.725100	0.764228	0.753846	0.766949	0.757576	0.749049	0.714859	0.780392	0.757322	0.710526	0.764259	0.771429
wcspd-11	0.723270	0.785714	0.750000	0.706215	0.673684	0.722543	0.685393	0.736264	0.733333	0.668605	0.724324	0.703030	0.741176	0.739362	0.765027	0.733333	0.738854	0.761006	0.728916	0.762712
wcspd	0.314457	0.276376	0.230235	0.262693	0.263810	0.273441	0.231497	0.260104	0.248718	0.318667	0.269231	0.317811	0.273356	0.258904	0.300372	0.309049	0.282718	0.278817	0.292464	0.293867
wcaod-00	0.970155	1.035899	1.042568	0.981533	0.903086	0.959352	0.991114	0.967534	0.968126	0.890122	0.973563	0.904258	0.996725	0.981646	0.932189	0.954536	0.958530	0.957093	0.942409	0.954848
wcaod-01	1.351597	1.374526	1.431496	1.322596	1.255733	1.305195	1.288722	1.317391	1.352584	1.359928	1.304957	1.260400	1.297696	1.368544	1.296796	1.290872	1.239982	1.363636	1.301694	1.298639
wcaod-10	1.530089	1.393955	1.261895	1.391065	1.322984	1.425977	1.374466	1.362272	1.382028	1.438517	1.420987	1.483141	1.441545	1.378226	1.345386	1.508159	1.438798	1.306284	1.477827	1.465534
wcaod-11	1.359649	1.475214	1.354661	1.320085	1.237946	1.394084	1.269466	1.418803	1.398693	1.264217	1.357696	1.259324	1.333653	1.403302	1.456384	1.410831	1.412027	1.435506	1.359834	1.466102
wcaod	0.279967	0.219657	0.194464	0.204766	0.209949	0.233312	0.191676	0.225635	0.215283	0.274198	0.223712	0.289442	0.222410	0.210828	0.262098	0.276811	0.240134	0.239206	0.267709	0.255627
wceod-00	0.657343	0.692857	0.722034	0.654321	0.625210	0.642487	0.656637	0.660345	0.645656	0.594324	0.667820	0.609842	0.683453	0.648881	0.633043	0.654867	0.659829	0.646259	0.643952	0.639594
wceod-01	0.855908	0.821429	0.847134	0.830861	0.765537	0.809659	0.761062	0.817391	0.835777	0.829412	0.793846	0.791781	0.800000	0.811940	0.831884	0.808571	0.778443	0.847507	0.810241	0.761194
wceod-10	0.897436	0.869565	0.818713	0.873418	0.861446	0.860759	0.809249	0.903448	0.791667	0.868750	0.847953	0.891304	0.852071	0.883721	0.850649	0.871795	0.890411	0.848837	0.841463	0.883117
wceod-11	0.833333	0.905983	0.864865	0.803419	0.811475	0.790909	0.801724	0.803419	0.843137	0.708661	0.826446	0.810345	0.870690	0.816000	0.884956	0.823529	0.845361	0.864078	0.842593	0.822034
wceod	0.240093	0.213126	0.142831	0.219097	0.236236	0.218272	0.152611	0.243103	0.197481	0.274426	0.180133	0.281463	0.187236	0.234840	0.251912	0.216928	0.230582	0.217819	0.198640	0.243523
