accuracy	0.854348	0.853285	0.850521	0.859026	0.853073	0.856049	0.852435	0.846481	0.849245	0.853498	0.858814	0.848820	0.858176	0.849670	0.842016	0.868595	0.846906	0.857112	0.850096	0.851159
recall	0.621972	0.618421	0.626334	0.626982	0.620995	0.627661	0.610529	0.618982	0.617714	0.623799	0.625826	0.614884	0.634110	0.614843	0.614130	0.636284	0.604642	0.616461	0.624111	0.614451
precision	0.766022	0.785582	0.772989	0.775666	0.774414	0.776445	0.772650	0.761632	0.746538	0.772245	0.759832	0.759041	0.772717	0.765644	0.749422	0.786619	0.775457	0.754690	0.756122	0.745437
f1score	0.651515	0.648152	0.656137	0.658456	0.650630	0.658758	0.638193	0.646584	0.644805	0.653771	0.656038	0.642169	0.665846	0.642540	0.639746	0.670925	0.629969	0.645096	0.652600	0.641376
mcc	0.360263	0.367799	0.371418	0.374190	0.364433	0.375719	0.347193	0.352871	0.340710	0.367170	0.361628	0.345021	0.382487	0.349327	0.337440	0.395280	0.339554	0.344450	0.356581	0.335205
spd0-0	0.056844	0.055005	0.058004	0.055728	0.055835	0.056466	0.051075	0.053483	0.056500	0.053628	0.055754	0.051487	0.061566	0.051624	0.059991	0.052584	0.042514	0.054017	0.058257	0.052957
spd0-1	0.079473	0.070825	0.085115	0.079853	0.077045	0.081771	0.069607	0.087167	0.085907	0.083333	0.084112	0.082857	0.085004	0.079397	0.083266	0.080897	0.072076	0.076800	0.088387	0.084530
spd0	0.022629	0.015820	0.027111	0.024125	0.021210	0.025305	0.018532	0.033684	0.029407	0.029706	0.028358	0.031370	0.023438	0.027773	0.023275	0.028313	0.029562	0.022783	0.030130	0.031573
aod0-0	0.321715	0.295164	0.301749	0.302913	0.289728	0.312772	0.264209	0.289300	0.291990	0.292008	0.309369	0.287695	0.330310	0.274187	0.302299	0.354942	0.216480	0.292129	0.309294	0.287819
aod0-1	0.290454	0.273824	0.312349	0.309570	0.295664	0.308004	0.269169	0.302956	0.307684	0.307914	0.314848	0.289227	0.325140	0.290238	0.287411	0.309830	0.271339	0.290505	0.315728	0.296688
aod0	0.015630	0.010670	0.005300	0.003328	0.002968	0.002384	0.002480	0.006828	0.007847	0.007953	0.002739	0.000766	0.002585	0.008026	0.007444	0.022556	0.027429	0.000812	0.003217	0.004434
eod0-0	0.298893	0.271429	0.275000	0.279152	0.265018	0.289855	0.240143	0.266187	0.266187	0.268382	0.284091	0.266904	0.302920	0.254125	0.274306	0.336170	0.196364	0.266409	0.283088	0.262357
eod0-1	0.257692	0.252809	0.283364	0.280808	0.269084	0.277778	0.246628	0.267631	0.268859	0.277674	0.280242	0.253308	0.294347	0.257367	0.252269	0.279208	0.248188	0.259036	0.278505	0.259188
eod0	0.041201	0.018620	0.008364	0.001656	0.004066	0.012077	0.006485	0.001444	0.002672	0.009291	0.003849	0.013596	0.008573	0.003242	0.022037	0.056962	0.051825	0.007373	0.004584	0.003170
spd1-0	0.057299	0.052214	0.068059	0.064389	0.059206	0.063859	0.049798	0.053983	0.065188	0.060646	0.066360	0.055630	0.061953	0.058272	0.055968	0.050649	0.056604	0.056653	0.067416	0.060095
spd1-1	0.074143	0.068652	0.074247	0.070104	0.071068	0.072733	0.065900	0.079460	0.075583	0.073446	0.072619	0.073497	0.079553	0.069782	0.079814	0.075877	0.059335	0.070644	0.077743	0.073557
spd1	0.016844	0.016438	0.006187	0.005715	0.011861	0.008874	0.016102	0.025477	0.010395	0.012800	0.006259	0.017867	0.017600	0.011510	0.023846	0.025228	0.002731	0.013990	0.010327	0.013462
aod1-0	0.272039	0.300061	0.350308	0.327274	0.322261	0.340935	0.260455	0.286283	0.310979	0.326198	0.323814	0.285801	0.332499	0.282356	0.251569	0.282479	0.279902	0.315909	0.324687	0.325474
aod1-1	0.309392	0.276582	0.295194	0.298792	0.284410	0.298186	0.270078	0.300641	0.296668	0.293923	0.306800	0.286977	0.325145	0.282344	0.303571	0.335211	0.243145	0.282825	0.307493	0.282449
aod1	0.018676	0.011740	0.027557	0.014241	0.018925	0.021374	0.004812	0.007179	0.007156	0.016137	0.008507	0.000588	0.003677	0.000006	0.026001	0.026366	0.018379	0.016542	0.008597	0.021512
eod1-0	0.245098	0.280423	0.319372	0.298507	0.296296	0.316583	0.238095	0.262887	0.275676	0.300518	0.292683	0.260417	0.307692	0.253807	0.220513	0.259669	0.254902	0.291209	0.293269	0.297143
eod1-1	0.281090	0.252800	0.268868	0.273830	0.258900	0.270451	0.246305	0.268446	0.265574	0.266340	0.277477	0.257282	0.293919	0.256911	0.271739	0.309481	0.223114	0.252174	0.275459	0.249587
eod1	0.035992	0.027623	0.050504	0.024677	0.037397	0.046132	0.008210	0.005559	0.010102	0.034178	0.015205	0.003135	0.013773	0.003103	0.051226	0.049813	0.031788	0.039035	0.017810	0.047556
wcspd-00	0.046243	0.043732	0.056738	0.052933	0.049708	0.048961	0.049475	0.038571	0.049459	0.049020	0.044733	0.032951	0.043091	0.044604	0.041727	0.043601	0.042683	0.043357	0.053097	0.043042
wcspd-01	0.061712	0.060052	0.058591	0.056978	0.058628	0.059790	0.051757	0.060328	0.059477	0.055814	0.060684	0.059807	0.069661	0.054768	0.068331	0.056856	0.042440	0.059140	0.060586	0.057361
wcspd-10	0.067183	0.059250	0.078306	0.074119	0.066823	0.076441	0.050061	0.067155	0.077289	0.070984	0.084439	0.075567	0.077586	0.070175	0.068528	0.056695	0.067633	0.068493	0.079042	0.075255
wcspd-11	0.084971	0.076598	0.088235	0.082767	0.082282	0.084260	0.079298	0.097046	0.090208	0.089233	0.083946	0.086353	0.088585	0.083836	0.090106	0.092926	0.074226	0.080731	0.093009	0.088929
wcspd	0.038728	0.032867	0.031498	0.029834	0.032575	0.035298	0.029823	0.058475	0.040749	0.040213	0.039706	0.053401	0.045494	0.039232	0.048379	0.049325	0.031785	0.037374	0.039912	0.045888
wcaod-00	0.262690	0.304976	0.337752	0.306206	0.345089	0.337022	0.269658	0.263477	0.268854	0.330495	0.315953	0.258461	0.304756	0.270867	0.240197	0.361673	0.254947	0.302101	0.324226	0.323626
wcaod-01	0.344312	0.293137	0.288792	0.301630	0.274650	0.305288	0.262096	0.298215	0.299757	0.279498	0.308169	0.297446	0.340375	0.275093	0.325875	0.353060	0.202956	0.289738	0.303841	0.279607
wcaod-10	0.279070	0.297749	0.359530	0.341800	0.312390	0.345325	0.253866	0.300303	0.338352	0.325499	0.332931	0.304883	0.350988	0.291661	0.262130	0.247841	0.295324	0.326175	0.327708	0.329825
wcaod-11	0.294477	0.266698	0.298077	0.297969	0.289720	0.295678	0.274760	0.305376	0.297827	0.302695	0.306597	0.283720	0.316165	0.289210	0.292591	0.330311	0.262222	0.280005	0.311232	0.287052
wcaod	0.040811	0.019139	0.035369	0.021916	0.035219	0.024823	0.010447	0.020950	0.034749	0.025498	0.013167	0.023211	0.023116	0.010397	0.042839	0.056916	0.046184	0.023085	0.011934	0.025109
wceod-00	0.240000	0.285714	0.310811	0.282051	0.322581	0.318841	0.242857	0.246154	0.242857	0.308824	0.296875	0.245902	0.289855	0.250000	0.220779	0.344828	0.236111	0.283582	0.302632	0.301887
wceod-01	0.321429	0.267281	0.262136	0.278049	0.248869	0.280193	0.239234	0.272300	0.274038	0.254902	0.280000	0.272727	0.307317	0.255411	0.293839	0.333333	0.182266	0.260417	0.275510	0.252381
wceod-10	0.248062	0.277778	0.324786	0.308943	0.283465	0.315385	0.235294	0.271318	0.295652	0.296000	0.290780	0.267176	0.317460	0.256000	0.220339	0.219512	0.265152	0.295652	0.287879	0.295082
wceod-11	0.260870	0.245098	0.272093	0.271505	0.264484	0.265306	0.250000	0.266509	0.261194	0.272059	0.276056	0.248744	0.286822	0.257812	0.260970	0.298429	0.242857	0.248042	0.275434	0.248101
wceod	0.081429	0.040616	0.062650	0.037438	0.073712	0.053534	0.014706	0.026147	0.052795	0.053922	0.020819	0.026826	0.030639	0.007812	0.073500	0.125315	0.082886	0.047610	0.027197	0.053786
