accuracy	0.816966	0.815669	0.813895	0.813622	0.815123	0.816761	0.816625	0.811301	0.810892	0.815806	0.815055	0.814441	0.813622	0.814850	0.816283	0.819286	0.813895	0.816625	0.813827	0.815533
recall	0.667531	0.665399	0.667385	0.664487	0.668082	0.670873	0.670107	0.662531	0.666332	0.666425	0.669472	0.662049	0.666345	0.663763	0.674286	0.673146	0.664684	0.671312	0.664305	0.667190
precision	0.768957	0.773402	0.773629	0.767823	0.768010	0.771715	0.776230	0.768919	0.772346	0.769841	0.773541	0.761558	0.765150	0.769597	0.770078	0.777039	0.775200	0.779188	0.770313	0.773500
f1score	0.692922	0.690972	0.692618	0.689342	0.693079	0.696318	0.695919	0.687092	0.690970	0.691738	0.694836	0.686628	0.690939	0.688965	0.699320	0.699345	0.690064	0.697298	0.689370	0.692703
mcc	0.424540	0.425303	0.428026	0.419778	0.424489	0.430947	0.433538	0.418128	0.425675	0.423831	0.430616	0.411753	0.420030	0.420238	0.433916	0.438033	0.425775	0.437394	0.421491	0.427674
spd0-0	0.077570	0.076493	0.072810	0.080625	0.082662	0.081031	0.078232	0.078115	0.079008	0.076590	0.078448	0.077114	0.077769	0.075537	0.080279	0.073307	0.076639	0.081159	0.076718	0.076780
spd0-1	0.154294	0.150066	0.156612	0.151874	0.154881	0.156301	0.154261	0.151518	0.155246	0.153532	0.156387	0.151897	0.157461	0.151208	0.164278	0.158388	0.150010	0.153587	0.152176	0.153038
spd0	0.076724	0.073574	0.083801	0.071249	0.072219	0.075270	0.076029	0.073403	0.076237	0.076943	0.077939	0.074783	0.079693	0.075671	0.084000	0.085081	0.073372	0.072428	0.075458	0.076258
aod0-0	0.413192	0.400656	0.389595	0.413319	0.432767	0.421850	0.402758	0.419322	0.418092	0.424173	0.419536	0.392898	0.398264	0.395460	0.438343	0.415369	0.410276	0.439972	0.415596	0.401568
aod0-1	0.441455	0.431799	0.441816	0.433182	0.441430	0.447335	0.442332	0.425283	0.435100	0.437317	0.442374	0.436461	0.447725	0.430845	0.462145	0.451171	0.424683	0.437341	0.430030	0.437543
aod0	0.014131	0.015571	0.026110	0.009931	0.004331	0.012743	0.019787	0.002980	0.008504	0.006572	0.011419	0.021782	0.024730	0.017692	0.011901	0.017901	0.007203	0.001316	0.007217	0.017988
eod0-0	0.369863	0.360656	0.351044	0.369287	0.387524	0.376448	0.359168	0.377395	0.377532	0.386740	0.377609	0.349146	0.356364	0.352250	0.397790	0.377246	0.368217	0.399638	0.375000	0.360444
eod0-1	0.387492	0.380759	0.388119	0.380196	0.386977	0.394428	0.392595	0.372775	0.381759	0.381001	0.389386	0.380296	0.389756	0.379623	0.401816	0.397054	0.376401	0.387075	0.377049	0.385882
eod0	0.017628	0.020103	0.037075	0.010909	0.000547	0.017980	0.033427	0.004619	0.004227	0.005739	0.011777	0.031150	0.033392	0.027373	0.004026	0.019808	0.008184	0.012563	0.002049	0.025439
spd1-0	0.085384	0.080893	0.085178	0.085246	0.095511	0.089792	0.081633	0.086629	0.083936	0.081293	0.082436	0.079700	0.080728	0.082392	0.096927	0.090028	0.082046	0.088221	0.087209	0.080518
spd1-1	0.135930	0.133579	0.136382	0.135565	0.136954	0.138630	0.137255	0.134169	0.138156	0.136211	0.138840	0.135383	0.139888	0.133371	0.142926	0.137343	0.132819	0.136560	0.133529	0.136007
spd1	0.050547	0.052686	0.051204	0.050319	0.041443	0.048838	0.055622	0.047540	0.054219	0.054917	0.056404	0.055683	0.059160	0.050979	0.045999	0.047315	0.050773	0.048338	0.046320	0.055489
aod1-0	0.416179	0.373989	0.403157	0.378631	0.406991	0.402943	0.384002	0.388409	0.398730	0.387516	0.402694	0.390315	0.374194	0.380237	0.463565	0.430648	0.401242	0.416244	0.420664	0.366773
aod1-1	0.438147	0.430744	0.434406	0.434174	0.441895	0.446570	0.440989	0.426728	0.434150	0.436641	0.441435	0.432187	0.444094	0.429256	0.454030	0.444527	0.424540	0.438493	0.426421	0.437674
aod1	0.010984	0.028378	0.015625	0.027771	0.017452	0.021813	0.028493	0.019159	0.017710	0.024563	0.019370	0.020936	0.034950	0.024510	0.004767	0.006940	0.011649	0.011125	0.002878	0.035450
eod1-0	0.384858	0.339450	0.369085	0.340361	0.363636	0.362229	0.348387	0.355114	0.367284	0.352381	0.372308	0.356436	0.338558	0.344720	0.423077	0.395770	0.372671	0.381818	0.384868	0.334302
eod1-1	0.384885	0.381537	0.383951	0.382483	0.389594	0.394770	0.391358	0.375468	0.382487	0.384834	0.389182	0.377358	0.389116	0.378754	0.399064	0.394045	0.375465	0.389767	0.375973	0.387137
eod1	0.000027	0.042088	0.014865	0.042121	0.025958	0.032541	0.042971	0.020355	0.015203	0.032453	0.016875	0.020923	0.050558	0.034034	0.024013	0.001725	0.002794	0.007949	0.008896	0.052835
wcspd-00	0.048299	0.051760	0.055854	0.059499	0.065359	0.066028	0.050000	0.048283	0.052254	0.057495	0.053106	0.053533	0.055085	0.048421	0.053362	0.058263	0.039460	0.051797	0.060924	0.044824
wcspd-01	0.084301	0.082685	0.076883	0.085809	0.086713	0.084667	0.084894	0.085232	0.085911	0.081395	0.085023	0.082776	0.083290	0.082084	0.086670	0.076963	0.085809	0.088243	0.080539	0.084442
wcspd-10	0.114458	0.104641	0.108980	0.106202	0.119048	0.108751	0.106150	0.116611	0.112124	0.100756	0.108179	0.100083	0.100917	0.109881	0.131579	0.114566	0.119026	0.117300	0.109712	0.107843
wcspd-11	0.159666	0.156293	0.162892	0.158115	0.159759	0.162761	0.160865	0.156344	0.160623	0.160826	0.162708	0.159096	0.165315	0.156854	0.168762	0.164613	0.153970	0.158586	0.157633	0.159483
wcspd	0.111367	0.104534	0.107038	0.098616	0.094400	0.096733	0.110865	0.108061	0.108369	0.103331	0.109601	0.105563	0.110230	0.108433	0.115400	0.106350	0.114510	0.106789	0.096709	0.114659
wcaod-00	0.351838	0.301888	0.393641	0.389952	0.454072	0.458221	0.382811	0.327842	0.341249	0.423690	0.386148	0.421589	0.327856	0.292652	0.452203	0.440982	0.317255	0.332298	0.434014	0.372090
wcaod-01	0.422303	0.417721	0.389719	0.418365	0.430482	0.417010	0.407237	0.434822	0.433067	0.425110	0.426769	0.390561	0.410101	0.412608	0.438245	0.412124	0.425282	0.457303	0.413445	0.407697
wcaod-10	0.430654	0.397771	0.407675	0.378938	0.399227	0.389794	0.389373	0.407256	0.420939	0.379879	0.410226	0.385493	0.389108	0.406677	0.474817	0.430070	0.426182	0.442385	0.417927	0.372318
wcaod-11	0.443691	0.435896	0.445926	0.438768	0.446087	0.453295	0.447601	0.427868	0.437372	0.443513	0.446429	0.442199	0.454525	0.433867	0.461512	0.454305	0.425181	0.437682	0.432042	0.444922
wcaod	0.045927	0.067004	0.028103	0.029915	0.027422	0.034214	0.032395	0.053490	0.048062	0.031817	0.030140	0.028353	0.063335	0.070608	0.018286	0.021090	0.054464	0.062503	0.010284	0.036416
wceod-00	0.321429	0.269231	0.362319	0.358025	0.415385	0.420290	0.354839	0.300000	0.313253	0.394737	0.358974	0.393939	0.293333	0.260870	0.423729	0.409091	0.295082	0.301370	0.400000	0.349206
wceod-01	0.375824	0.375796	0.349345	0.371245	0.383621	0.369710	0.359743	0.389381	0.389130	0.385439	0.380846	0.342733	0.366316	0.366516	0.394628	0.372414	0.378022	0.414583	0.371179	0.361925
wceod-10	0.398467	0.361446	0.370968	0.334661	0.351449	0.346457	0.346774	0.368794	0.385892	0.338912	0.376518	0.345992	0.352459	0.367589	0.422925	0.392453	0.390805	0.404669	0.380342	0.330961
wceod-11	0.386423	0.382538	0.389648	0.384417	0.390625	0.398899	0.396727	0.373183	0.381407	0.384729	0.390535	0.383346	0.393121	0.380742	0.399853	0.397502	0.375045	0.385428	0.376770	0.391611
wceod	0.077039	0.113307	0.040303	0.049755	0.063935	0.073833	0.049953	0.089381	0.075877	0.055825	0.031560	0.051206	0.099788	0.119873	0.029101	0.036677	0.095723	0.113213	0.028821	0.060650
