accuracy	0.862708	0.862076	0.859128	0.856812	0.858497	0.831333	0.862287	0.854917	0.851127	0.856601	0.864814	0.859760	0.861445	0.849863	0.856601	0.864603	0.856601	0.863129	0.860813	0.855338
recall	0.705180	0.678534	0.623323	0.667179	0.659846	0.500000	0.672577	0.701651	0.721110	0.652068	0.664142	0.673903	0.707970	0.723781	0.720635	0.684884	0.653917	0.640789	0.666211	0.659836
precision	0.758090	0.775587	0.805268	0.769122	0.761294	0.415666	0.763092	0.747071	0.746827	0.761871	0.784312	0.773226	0.764417	0.738884	0.738955	0.775869	0.787214	0.789039	0.759898	0.763552
f1score	0.726239	0.709443	0.655806	0.697770	0.690042	0.453950	0.701983	0.720083	0.732568	0.682646	0.698108	0.704754	0.730083	0.730840	0.729104	0.715133	0.687377	0.675042	0.695736	0.690047
mcc	0.460238	0.443629	0.388054	0.424225	0.408738	0.000000	0.426162	0.446417	0.467230	0.399110	0.432053	0.435959	0.469003	0.462418	0.459225	0.451680	0.420510	0.403453	0.415682	0.410488
spd0-0	0.093626	0.070859	0.043629	0.073345	0.083882	0.000000	0.073192	0.103025	0.116466	0.072584	0.065495	0.084034	0.103020	0.122061	0.111398	0.080588	0.066067	0.052746	0.071210	0.068376
spd0-1	0.157235	0.132075	0.077239	0.122961	0.104369	0.000000	0.126159	0.162885	0.190590	0.106011	0.109943	0.117765	0.152984	0.194324	0.185644	0.128246	0.103407	0.091650	0.122764	0.120744
spd0	0.063609	0.061216	0.033611	0.049615	0.020487	0.000000	0.052967	0.059860	0.074124	0.033427	0.044449	0.033732	0.049964	0.072263	0.074246	0.047658	0.037340	0.038903	0.051554	0.052368
aod0-0	0.485395	0.411620	0.262767	0.396538	0.423904	0.000000	0.409810	0.483451	0.541707	0.375039	0.390968	0.419693	0.513591	0.561576	0.539300	0.451053	0.356183	0.296547	0.396429	0.345998
aod0-1	0.558264	0.463060	0.300247	0.433700	0.388619	0.000000	0.450083	0.569389	0.633909	0.386887	0.402784	0.438264	0.543088	0.651349	0.636001	0.463851	0.380401	0.358547	0.436464	0.437667
aod0	0.036435	0.025720	0.018740	0.018581	0.017642	0.000000	0.020137	0.042969	0.046101	0.005924	0.005908	0.009286	0.014748	0.044887	0.048351	0.006399	0.012109	0.031000	0.020018	0.045834
eod0-0	0.444444	0.386760	0.250814	0.369637	0.386885	0.000000	0.377778	0.433121	0.483766	0.343333	0.369338	0.382353	0.463668	0.501608	0.481229	0.422819	0.332237	0.277027	0.366548	0.316832
eod0-1	0.482897	0.404896	0.274354	0.378788	0.344130	0.000000	0.394584	0.490040	0.538889	0.341897	0.357422	0.393064	0.478424	0.547389	0.539877	0.406680	0.342541	0.325911	0.380198	0.385797
eod0	0.038453	0.018137	0.023540	0.009151	0.042756	0.000000	0.016806	0.056919	0.055123	0.001436	0.011916	0.010711	0.014756	0.045781	0.058649	0.016139	0.010305	0.048884	0.013650	0.068965
spd1-0	0.101067	0.082192	0.053750	0.078652	0.072750	0.000000	0.088806	0.106173	0.122133	0.064475	0.081131	0.067423	0.110622	0.131692	0.121212	0.086741	0.065955	0.055834	0.079159	0.081620
spd1-1	0.139734	0.113586	0.064465	0.110264	0.105280	0.000000	0.106984	0.148610	0.172832	0.102621	0.092569	0.118912	0.138695	0.175736	0.163349	0.115470	0.095977	0.081458	0.107599	0.103690
spd1	0.038667	0.031394	0.010715	0.031612	0.032529	0.000000	0.018179	0.042437	0.050699	0.038145	0.011438	0.051489	0.028073	0.044044	0.042137	0.028729	0.030022	0.025624	0.028440	0.022070
aod1-0	0.475978	0.401172	0.291568	0.353341	0.328960	0.000000	0.433274	0.477359	0.501068	0.284969	0.399003	0.368239	0.483317	0.562053	0.545009	0.402562	0.317000	0.307951	0.387194	0.393113
aod1-1	0.548578	0.455838	0.281469	0.441385	0.430702	0.000000	0.432638	0.555461	0.634119	0.417993	0.393549	0.455467	0.549788	0.636416	0.616589	0.478288	0.392639	0.344240	0.431481	0.404997
aod1	0.036300	0.027333	0.005049	0.044022	0.050871	0.000000	0.000318	0.039051	0.066525	0.066512	0.002727	0.043614	0.033236	0.037181	0.035790	0.037863	0.037819	0.018144	0.022144	0.005942
eod1-0	0.429825	0.365639	0.272727	0.314655	0.293860	0.000000	0.392694	0.421525	0.433333	0.251121	0.365957	0.344186	0.427966	0.495968	0.484581	0.364017	0.293173	0.288372	0.351351	0.356828
eod1-1	0.484099	0.411168	0.262712	0.398998	0.387040	0.000000	0.387324	0.485666	0.552632	0.377358	0.359929	0.404918	0.491468	0.544828	0.531532	0.433099	0.357860	0.314783	0.384752	0.361809
eod1	0.054274	0.045529	0.010015	0.084343	0.093181	0.000000	0.005370	0.064141	0.119298	0.126237	0.006028	0.060732	0.063501	0.048860	0.046950	0.069082	0.064687	0.026411	0.033400	0.004981
wcspd-00	0.058745	0.061252	0.028834	0.047814	0.058824	0.000000	0.054930	0.081365	0.073469	0.043776	0.053247	0.039894	0.079730	0.087766	0.075798	0.056396	0.040616	0.045273	0.055191	0.061983
wcspd-01	0.110747	0.075647	0.050902	0.085771	0.095329	0.000000	0.081515	0.113891	0.137450	0.086118	0.071761	0.106030	0.114418	0.139726	0.128417	0.092166	0.078094	0.056384	0.079188	0.071476
wcspd-10	0.138626	0.100585	0.076464	0.104598	0.084408	0.000000	0.115861	0.128205	0.162870	0.082256	0.106184	0.092216	0.137485	0.169530	0.162260	0.111612	0.086560	0.065243	0.100467	0.097838
wcspd-11	0.166871	0.148533	0.077646	0.132684	0.114886	0.000000	0.131910	0.181366	0.205521	0.118560	0.111936	0.130672	0.160996	0.207332	0.197864	0.137376	0.112394	0.105459	0.134663	0.132969
wcspd	0.108126	0.087281	0.048812	0.084870	0.056062	0.000000	0.076980	0.100002	0.132052	0.074784	0.058689	0.090778	0.081267	0.119566	0.122066	0.080980	0.071777	0.060186	0.079473	0.070986
wcaod-00	0.412523	0.414726	0.227874	0.271181	0.316596	0.000000	0.371997	0.460869	0.371797	0.217485	0.419970	0.340037	0.391325	0.478635	0.385035	0.388390	0.262452	0.283024	0.377161	0.355492
wcaod-01	0.512184	0.410789	0.274341	0.439673	0.458952	0.000000	0.421659	0.492978	0.602897	0.418169	0.382171	0.448671	0.568354	0.600125	0.593196	0.473824	0.389271	0.301991	0.404745	0.342483
wcaod-10	0.517032	0.399442	0.328305	0.400135	0.335897	0.000000	0.463376	0.492368	0.575128	0.314302	0.398685	0.387741	0.542952	0.622467	0.629193	0.417212	0.345115	0.324127	0.398611	0.414486
wcaod-11	0.577665	0.489434	0.288219	0.448114	0.413181	0.000000	0.444770	0.601467	0.659527	0.420809	0.404407	0.459626	0.542767	0.664945	0.641018	0.486013	0.397364	0.373454	0.452999	0.448829
wcaod	0.082571	0.044996	0.050216	0.088467	0.071178	0.000000	0.045689	0.070299	0.143865	0.101662	0.018900	0.059794	0.088514	0.093155	0.127991	0.048812	0.067456	0.045215	0.037919	0.053173
wceod-00	0.388889	0.392405	0.219178	0.246753	0.283784	0.000000	0.344262	0.419753	0.329114	0.187500	0.402778	0.328358	0.348315	0.442105	0.337838	0.368421	0.246753	0.265060	0.355263	0.324675
wceod-01	0.462222	0.384615	0.260684	0.411504	0.419913	0.000000	0.387560	0.437768	0.537118	0.385593	0.358140	0.397490	0.515000	0.527778	0.529680	0.441441	0.361233	0.281690	0.370732	0.314159
wceod-10	0.448718	0.351351	0.299320	0.348387	0.298701	0.000000	0.411392	0.422535	0.484472	0.276730	0.349693	0.351351	0.476190	0.529412	0.555556	0.361963	0.313953	0.303030	0.349315	0.373333
wceod-11	0.498534	0.425587	0.264045	0.391421	0.364706	0.000000	0.387187	0.516667	0.562005	0.371758	0.361032	0.409704	0.479275	0.554945	0.532738	0.427746	0.355795	0.334254	0.392758	0.390836
wceod	0.109645	0.074236	0.080142	0.164751	0.136130	0.000000	0.067130	0.096914	0.232891	0.198093	0.053085	0.081345	0.166685	0.112840	0.217718	0.079478	0.114480	0.069194	0.043443	0.076676
