accuracy	0.853073	0.854348	0.851797	0.856475	0.855199	0.855199	0.852860	0.847969	0.852860	0.855199	0.863066	0.849458	0.854986	0.852435	0.843079	0.868807	0.848820	0.858388	0.851584	0.855199
recall	0.621710	0.626835	0.633291	0.631637	0.631612	0.628146	0.615770	0.623666	0.629407	0.631232	0.634735	0.624069	0.632703	0.629670	0.618976	0.635861	0.612461	0.622025	0.626974	0.627658
precision	0.759527	0.782191	0.773273	0.759082	0.775958	0.771404	0.769769	0.765364	0.756498	0.774620	0.775169	0.755447	0.758294	0.767500	0.751185	0.788253	0.778102	0.757648	0.761344	0.757068
f1score	0.650630	0.657868	0.664001	0.661838	0.662923	0.658832	0.644359	0.652311	0.658753	0.662418	0.667456	0.652413	0.662680	0.659789	0.645513	0.670641	0.639964	0.651671	0.656305	0.657268
mcc	0.355454	0.378374	0.381706	0.369349	0.381154	0.372984	0.353447	0.362307	0.364377	0.379678	0.385098	0.356051	0.370277	0.372487	0.345745	0.395789	0.353698	0.354624	0.364329	0.362308
spd0-0	0.061846	0.060415	0.060252	0.062362	0.063158	0.057377	0.051971	0.056180	0.062012	0.056782	0.054862	0.058589	0.066999	0.064085	0.061344	0.051677	0.049445	0.056287	0.058257	0.059135
spd0-1	0.078275	0.076861	0.091166	0.088452	0.081811	0.084164	0.076083	0.088378	0.089470	0.087762	0.086550	0.089796	0.087009	0.084691	0.087289	0.080497	0.073651	0.079600	0.088783	0.088223
spd0	0.016428	0.016446	0.030914	0.026090	0.018653	0.026787	0.024111	0.032198	0.027458	0.030979	0.031688	0.031207	0.020010	0.020605	0.025945	0.028819	0.024206	0.023313	0.030526	0.029088
aod0-0	0.333763	0.319689	0.313492	0.325637	0.328219	0.313813	0.271377	0.307799	0.325944	0.305092	0.318205	0.320222	0.336511	0.341523	0.312716	0.346432	0.258598	0.311434	0.306141	0.337748
aod0-1	0.287523	0.295113	0.333219	0.330902	0.314344	0.313851	0.288682	0.308381	0.326529	0.327189	0.331466	0.311774	0.329108	0.308524	0.300367	0.310807	0.277277	0.300035	0.323062	0.312682
aod0	0.023120	0.012288	0.009863	0.002633	0.006937	0.000019	0.008652	0.000291	0.000292	0.011048	0.006631	0.004224	0.003702	0.016500	0.006174	0.017813	0.009340	0.005700	0.008460	0.012533
eod0-0	0.306273	0.292857	0.285714	0.296820	0.300353	0.289855	0.247312	0.284173	0.298561	0.279412	0.295455	0.295374	0.302920	0.316832	0.284722	0.327660	0.236364	0.285714	0.279412	0.311787
eod0-1	0.255769	0.271536	0.301645	0.294949	0.286260	0.281609	0.262042	0.273056	0.288201	0.296435	0.298387	0.272212	0.296296	0.273084	0.263158	0.281188	0.253623	0.267068	0.287850	0.274662
eod0	0.050504	0.021322	0.015931	0.001870	0.014094	0.008246	0.014731	0.011117	0.010360	0.017024	0.002933	0.023162	0.006623	0.043747	0.021564	0.046471	0.017260	0.018646	0.008439	0.037126
spd1-0	0.060709	0.054858	0.071429	0.072273	0.059206	0.065897	0.052490	0.053983	0.067876	0.063942	0.065703	0.060322	0.060606	0.060281	0.055968	0.050000	0.059299	0.057971	0.067416	0.060095
spd1-1	0.075070	0.075862	0.078906	0.077649	0.079912	0.074280	0.070252	0.082286	0.080871	0.077527	0.074191	0.081595	0.085457	0.081620	0.083851	0.075245	0.063995	0.073783	0.078056	0.080695
spd1	0.014360	0.021004	0.007478	0.005375	0.020705	0.008384	0.017762	0.028304	0.012995	0.013585	0.008487	0.021273	0.024851	0.021339	0.027883	0.025245	0.004696	0.015812	0.010641	0.020601
aod1-0	0.280111	0.316689	0.372023	0.353230	0.322261	0.343291	0.272579	0.281883	0.341876	0.347679	0.331292	0.313381	0.304830	0.293280	0.247217	0.286533	0.299510	0.317406	0.328728	0.345268
aod1-1	0.310524	0.301280	0.311668	0.318801	0.318686	0.302665	0.285515	0.314769	0.319515	0.310183	0.322914	0.313026	0.341539	0.328004	0.320264	0.331633	0.261122	0.298861	0.311730	0.312841
aod1	0.015207	0.007704	0.030178	0.017215	0.001787	0.020313	0.006468	0.016443	0.011181	0.018748	0.004189	0.000178	0.018355	0.017362	0.036524	0.022550	0.019194	0.009273	0.008499	0.016214
eod1-0	0.250000	0.296296	0.340314	0.318408	0.296296	0.316583	0.248677	0.257732	0.308108	0.321244	0.302439	0.286458	0.276923	0.263959	0.215385	0.265193	0.274510	0.291209	0.298077	0.320000
eod1-1	0.281090	0.273600	0.283019	0.287695	0.289644	0.273790	0.259442	0.282575	0.286885	0.281046	0.295495	0.278317	0.305743	0.297561	0.287267	0.305903	0.239165	0.267826	0.280467	0.277686
eod1	0.031090	0.022696	0.057295	0.030713	0.006652	0.042793	0.010764	0.024843	0.021223	0.040198	0.006944	0.008141	0.028820	0.033602	0.071882	0.040710	0.035344	0.023383	0.017609	0.042314
wcspd-00	0.047688	0.048105	0.056738	0.055794	0.051170	0.051929	0.047976	0.037143	0.054096	0.050420	0.047619	0.038682	0.047548	0.048921	0.040288	0.045007	0.047256	0.047552	0.051622	0.044476
wcspd-01	0.068348	0.065927	0.061883	0.065301	0.068621	0.059790	0.053674	0.064918	0.065359	0.059801	0.058102	0.067524	0.075521	0.070876	0.070959	0.054849	0.050398	0.060484	0.061252	0.065647
wcspd-10	0.072351	0.060459	0.084724	0.086270	0.065651	0.077694	0.056166	0.068376	0.078478	0.075965	0.080820	0.079345	0.071429	0.070175	0.069797	0.054282	0.068841	0.067248	0.080240	0.073980
wcspd-11	0.080925	0.085042	0.094118	0.089561	0.090090	0.087185	0.085956	0.098252	0.094955	0.093397	0.089461	0.094807	0.094530	0.091677	0.095406	0.093525	0.075979	0.085445	0.093009	0.094979
wcspd	0.033237	0.036937	0.037380	0.033767	0.038920	0.035257	0.037980	0.061109	0.040860	0.042977	0.041842	0.056125	0.046982	0.042756	0.055119	0.048518	0.028723	0.037892	0.041387	0.050502
wcaod-00	0.252599	0.324059	0.337752	0.309426	0.346696	0.353168	0.280593	0.248092	0.324263	0.332043	0.347203	0.309211	0.296885	0.324817	0.227210	0.378914	0.284437	0.320112	0.311068	0.377124
wcaod-01	0.364957	0.319220	0.304879	0.331916	0.323805	0.301218	0.268355	0.327146	0.326821	0.296510	0.309463	0.325417	0.351263	0.347598	0.344833	0.336111	0.249589	0.309028	0.304607	0.329433
wcaod-10	0.297674	0.312196	0.395228	0.382892	0.311013	0.340626	0.267983	0.301753	0.354366	0.357499	0.328571	0.321658	0.311305	0.278633	0.263623	0.245008	0.309039	0.317480	0.341437	0.335001
wcaod-11	0.283817	0.291106	0.315180	0.312449	0.315545	0.304850	0.295455	0.311642	0.317727	0.318187	0.331949	0.308590	0.334758	0.317606	0.308819	0.332929	0.266152	0.295343	0.316341	0.307158
wcaod	0.056179	0.016477	0.045175	0.036733	0.017842	0.025975	0.013736	0.039527	0.018319	0.030494	0.018870	0.008414	0.027189	0.034483	0.058812	0.066953	0.029725	0.012385	0.018415	0.034983
wceod-00	0.226667	0.301587	0.310811	0.282051	0.322581	0.333333	0.257143	0.230769	0.300000	0.308824	0.328125	0.295082	0.275362	0.305556	0.207792	0.362069	0.263889	0.298507	0.289474	0.358491
wceod-01	0.336735	0.290323	0.276699	0.302439	0.294118	0.275362	0.244019	0.300469	0.298077	0.269608	0.285000	0.295455	0.312195	0.320346	0.312796	0.316384	0.226601	0.281250	0.275510	0.300000
wceod-10	0.263566	0.293651	0.358974	0.341463	0.283465	0.307692	0.243697	0.271318	0.313043	0.328000	0.290780	0.282443	0.277778	0.240000	0.220339	0.219512	0.280303	0.286957	0.303030	0.303279
wceod-11	0.253197	0.264706	0.286047	0.279570	0.287154	0.272959	0.267500	0.273585	0.281095	0.286765	0.301408	0.268844	0.302326	0.283854	0.274827	0.301047	0.245238	0.261097	0.282878	0.265823
wceod	0.110068	0.036881	0.082275	0.061894	0.039116	0.060374	0.023803	0.069700	0.031949	0.058392	0.043125	0.026610	0.036833	0.080346	0.105004	0.142557	0.053702	0.037411	0.027520	0.092668
