accuracy	0.816111	0.807333	0.811778	0.815556	0.802222	0.804889	0.804111	0.810667	0.810111	0.809889	0.808889	0.807889	0.807778	0.807444	0.803444	0.808667	0.809111	0.817333	0.802111	0.815444
recall	0.606350	0.601500	0.608412	0.602954	0.594761	0.597974	0.598029	0.610132	0.608327	0.604888	0.602901	0.613602	0.599916	0.598453	0.605907	0.603586	0.603023	0.618378	0.602687	0.608321
precision	0.773427	0.758880	0.771364	0.761254	0.754731	0.769475	0.759431	0.756544	0.767098	0.757410	0.775761	0.759642	0.767904	0.761214	0.763907	0.762541	0.768219	0.779145	0.768042	0.763423
f1score	0.625237	0.617303	0.626828	0.621036	0.607395	0.611723	0.611988	0.628984	0.626414	0.622262	0.618970	0.632553	0.615067	0.613303	0.621827	0.620188	0.619413	0.640292	0.617218	0.627719
mcc	0.341051	0.324199	0.343040	0.328008	0.310732	0.324971	0.318947	0.336177	0.340200	0.328629	0.336905	0.343487	0.327218	0.320733	0.334362	0.329821	0.332462	0.363564	0.331810	0.337842
spd0-0	0.066570	0.066225	0.071718	0.067728	0.065254	0.059937	0.068713	0.076386	0.071731	0.069364	0.067090	0.078840	0.063660	0.065274	0.075255	0.066765	0.067343	0.073958	0.070526	0.071244
spd0-1	0.077477	0.083614	0.078579	0.076053	0.076774	0.080864	0.074546	0.085819	0.082515	0.084685	0.073719	0.090282	0.078073	0.076837	0.079612	0.083774	0.077933	0.086361	0.078226	0.080681
spd0	0.010907	0.017389	0.006861	0.008325	0.011521	0.020927	0.005833	0.009432	0.010784	0.015321	0.006629	0.011442	0.014413	0.011564	0.004357	0.017009	0.010590	0.012403	0.007701	0.009437
aod0-0	0.257322	0.254191	0.278369	0.265039	0.238549	0.225972	0.258641	0.292363	0.268069	0.265924	0.254488	0.291052	0.242646	0.246541	0.275929	0.262660	0.260689	0.285011	0.259641	0.274132
aod0-1	0.270566	0.266590	0.258914	0.254920	0.251444	0.267268	0.238480	0.273058	0.277955	0.273616	0.251446	0.292820	0.259111	0.253852	0.258785	0.263804	0.254301	0.298727	0.254905	0.273308
aod0	0.006622	0.006200	0.009728	0.005059	0.006447	0.020648	0.010081	0.009653	0.004943	0.003846	0.001521	0.000884	0.008233	0.003655	0.008572	0.000572	0.003194	0.006858	0.002368	0.000412
eod0-0	0.234729	0.230563	0.255282	0.239292	0.215017	0.204586	0.234738	0.265487	0.241950	0.241689	0.231718	0.261967	0.220143	0.222715	0.249364	0.241007	0.237455	0.260946	0.236123	0.247956
eod0-1	0.241814	0.231555	0.227273	0.225268	0.218859	0.239203	0.206936	0.233843	0.247664	0.236111	0.226501	0.255946	0.230508	0.223760	0.227834	0.226862	0.224605	0.267386	0.224886	0.241297
eod0	0.007084	0.000992	0.028009	0.014024	0.003842	0.034617	0.027801	0.031644	0.005714	0.005578	0.005217	0.006021	0.010366	0.001045	0.021530	0.014145	0.012850	0.006440	0.011237	0.006660
spd1-0	0.066308	0.069332	0.070529	0.067581	0.064957	0.064180	0.067710	0.078554	0.072478	0.072260	0.066048	0.077772	0.065063	0.066088	0.074237	0.070306	0.068221	0.075128	0.070958	0.071010
spd1-1	0.115012	0.110706	0.113553	0.104567	0.119753	0.108108	0.103912	0.095238	0.110577	0.111702	0.107540	0.137972	0.113861	0.108108	0.104938	0.107188	0.105459	0.118863	0.100251	0.115672
spd1	0.048704	0.041373	0.043024	0.036987	0.054796	0.043928	0.036202	0.016684	0.038099	0.039442	0.041492	0.060199	0.048798	0.042020	0.030701	0.036882	0.037238	0.043735	0.029292	0.044661
aod1-0	0.254165	0.250904	0.259092	0.254422	0.231528	0.235929	0.246067	0.281123	0.265559	0.263742	0.246100	0.277495	0.242335	0.242015	0.265102	0.255069	0.253247	0.284624	0.252583	0.268058
aod1-1	0.336935	0.328073	0.357968	0.310041	0.344664	0.307261	0.284396	0.306240	0.327459	0.317159	0.312053	0.413703	0.315668	0.312529	0.300847	0.323529	0.299781	0.342202	0.299343	0.326237
aod1	0.041385	0.038584	0.049438	0.027810	0.056568	0.035666	0.019164	0.012559	0.030950	0.026709	0.032976	0.068104	0.036667	0.035257	0.017873	0.034230	0.023267	0.028789	0.023380	0.029090
eod1-0	0.232153	0.224662	0.233803	0.228809	0.206340	0.213766	0.221353	0.250701	0.239437	0.236127	0.224090	0.248622	0.220349	0.217564	0.238919	0.228475	0.230296	0.259153	0.227371	0.242583
eod1-1	0.281106	0.281250	0.319635	0.265487	0.296137	0.264000	0.234310	0.262626	0.282609	0.265403	0.270386	0.348624	0.258772	0.266376	0.250000	0.285068	0.244131	0.298246	0.264317	0.265116
eod1	0.048953	0.056588	0.085832	0.036678	0.089797	0.050234	0.012957	0.011925	0.043172	0.029276	0.046297	0.100002	0.038423	0.048812	0.011081	0.056593	0.013835	0.039092	0.036946	0.022533
wcspd-00	0.061025	0.061507	0.066253	0.062641	0.058639	0.053642	0.065097	0.073806	0.067136	0.064249	0.061819	0.072178	0.058384	0.060436	0.070835	0.061779	0.062977	0.069057	0.066912	0.066818
wcspd-01	0.111111	0.104907	0.116162	0.109428	0.119250	0.110368	0.098807	0.096880	0.108020	0.115242	0.110535	0.130719	0.107826	0.104553	0.111876	0.110708	0.103986	0.118081	0.101399	0.108963
wcspd-10	0.074279	0.080708	0.076694	0.074871	0.073867	0.079214	0.071580	0.085465	0.080192	0.083552	0.071951	0.085647	0.074578	0.074162	0.079088	0.082662	0.075798	0.083981	0.076923	0.077084
wcspd-11	0.126168	0.125541	0.106667	0.092437	0.121076	0.102767	0.116883	0.090909	0.117647	0.102804	0.100000	0.156780	0.128755	0.117647	0.087336	0.099174	0.109170	0.120690	0.097345	0.131915
wcspd	0.065143	0.064034	0.049909	0.046786	0.062437	0.056726	0.051786	0.023074	0.050511	0.050993	0.048716	0.084602	0.070372	0.057211	0.041041	0.048929	0.046193	0.051632	0.034486	0.065097
wcaod-00	0.245258	0.244765	0.261719	0.254274	0.220779	0.209757	0.259672	0.288851	0.259428	0.256498	0.244093	0.274226	0.231674	0.238991	0.269577	0.250098	0.252520	0.274386	0.251301	0.270481
wcaod-01	0.343451	0.316763	0.391660	0.340880	0.350755	0.328728	0.263491	0.319331	0.324230	0.336865	0.324958	0.409468	0.321051	0.300808	0.324958	0.350054	0.323610	0.358822	0.319207	0.307846
wcaod-10	0.266867	0.259825	0.256712	0.255503	0.245828	0.267997	0.230437	0.273007	0.273672	0.274099	0.248954	0.282372	0.255869	0.246718	0.260220	0.263230	0.255009	0.298539	0.254863	0.265829
wcaod-11	0.325143	0.356755	0.288018	0.247700	0.328518	0.265196	0.340500	0.274047	0.336347	0.272083	0.281646	0.425670	0.310689	0.337243	0.242683	0.271396	0.260157	0.310658	0.258394	0.368119
wcaod	0.049097	0.055995	0.067474	0.046590	0.064988	0.059486	0.055032	0.023162	0.038460	0.040184	0.040432	0.075722	0.044689	0.049126	0.041138	0.049978	0.035545	0.042218	0.033953	0.051145
wceod-00	0.226131	0.223149	0.240122	0.231432	0.199402	0.190918	0.238625	0.263903	0.235234	0.234990	0.223819	0.249000	0.212152	0.218201	0.246094	0.230052	0.232344	0.251769	0.228870	0.247899
wceod-01	0.291391	0.275000	0.355705	0.289655	0.307692	0.284848	0.212644	0.276596	0.281437	0.285714	0.279503	0.348993	0.271523	0.250000	0.270968	0.312925	0.273381	0.320261	0.285714	0.248322
wceod-10	0.240385	0.226438	0.225888	0.225594	0.215094	0.240831	0.200000	0.234257	0.244641	0.237500	0.224414	0.248157	0.230198	0.216792	0.230024	0.226601	0.227833	0.268775	0.225405	0.235984
wceod-11	0.257576	0.296875	0.242857	0.222222	0.265625	0.223529	0.292308	0.228070	0.285714	0.218750	0.250000	0.347826	0.233766	0.304348	0.200000	0.229730	0.189189	0.253333	0.219178	0.303030
wceod	0.065260	0.073726	0.129816	0.067433	0.108291	0.093930	0.092308	0.048526	0.050480	0.066964	0.055684	0.100836	0.059371	0.087556	0.070968	0.086324	0.084192	0.068492	0.066536	0.067046
