accuracy	0.604619	0.626328	0.622633	0.619400	0.621247	0.640647	0.612471	0.617090	0.625404	0.620323	0.618938	0.629099	0.633256	0.650346	0.622633	0.630485	0.628637	0.621709	0.638337	0.621709
recall	0.595000	0.619117	0.611084	0.609461	0.610141	0.628288	0.602625	0.603091	0.617252	0.609418	0.608420	0.618862	0.625384	0.637562	0.612467	0.622284	0.621712	0.612315	0.627044	0.609227
precision	0.599884	0.622732	0.618235	0.615375	0.611810	0.635791	0.606423	0.612983	0.619703	0.611679	0.612965	0.624507	0.634289	0.644239	0.617776	0.627409	0.626446	0.615172	0.634210	0.615638
f1score	0.593946	0.619112	0.610110	0.608639	0.610661	0.628273	0.602553	0.600593	0.617666	0.609954	0.608348	0.618673	0.623123	0.638243	0.612146	0.621966	0.621218	0.612711	0.626841	0.608751
mcc	0.194823	0.241822	0.229208	0.224758	0.221945	0.263972	0.209014	0.215848	0.236942	0.221085	0.221338	0.243303	0.259521	0.281722	0.230181	0.249640	0.248113	0.227469	0.261156	0.224774
spd0-0	0.589041	0.568966	0.613975	0.606877	0.573341	0.610792	0.588850	0.636623	0.570040	0.575272	0.587791	0.590136	0.610052	0.593349	0.598961	0.584527	0.585076	0.571839	0.599078	0.606999
spd0-1	0.743341	0.703529	0.704057	0.680952	0.671141	0.702128	0.677201	0.733010	0.668269	0.686603	0.707865	0.733167	0.721198	0.733925	0.685185	0.707143	0.684343	0.696471	0.731935	0.718009
spd0	0.154300	0.134564	0.090082	0.074076	0.097800	0.091335	0.088351	0.096387	0.098229	0.111331	0.120074	0.143031	0.111146	0.140576	0.086224	0.122616	0.099267	0.124632	0.132856	0.111010
aod0-0	1.168682	1.131041	1.220214	1.206347	1.123522	1.203410	1.167736	1.262085	1.127019	1.133481	1.165530	1.167284	1.219963	1.168538	1.183910	1.156837	1.160232	1.128367	1.182881	1.201188
aod0-1	1.452638	1.338399	1.335093	1.281254	1.286753	1.350313	1.292859	1.412010	1.246677	1.323643	1.340115	1.392469	1.367267	1.380231	1.323936	1.371662	1.330671	1.340000	1.412936	1.365147
aod0	0.141978	0.103679	0.057440	0.037454	0.081616	0.073451	0.062562	0.074963	0.059829	0.095081	0.087293	0.112592	0.073652	0.105846	0.070013	0.107413	0.085219	0.105817	0.115027	0.081980
eod0-0	0.680087	0.680804	0.719027	0.705752	0.672287	0.733620	0.683628	0.731892	0.670259	0.680511	0.683278	0.693790	0.732102	0.716157	0.705435	0.703825	0.707291	0.677072	0.721436	0.703024
eod0-1	0.794574	0.780576	0.773050	0.770909	0.739583	0.776119	0.747405	0.805344	0.774074	0.728223	0.791096	0.834646	0.803509	0.828283	0.760300	0.779070	0.748971	0.760000	0.801471	0.805147
eod0	0.114487	0.099772	0.054023	0.065157	0.067297	0.042500	0.063777	0.073452	0.103815	0.047712	0.107818	0.140856	0.071407	0.112126	0.054865	0.075245	0.041681	0.082928	0.080034	0.102123
spd1-0	0.562719	0.535538	0.595304	0.598297	0.559633	0.601695	0.581033	0.616737	0.558058	0.545139	0.574126	0.579513	0.591962	0.565734	0.591909	0.575843	0.572222	0.544107	0.600837	0.592567
spd1-1	0.726287	0.709677	0.704324	0.664021	0.657754	0.679573	0.655585	0.728129	0.647849	0.699310	0.687075	0.684005	0.717360	0.733333	0.661376	0.670715	0.664828	0.695187	0.673497	0.698241
spd1	0.163568	0.174139	0.109020	0.065724	0.098121	0.077878	0.074552	0.111392	0.089792	0.154171	0.112949	0.104492	0.125398	0.167599	0.069467	0.094873	0.092605	0.151080	0.072660	0.105674
aod1-0	1.122398	1.067628	1.179146	1.191034	1.102415	1.192779	1.154201	1.229658	1.103431	1.079075	1.139056	1.156244	1.187092	1.116858	1.175861	1.148815	1.140467	1.071201	1.189985	1.175226
aod1-1	1.402147	1.374479	1.371499	1.275345	1.265231	1.303664	1.258897	1.406618	1.241385	1.340645	1.322304	1.303931	1.389871	1.407194	1.279271	1.284235	1.293480	1.355797	1.293244	1.353047
aod1	0.139874	0.153426	0.096176	0.042155	0.081408	0.055442	0.052348	0.088480	0.068977	0.130785	0.091624	0.073844	0.101389	0.145168	0.051705	0.067710	0.076506	0.142298	0.051629	0.088910
eod1-0	0.635989	0.650485	0.701708	0.691034	0.664915	0.725916	0.665312	0.711724	0.652980	0.642951	0.666222	0.685997	0.722759	0.695883	0.702332	0.687933	0.700410	0.652632	0.716378	0.697987
eod1-1	0.817372	0.790287	0.785882	0.768722	0.724790	0.770563	0.753846	0.805195	0.762980	0.770878	0.782511	0.779626	0.795775	0.821739	0.742358	0.772124	0.742459	0.770270	0.779545	0.772627
eod1	0.181383	0.139802	0.084174	0.077688	0.059875	0.044647	0.088535	0.093471	0.110000	0.127927	0.116290	0.093629	0.073016	0.125856	0.040026	0.084190	0.042049	0.117639	0.063167	0.074640
wcspd-00	0.525149	0.505942	0.577796	0.580617	0.537931	0.578902	0.557491	0.601510	0.532479	0.520938	0.542735	0.550862	0.567276	0.526992	0.574138	0.549187	0.548709	0.507385	0.567521	0.567316
wcspd-01	0.718480	0.701068	0.691203	0.659758	0.646953	0.675347	0.651568	0.711230	0.645941	0.692586	0.683636	0.665563	0.707780	0.734918	0.649215	0.656250	0.661972	0.697793	0.664311	0.690391
wcspd-10	0.736220	0.679012	0.675676	0.683128	0.657588	0.708000	0.683019	0.695652	0.677291	0.662602	0.715385	0.720339	0.704545	0.737643	0.674699	0.698039	0.690377	0.703008	0.749049	0.714286
wcspd-11	0.754717	0.736264	0.750000	0.677966	0.689474	0.693642	0.668539	0.780220	0.654545	0.720930	0.697297	0.751515	0.747059	0.728723	0.699454	0.721212	0.675159	0.685535	0.704819	0.723164
wcspd	0.229568	0.230321	0.172204	0.102510	0.151543	0.129098	0.125528	0.178710	0.144812	0.199992	0.172650	0.200653	0.179783	0.210650	0.125316	0.172025	0.141667	0.195623	0.181528	0.155848
wcaod-00	1.053725	1.022388	1.157200	1.165832	1.070425	1.159518	1.117443	1.207719	1.064368	1.041181	1.087405	1.105359	1.153344	1.054995	1.150145	1.106113	1.104129	1.010038	1.134203	1.134466
wcaod-01	1.387409	1.360936	1.355456	1.275646	1.235793	1.290179	1.254679	1.369444	1.242724	1.333402	1.321026	1.279028	1.380184	1.409561	1.250801	1.255575	1.285685	1.362537	1.281382	1.342836
wcaod-10	1.445317	1.276170	1.271598	1.284363	1.236529	1.347276	1.300704	1.322515	1.255737	1.282267	1.346343	1.391600	1.335659	1.360785	1.288517	1.362471	1.333112	1.338075	1.457440	1.352148
wcaod-11	1.462848	1.418803	1.445854	1.277350	1.353664	1.355411	1.281146	1.528205	1.234827	1.392476	1.331095	1.399015	1.421456	1.410921	1.371934	1.385154	1.328007	1.343447	1.338761	1.389831
wcaod	0.204562	0.198208	0.144327	0.059266	0.141620	0.097946	0.091631	0.160243	0.095685	0.175648	0.129469	0.146828	0.134056	0.177963	0.110895	0.139521	0.114492	0.176249	0.161619	0.127682
wceod-00	0.596154	0.617857	0.684746	0.666667	0.640336	0.704663	0.637168	0.691379	0.618399	0.624374	0.624567	0.648506	0.699640	0.645439	0.683478	0.669027	0.682051	0.613946	0.689949	0.664975
wceod-01	0.818444	0.785714	0.783439	0.771513	0.725989	0.781250	0.761062	0.800000	0.759531	0.779412	0.787692	0.764384	0.790323	0.838806	0.742029	0.760000	0.751497	0.785924	0.777108	0.770149
wceod-10	0.782051	0.763975	0.760234	0.778481	0.753012	0.803797	0.757225	0.793103	0.773810	0.712500	0.807018	0.840580	0.798817	0.866279	0.772727	0.756410	0.773973	0.784884	0.810976	0.824675
wceod-11	0.813725	0.803419	0.792793	0.760684	0.721311	0.736364	0.732759	0.820513	0.774510	0.748031	0.768595	0.827586	0.810345	0.776000	0.743363	0.813725	0.711340	0.718447	0.787037	0.779661
wceod	0.222290	0.185562	0.108047	0.111814	0.112676	0.099134	0.123894	0.129134	0.156111	0.155038	0.182450	0.192074	0.110705	0.220840	0.089249	0.144699	0.091921	0.171978	0.121027	0.159701
