accuracy	0.860392	0.865445	0.859760	0.855127	0.858497	0.860181	0.860181	0.853443	0.858918	0.858497	0.863129	0.862919	0.863550	0.857233	0.864814	0.859128	0.857865	0.863761	0.863761	0.852601
recall	0.671578	0.682505	0.668325	0.663788	0.675321	0.666125	0.671824	0.661911	0.671402	0.671470	0.677606	0.687781	0.682791	0.662508	0.681916	0.665818	0.679181	0.683724	0.666957	0.674001
precision	0.760537	0.785866	0.768058	0.764659	0.755503	0.765760	0.756263	0.751726	0.784088	0.760185	0.770060	0.777371	0.780712	0.771643	0.765634	0.765310	0.774872	0.765336	0.770442	0.749208
f1score	0.700480	0.715073	0.698926	0.693819	0.702476	0.696615	0.699830	0.689858	0.704120	0.700165	0.707702	0.717718	0.714200	0.693905	0.710540	0.696163	0.709476	0.711879	0.698491	0.699639
mcc	0.422859	0.456824	0.424834	0.416404	0.423296	0.420235	0.419676	0.403769	0.441331	0.422440	0.438015	0.456442	0.453042	0.420210	0.439651	0.419492	0.443855	0.441581	0.424981	0.416472
spd0-0	0.080000	0.075288	0.077754	0.076029	0.099253	0.087184	0.078483	0.086366	0.082106	0.086139	0.080879	0.087130	0.087034	0.082278	0.086882	0.080142	0.084944	0.087620	0.077763	0.088169
spd0-1	0.122474	0.124849	0.118324	0.119777	0.115291	0.106314	0.126159	0.116288	0.112440	0.119821	0.122474	0.129019	0.119343	0.106425	0.122937	0.113464	0.126387	0.126273	0.109350	0.134600
spd0	0.042474	0.049562	0.040570	0.043749	0.016038	0.019130	0.047676	0.029923	0.030334	0.033682	0.041595	0.041890	0.032309	0.024146	0.036056	0.033321	0.041443	0.038653	0.031586	0.046431
aod0-0	0.429662	0.434555	0.404204	0.405208	0.485997	0.446472	0.419019	0.421312	0.433637	0.433092	0.456274	0.448082	0.462794	0.407709	0.452831	0.433485	0.425118	0.448824	0.419202	0.418946
aod0-1	0.439451	0.451130	0.431425	0.419938	0.425050	0.395621	0.450083	0.415958	0.409350	0.436500	0.437349	0.475187	0.440170	0.399913	0.458116	0.407254	0.457805	0.470038	0.409303	0.476433
aod0	0.004894	0.008287	0.013610	0.007365	0.030474	0.025425	0.015532	0.002677	0.012144	0.001704	0.009463	0.013553	0.011312	0.003898	0.002642	0.013116	0.016344	0.010607	0.004949	0.028743
eod0-0	0.397306	0.407666	0.371336	0.376238	0.439344	0.409677	0.381481	0.382166	0.402597	0.393333	0.425087	0.411765	0.425606	0.372990	0.412969	0.402685	0.388158	0.408784	0.384342	0.376238
eod0-1	0.382294	0.401130	0.381710	0.365530	0.374494	0.350305	0.394584	0.362550	0.366667	0.385375	0.382812	0.423892	0.395872	0.357834	0.406953	0.355599	0.408840	0.417004	0.366337	0.414587
eod0	0.015013	0.006536	0.010374	0.010707	0.064850	0.059372	0.013103	0.019616	0.035931	0.007958	0.042275	0.012127	0.029733	0.015157	0.006016	0.047085	0.020682	0.008220	0.018005	0.038350
spd1-0	0.097928	0.096513	0.094375	0.086142	0.095724	0.084444	0.105066	0.090741	0.079355	0.091656	0.099570	0.090107	0.100566	0.082462	0.102273	0.086741	0.098618	0.097867	0.082870	0.113396
spd1-1	0.104246	0.103723	0.100667	0.105815	0.113451	0.103340	0.102540	0.107702	0.107781	0.109567	0.104100	0.118596	0.105763	0.101793	0.106793	0.103349	0.111182	0.112520	0.099936	0.112595
spd1	0.006317	0.007209	0.006292	0.019673	0.017726	0.018895	0.002526	0.016961	0.028425	0.017911	0.004530	0.028489	0.005197	0.019331	0.004520	0.016608	0.012563	0.014653	0.017067	0.000800
aod1-0	0.461355	0.458332	0.445652	0.380003	0.424990	0.383653	0.486689	0.395399	0.371732	0.402825	0.462998	0.453312	0.447014	0.384939	0.460539	0.388735	0.421148	0.482169	0.418008	0.492676
aod1-1	0.421113	0.434590	0.408179	0.423120	0.457079	0.425078	0.416229	0.423591	0.434752	0.445103	0.431119	0.467550	0.446104	0.409846	0.451538	0.425096	0.453684	0.452504	0.409682	0.436509
aod1	0.020121	0.011871	0.018737	0.021559	0.016045	0.020713	0.035230	0.014096	0.031510	0.021139	0.015940	0.007119	0.000455	0.012454	0.004501	0.018181	0.016268	0.014833	0.004163	0.028083
eod1-0	0.416667	0.414097	0.400000	0.336207	0.377193	0.339535	0.433790	0.345291	0.337500	0.354260	0.417021	0.413953	0.398305	0.350806	0.409692	0.347280	0.373494	0.437209	0.382883	0.431718
eod1-1	0.376325	0.399323	0.369492	0.382304	0.408056	0.385666	0.373239	0.379427	0.396382	0.401372	0.390071	0.421311	0.409556	0.368966	0.409009	0.383803	0.413043	0.405217	0.368794	0.388610
eod1	0.040342	0.014774	0.030508	0.046097	0.030863	0.046131	0.060551	0.034135	0.058882	0.047112	0.026950	0.007358	0.011251	0.018159	0.000683	0.036522	0.039550	0.031992	0.014089	0.043108
wcspd-00	0.058745	0.071904	0.056356	0.053279	0.077031	0.073072	0.070423	0.070866	0.057143	0.062927	0.066234	0.054521	0.072973	0.063830	0.070479	0.059147	0.067227	0.079893	0.065703	0.096419
wcspd-01	0.090433	0.076974	0.088273	0.087101	0.109405	0.093891	0.082157	0.094141	0.094290	0.097044	0.088372	0.103380	0.093915	0.091781	0.094723	0.090191	0.093316	0.091380	0.083770	0.084168
wcspd-10	0.132701	0.118129	0.129032	0.113793	0.111372	0.094498	0.132733	0.108392	0.097950	0.116334	0.129522	0.122156	0.124559	0.098511	0.131010	0.109357	0.124146	0.113879	0.098131	0.127418
wcspd-11	0.117178	0.128362	0.112711	0.122946	0.117356	0.112415	0.122487	0.120497	0.120245	0.121664	0.118738	0.132486	0.116646	0.110577	0.118719	0.115718	0.127582	0.132754	0.115337	0.138434
wcspd	0.073956	0.056458	0.072676	0.069667	0.040326	0.039343	0.062311	0.049631	0.063103	0.058736	0.063288	0.077965	0.051586	0.046747	0.060531	0.056571	0.060355	0.052861	0.049634	0.054265
wcaod-00	0.400111	0.448972	0.356303	0.288748	0.396664	0.379602	0.433504	0.372981	0.342370	0.337355	0.471665	0.396492	0.383645	0.352191	0.367097	0.403084	0.326531	0.459112	0.423934	0.508475
wcaod-01	0.440571	0.428480	0.420275	0.444881	0.514830	0.463499	0.414314	0.438022	0.465987	0.458885	0.451938	0.465901	0.498110	0.432908	0.481327	0.445376	0.457954	0.445109	0.418281	0.386536
wcaod-10	0.499851	0.468739	0.499142	0.431536	0.439682	0.384495	0.513663	0.412169	0.389667	0.433717	0.469749	0.487745	0.489651	0.407680	0.509891	0.390681	0.466615	0.499009	0.417557	0.487215
wcaod-11	0.411301	0.443156	0.401452	0.414686	0.418468	0.400719	0.420757	0.416267	0.417836	0.437308	0.421389	0.469627	0.418340	0.396703	0.433879	0.414296	0.453283	0.459677	0.406294	0.471176
wcaod	0.049870	0.020129	0.071419	0.078066	0.059083	0.041948	0.049674	0.032520	0.061808	0.060765	0.025138	0.045627	0.057232	0.040358	0.071397	0.027348	0.070042	0.026950	0.008820	0.060969
wceod-00	0.375000	0.417722	0.328767	0.259740	0.351351	0.333333	0.393443	0.333333	0.316456	0.296875	0.444444	0.373134	0.348315	0.326316	0.324324	0.381579	0.285714	0.421687	0.394737	0.454545
wceod-01	0.404444	0.403846	0.384615	0.415929	0.467532	0.431535	0.377990	0.399142	0.432314	0.419492	0.418605	0.422594	0.460000	0.393519	0.442922	0.409910	0.422907	0.403756	0.380488	0.349558
wceod-10	0.435897	0.412162	0.435374	0.374194	0.389610	0.342466	0.449367	0.352113	0.347826	0.377358	0.404908	0.432432	0.428571	0.366013	0.450980	0.331288	0.412791	0.446970	0.376712	0.420000
wceod-11	0.357771	0.396867	0.359551	0.361930	0.367647	0.353623	0.370474	0.366667	0.374670	0.389049	0.372493	0.420485	0.383420	0.354396	0.386905	0.367052	0.407008	0.406077	0.362117	0.412399
wceod	0.078126	0.020855	0.106607	0.156189	0.116181	0.098202	0.078894	0.065808	0.115859	0.122617	0.071952	0.059298	0.111685	0.067203	0.126656	0.078622	0.137193	0.043214	0.032620	0.104988
