accuracy	0.817778	0.817000	0.822000	0.829222	0.816667	0.818778	0.813444	0.817222	0.815111	0.815444	0.817667	0.774222	0.821222	0.821778	0.812222	0.819444	0.819444	0.823556	0.809889	0.817444
recall	0.632271	0.657000	0.656954	0.663153	0.653279	0.657308	0.660874	0.660532	0.625242	0.658056	0.646609	0.500000	0.659724	0.654658	0.658021	0.655223	0.651391	0.668555	0.627039	0.661419
precision	0.751496	0.748478	0.763542	0.763675	0.757143	0.762956	0.742163	0.743300	0.769895	0.738509	0.762586	0.387111	0.762079	0.764535	0.748890	0.756966	0.760799	0.756863	0.772285	0.734189
f1score	0.655996	0.680957	0.682970	0.690031	0.678008	0.682771	0.683484	0.683739	0.647915	0.680663	0.671712	0.436373	0.685445	0.680730	0.681334	0.680342	0.676807	0.693548	0.648833	0.683332
mcc	0.364778	0.395024	0.406762	0.414822	0.397063	0.406768	0.394754	0.395258	0.367708	0.388318	0.392415	0.000000	0.409196	0.404537	0.396635	0.399435	0.397404	0.416151	0.371972	0.388857
spd0-0	0.093705	0.113687	0.108038	0.107633	0.110801	0.106884	0.125365	0.117334	0.084422	0.119709	0.102037	0.000000	0.106719	0.105399	0.121965	0.105604	0.107011	0.120804	0.089943	0.123662
spd0-1	0.106567	0.141695	0.128635	0.132316	0.128970	0.136804	0.147109	0.149972	0.093741	0.146824	0.119211	0.000000	0.139812	0.126392	0.139806	0.137490	0.122626	0.141699	0.093476	0.150475
spd0	0.012862	0.028008	0.020597	0.024682	0.018169	0.029920	0.021743	0.032638	0.009320	0.027115	0.017174	0.000000	0.033093	0.020993	0.017841	0.031886	0.015615	0.020895	0.003533	0.026813
aod0-0	0.342460	0.409946	0.403254	0.410351	0.394041	0.386982	0.442955	0.422423	0.314105	0.425615	0.370312	0.000000	0.392273	0.388751	0.425516	0.388863	0.393607	0.433597	0.330256	0.438029
aod0-1	0.356127	0.443612	0.414100	0.438726	0.419332	0.440035	0.448573	0.466101	0.316696	0.457105	0.392413	0.000000	0.450030	0.415117	0.434482	0.436840	0.396256	0.466865	0.304287	0.473860
aod0	0.006833	0.016833	0.005423	0.014187	0.012645	0.026526	0.002809	0.021839	0.001296	0.015745	0.011050	0.000000	0.028878	0.013183	0.004483	0.023989	0.001325	0.016634	0.012984	0.017915
eod0-0	0.303665	0.360143	0.362676	0.365922	0.349829	0.343034	0.388650	0.371681	0.282855	0.371968	0.329515	0.000000	0.349376	0.346939	0.374046	0.345324	0.349462	0.382662	0.299917	0.379655
eod0-1	0.309824	0.380250	0.357809	0.384982	0.363213	0.386489	0.375723	0.392479	0.282710	0.384259	0.345413	0.000000	0.392090	0.364475	0.370370	0.378104	0.347630	0.405276	0.268265	0.398559
eod0	0.006159	0.020107	0.004867	0.019060	0.013384	0.043456	0.012927	0.020798	0.000144	0.012292	0.015898	0.000000	0.042714	0.017536	0.003675	0.032780	0.001833	0.022614	0.031652	0.018905
spd1-0	0.095792	0.118611	0.112700	0.110064	0.110501	0.115474	0.126864	0.125735	0.085211	0.122211	0.103895	0.000000	0.113403	0.108111	0.124908	0.112343	0.106175	0.120593	0.088149	0.127379
spd1-1	0.127119	0.186131	0.151404	0.188702	0.195062	0.151586	0.204156	0.173810	0.116587	0.223404	0.160692	0.000000	0.186881	0.170762	0.171605	0.180328	0.184864	0.219638	0.124060	0.205224
spd1	0.031327	0.067520	0.038704	0.078638	0.084561	0.036112	0.077293	0.048074	0.031376	0.101193	0.056798	0.000000	0.073478	0.062650	0.046697	0.067985	0.078688	0.099045	0.035911	0.077845
aod1-0	0.345546	0.412314	0.398883	0.406181	0.385817	0.407466	0.431269	0.429173	0.311535	0.419997	0.371679	0.000000	0.406848	0.388026	0.423200	0.394648	0.380357	0.429242	0.312161	0.438530
aod1-1	0.371153	0.526681	0.476324	0.553185	0.557851	0.431900	0.556240	0.541773	0.346512	0.611190	0.450599	0.000000	0.510557	0.498033	0.483590	0.533217	0.525038	0.602564	0.377736	0.578426
aod1	0.012804	0.057184	0.038721	0.073502	0.086017	0.012217	0.062485	0.056300	0.017488	0.095596	0.039460	0.000000	0.051854	0.055003	0.030195	0.069284	0.072340	0.086661	0.032787	0.069948
eod1-0	0.305862	0.360923	0.352676	0.361589	0.339822	0.360940	0.373393	0.372406	0.280563	0.363533	0.331092	0.000000	0.362563	0.345042	0.369730	0.347214	0.339296	0.378146	0.280172	0.377545
eod1-1	0.308756	0.433036	0.424658	0.469027	0.476395	0.372000	0.456067	0.454545	0.300000	0.492891	0.377682	0.000000	0.412281	0.427948	0.395455	0.461538	0.427230	0.500000	0.339207	0.469767
eod1	0.002894	0.072112	0.071981	0.107438	0.136573	0.011060	0.082674	0.082139	0.019437	0.129358	0.046590	0.000000	0.049717	0.082905	0.025725	0.114324	0.087934	0.121854	0.059035	0.092222
wcspd-00	0.089097	0.105263	0.103106	0.098377	0.099332	0.100814	0.116274	0.110192	0.079983	0.107358	0.095767	0.000000	0.097652	0.097404	0.114666	0.098435	0.098906	0.110861	0.085738	0.115488
wcspd-01	0.130719	0.182741	0.148148	0.183502	0.204429	0.155518	0.201022	0.174056	0.119476	0.230483	0.153713	0.000000	0.182609	0.170320	0.182444	0.168784	0.175043	0.210332	0.125874	0.193322
wcspd-10	0.105893	0.138014	0.126529	0.127311	0.126251	0.136391	0.142554	0.148360	0.092759	0.143149	0.115238	0.000000	0.135839	0.123406	0.139514	0.132498	0.116682	0.134788	0.091704	0.144607
wcspd-11	0.116822	0.194805	0.160000	0.201681	0.170404	0.142292	0.212121	0.173160	0.108597	0.205607	0.178261	0.000000	0.197425	0.171946	0.144105	0.206612	0.209607	0.241379	0.119469	0.234043
wcspd	0.041622	0.089542	0.056894	0.103303	0.105097	0.054704	0.095847	0.063864	0.039493	0.123126	0.082494	0.000000	0.099773	0.074542	0.067779	0.108177	0.110701	0.130519	0.040136	0.118555
wcaod-00	0.334453	0.391214	0.388604	0.387280	0.364613	0.375196	0.428709	0.404455	0.307401	0.396541	0.360797	0.000000	0.373217	0.370416	0.410775	0.369875	0.374780	0.409013	0.320760	0.422328
wcaod-01	0.400655	0.533527	0.501320	0.569618	0.583166	0.462356	0.541802	0.553555	0.358675	0.639769	0.438230	0.000000	0.529067	0.509094	0.532016	0.520139	0.535084	0.606314	0.397813	0.552045
wcaod-10	0.361389	0.439055	0.413272	0.430970	0.413811	0.447186	0.437135	0.462789	0.317079	0.450911	0.385566	0.000000	0.449256	0.410650	0.440077	0.426173	0.387708	0.456419	0.301481	0.460620
wcaod-11	0.303235	0.510385	0.428111	0.520878	0.491057	0.371218	0.594717	0.513007	0.314145	0.544167	0.478727	0.000000	0.479021	0.471587	0.368386	0.562259	0.514473	0.600425	0.334050	0.639412
wcaod	0.048710	0.071156	0.056358	0.091169	0.109276	0.045569	0.083004	0.074550	0.025637	0.121614	0.058965	0.000000	0.077925	0.069339	0.081815	0.096192	0.080152	0.098650	0.048166	0.108542
wceod-00	0.298492	0.345151	0.348531	0.347686	0.325025	0.333333	0.379171	0.357937	0.278004	0.349896	0.323409	0.000000	0.335736	0.331954	0.363281	0.328497	0.335722	0.361982	0.291548	0.368697
wceod-01	0.337748	0.450000	0.456376	0.482759	0.497041	0.400000	0.442529	0.468085	0.311377	0.517007	0.366460	0.000000	0.437086	0.437500	0.445161	0.455782	0.446043	0.516340	0.357143	0.449664
wceod-10	0.315934	0.379437	0.357868	0.378628	0.358491	0.393643	0.366250	0.390428	0.283733	0.380000	0.340321	0.000000	0.394802	0.360902	0.377724	0.369458	0.343596	0.399209	0.265255	0.388527
wceod-11	0.242424	0.390625	0.357143	0.444444	0.421875	0.317647	0.492308	0.421053	0.269841	0.437500	0.402778	0.000000	0.363636	0.405797	0.276923	0.472973	0.391892	0.466667	0.301370	0.515152
wceod	0.095324	0.104849	0.107845	0.135073	0.172016	0.082353	0.126058	0.110148	0.041536	0.167110	0.079369	0.000000	0.101350	0.105546	0.168238	0.144476	0.110322	0.154358	0.091888	0.146454
