accuracy	0.863340	0.862919	0.858075	0.852811	0.859549	0.861445	0.858286	0.852811	0.856812	0.858707	0.863129	0.860602	0.858497	0.855127	0.867130	0.855970	0.858286	0.860602	0.861023	0.857023
recall	0.649189	0.656292	0.647696	0.633466	0.651493	0.651958	0.644723	0.641620	0.649816	0.652843	0.652646	0.651917	0.653283	0.643132	0.662256	0.634844	0.660026	0.652446	0.648488	0.657500
precision	0.785624	0.794937	0.773373	0.775023	0.769952	0.779413	0.760588	0.758341	0.792895	0.770065	0.785387	0.792714	0.779369	0.775925	0.784829	0.770800	0.789642	0.768012	0.769559	0.771442
f1score	0.683452	0.691500	0.679922	0.664476	0.683471	0.685287	0.675555	0.671534	0.683767	0.684691	0.686870	0.686509	0.686191	0.675113	0.696680	0.666135	0.693939	0.684278	0.680666	0.689135
mcc	0.412854	0.429401	0.401876	0.383177	0.404454	0.412111	0.388396	0.382550	0.418953	0.406337	0.417436	0.421750	0.413872	0.397460	0.429954	0.382182	0.430582	0.404264	0.400131	0.413531
spd0-0	0.061099	0.058459	0.062635	0.055903	0.076856	0.065824	0.063051	0.070145	0.065149	0.069961	0.058901	0.060593	0.068828	0.064195	0.068817	0.060107	0.066067	0.064080	0.065094	0.068826
spd0-1	0.095392	0.103974	0.103122	0.093514	0.094256	0.099389	0.102781	0.099271	0.096491	0.103574	0.102264	0.099678	0.101322	0.096177	0.101898	0.090292	0.108954	0.107128	0.099593	0.111639
spd0	0.034293	0.045515	0.040487	0.037610	0.017400	0.033565	0.039730	0.029126	0.031342	0.033614	0.043362	0.039086	0.032494	0.031981	0.033080	0.030185	0.042887	0.043048	0.034500	0.042813
aod0-0	0.362140	0.364667	0.345384	0.306787	0.401932	0.356452	0.340641	0.354327	0.362120	0.377680	0.362553	0.342967	0.374039	0.343637	0.382508	0.330799	0.347876	0.341216	0.361910	0.352078
aod0-1	0.357361	0.377916	0.375509	0.339424	0.356236	0.377800	0.374949	0.360477	0.355431	0.379424	0.372892	0.374262	0.373513	0.355379	0.395083	0.332810	0.406184	0.400640	0.369122	0.413410
aod0	0.002389	0.006624	0.015062	0.016318	0.022848	0.010674	0.017154	0.003075	0.003344	0.000872	0.005169	0.015647	0.000263	0.005871	0.006287	0.001006	0.029154	0.029712	0.003606	0.030666
eod0-0	0.343434	0.348432	0.322476	0.287129	0.370492	0.332258	0.311111	0.324841	0.340909	0.350000	0.344948	0.323529	0.346021	0.321543	0.354949	0.308725	0.322368	0.314189	0.334520	0.323432
eod0-1	0.317907	0.337100	0.332008	0.301136	0.317814	0.338086	0.332689	0.316733	0.320370	0.335968	0.330078	0.337187	0.335835	0.315280	0.357873	0.294695	0.368324	0.356275	0.328713	0.368522
eod0	0.025527	0.011332	0.009532	0.014008	0.052678	0.005827	0.021577	0.008108	0.020539	0.014032	0.014870	0.013657	0.010186	0.006263	0.002924	0.014029	0.045956	0.042086	0.005807	0.045090
spd1-0	0.075957	0.074720	0.081875	0.068664	0.073389	0.069206	0.080675	0.073457	0.068196	0.077118	0.079287	0.069943	0.078567	0.068308	0.075126	0.069393	0.078518	0.082183	0.069882	0.090966
spd1-1	0.080482	0.086223	0.084154	0.079441	0.092080	0.090107	0.085397	0.091403	0.088648	0.092517	0.082639	0.086654	0.089614	0.088028	0.090995	0.079426	0.094077	0.088431	0.089719	0.091921
spd1	0.004524	0.011504	0.002279	0.010777	0.018692	0.020901	0.004721	0.017946	0.020452	0.015399	0.003352	0.016711	0.011047	0.019720	0.015869	0.010033	0.015559	0.006248	0.019837	0.000955
aod1-0	0.366300	0.381429	0.389130	0.313019	0.347903	0.334679	0.404646	0.341440	0.331115	0.340919	0.389774	0.367232	0.372193	0.325257	0.377494	0.326889	0.361335	0.401224	0.342352	0.429755
aod1-1	0.352115	0.364931	0.350038	0.329250	0.383145	0.379808	0.344504	0.362136	0.366048	0.389670	0.355170	0.358113	0.372250	0.359667	0.394077	0.331442	0.392857	0.366282	0.373699	0.372516
aod1	0.007093	0.008249	0.019546	0.008116	0.017621	0.022565	0.030071	0.010348	0.017466	0.024375	0.017302	0.004559	0.000028	0.017205	0.008291	0.002276	0.015761	0.017471	0.015674	0.028619
eod1-0	0.333333	0.352423	0.350000	0.280172	0.315789	0.302326	0.369863	0.304933	0.304167	0.300448	0.357447	0.339535	0.338983	0.298387	0.348018	0.297071	0.329317	0.362791	0.310811	0.387665
eod1-1	0.325088	0.336717	0.320339	0.302170	0.346760	0.348123	0.308099	0.325464	0.337171	0.356775	0.326241	0.329508	0.339590	0.325862	0.360360	0.301056	0.361204	0.332174	0.338652	0.338358
eod1	0.008245	0.015705	0.029661	0.021998	0.030971	0.045797	0.061764	0.020531	0.033004	0.056327	0.031206	0.010027	0.000607	0.027475	0.012343	0.003985	0.031887	0.030617	0.027842	0.049307
wcspd-00	0.045394	0.055925	0.051114	0.046448	0.060224	0.051421	0.056338	0.061680	0.044898	0.056088	0.049351	0.041223	0.060811	0.045213	0.049202	0.045392	0.044818	0.066578	0.056505	0.070248
wcspd-01	0.068807	0.059721	0.068299	0.060505	0.084453	0.072669	0.066110	0.074391	0.075033	0.076478	0.063787	0.070245	0.072751	0.073973	0.078195	0.067149	0.076109	0.062865	0.069372	0.068136
wcspd-10	0.103081	0.091228	0.109916	0.087356	0.084408	0.084928	0.100112	0.083916	0.087699	0.095182	0.106184	0.095808	0.094007	0.088202	0.098558	0.089064	0.105923	0.096085	0.081776	0.108077
wcspd-11	0.091411	0.110636	0.099562	0.096774	0.099444	0.106856	0.104271	0.107453	0.101227	0.108007	0.100186	0.101633	0.105103	0.100361	0.103643	0.090965	0.110571	0.112903	0.109102	0.113540
wcspd	0.057687	0.054710	0.058802	0.050326	0.039220	0.055435	0.047933	0.045774	0.056329	0.051920	0.056834	0.060410	0.044292	0.055148	0.054441	0.045573	0.065753	0.050039	0.052598	0.045403
wcaod-00	0.310869	0.386434	0.338257	0.258194	0.330110	0.316721	0.388391	0.362702	0.272982	0.315733	0.403216	0.341497	0.321321	0.276857	0.295344	0.306371	0.244327	0.380835	0.355225	0.410522
wcaod-01	0.378447	0.355973	0.347548	0.322524	0.424720	0.367229	0.327044	0.351437	0.393105	0.392886	0.349612	0.345010	0.397439	0.373750	0.412365	0.339988	0.383308	0.325282	0.364552	0.331274
wcaod-10	0.399076	0.382784	0.422419	0.343785	0.356149	0.345900	0.414457	0.332028	0.362665	0.354419	0.393991	0.386807	0.404279	0.359150	0.419494	0.342050	0.417567	0.416219	0.337990	0.442716
wcaod-11	0.337739	0.376502	0.354483	0.337276	0.356926	0.391541	0.357748	0.371778	0.352594	0.390634	0.362426	0.368553	0.361929	0.353956	0.384251	0.328128	0.400744	0.394829	0.382403	0.400810
wcaod	0.044103	0.015231	0.042081	0.042796	0.047305	0.037410	0.043707	0.019875	0.060062	0.038577	0.026802	0.022655	0.041479	0.048447	0.062075	0.017840	0.086620	0.045469	0.022207	0.055721
wceod-00	0.291667	0.367089	0.315068	0.233766	0.297297	0.289855	0.360656	0.333333	0.253165	0.281250	0.388889	0.328358	0.292135	0.263158	0.270270	0.289474	0.220779	0.349398	0.328947	0.376623
wceod-01	0.360000	0.341346	0.324786	0.305310	0.393939	0.344398	0.296651	0.321888	0.371179	0.368644	0.330233	0.322176	0.370000	0.347222	0.383562	0.315315	0.356828	0.300469	0.336585	0.305310
wceod-10	0.352564	0.344595	0.367347	0.303226	0.324675	0.308219	0.373418	0.288732	0.329193	0.308176	0.343558	0.344595	0.367347	0.320261	0.385621	0.300613	0.377907	0.371212	0.301370	0.393333
wceod-11	0.302053	0.334204	0.317416	0.300268	0.314706	0.350725	0.314763	0.327778	0.316623	0.348703	0.323782	0.334232	0.323834	0.313187	0.345238	0.291908	0.363881	0.350829	0.339833	0.358491
wceod	0.068333	0.032885	0.052278	0.071544	0.096642	0.060870	0.076767	0.044601	0.118014	0.087394	0.065107	0.022419	0.077865	0.084064	0.115351	0.025842	0.157128	0.070743	0.038463	0.088024
