accuracy	0.682679	0.681293	0.692379	0.677598	0.681755	0.679908	0.666975	0.686374	0.677136	0.670208	0.679446	0.682679	0.682217	0.679446	0.683603	0.682217	0.687298	0.688684	0.678060	0.662356
recall	0.669068	0.668854	0.679646	0.665054	0.666457	0.664942	0.654463	0.673117	0.663000	0.655583	0.666532	0.670774	0.673896	0.663078	0.669959	0.670414	0.677519	0.674736	0.663990	0.647550
precision	0.689906	0.687158	0.695698	0.681258	0.675074	0.680817	0.665524	0.689489	0.677054	0.664105	0.679090	0.683275	0.688511	0.677899	0.686985	0.687324	0.693066	0.688111	0.680053	0.661269
f1score	0.667402	0.667497	0.679807	0.664165	0.668174	0.665048	0.654587	0.672990	0.663226	0.656860	0.666972	0.671113	0.672280	0.663803	0.669580	0.669355	0.676474	0.675712	0.663658	0.647110
mcc	0.358369	0.355541	0.375001	0.345932	0.341422	0.345394	0.319796	0.362236	0.339763	0.319574	0.345394	0.353828	0.362112	0.340655	0.356538	0.357338	0.370259	0.362600	0.343668	0.308515
spd0-0	0.644977	0.634483	0.635166	0.634957	0.606519	0.633180	0.616725	0.631489	0.631218	0.601603	0.613372	0.611111	0.610630	0.630688	0.637046	0.628080	0.620124	0.626437	0.632488	0.624211
spd0-1	0.779661	0.771765	0.713604	0.740476	0.724832	0.754137	0.722348	0.750000	0.728365	0.753589	0.750562	0.760599	0.769585	0.749446	0.740741	0.769048	0.762626	0.715294	0.755245	0.779621
spd0	0.134684	0.137282	0.078438	0.105519	0.118313	0.120957	0.105623	0.118511	0.097148	0.151986	0.137190	0.149487	0.158956	0.118757	0.103695	0.140967	0.142502	0.088857	0.122756	0.155410
aod0-0	1.273073	1.259167	1.257804	1.258313	1.179885	1.242917	1.218158	1.244123	1.241618	1.180053	1.209943	1.202203	1.221059	1.239537	1.253360	1.238890	1.226283	1.229218	1.245178	1.229983
aod0-1	1.490173	1.439510	1.296733	1.375423	1.341916	1.440563	1.355997	1.407379	1.386454	1.408756	1.414518	1.438642	1.447357	1.394420	1.402247	1.481625	1.455822	1.332727	1.441621	1.487647
aod0	0.108550	0.090172	0.019465	0.058555	0.081015	0.098823	0.068919	0.081628	0.072418	0.114352	0.102287	0.118219	0.113149	0.077442	0.074444	0.121368	0.114769	0.051755	0.098222	0.128832
eod0-0	0.808487	0.793527	0.805310	0.789823	0.748156	0.791622	0.762168	0.792432	0.790948	0.744409	0.772979	0.770878	0.784065	0.778384	0.794565	0.796721	0.792165	0.789020	0.791077	0.762419
eod0-1	0.883721	0.888489	0.836879	0.858182	0.857639	0.847015	0.823529	0.874046	0.811111	0.836237	0.845890	0.874016	0.870175	0.861953	0.868914	0.864341	0.880658	0.832727	0.849265	0.867647
eod0	0.075233	0.094962	0.031570	0.068359	0.109483	0.055393	0.061361	0.081613	0.020163	0.091828	0.072911	0.103138	0.086111	0.083569	0.074349	0.067620	0.088493	0.043707	0.058187	0.105228
spd1-0	0.644709	0.623505	0.607735	0.632363	0.604093	0.632062	0.617127	0.623769	0.617875	0.586111	0.613986	0.614613	0.613760	0.620979	0.630944	0.634129	0.631944	0.608327	0.638521	0.631136
spd1-1	0.720867	0.733871	0.736402	0.698413	0.681818	0.703605	0.678191	0.711978	0.711022	0.720000	0.695238	0.682705	0.703013	0.722449	0.707672	0.696356	0.674483	0.711230	0.692623	0.699594
spd1	0.076158	0.110366	0.128667	0.066049	0.077725	0.071543	0.061065	0.088209	0.093147	0.133889	0.081252	0.068092	0.089253	0.101470	0.076728	0.062227	0.042538	0.102902	0.054102	0.068458
aod1-0	1.282771	1.241789	1.195722	1.255340	1.182466	1.249965	1.219639	1.240348	1.215305	1.155450	1.211291	1.224812	1.231865	1.223263	1.250516	1.263827	1.258114	1.190319	1.261350	1.247538
aod1-1	1.366112	1.405612	1.420258	1.329288	1.284139	1.339985	1.300936	1.352760	1.362389	1.358888	1.329666	1.282347	1.335516	1.381028	1.340450	1.323774	1.291341	1.364154	1.319303	1.350098
aod1	0.041671	0.081911	0.112268	0.036974	0.050836	0.045010	0.040649	0.056206	0.073542	0.101719	0.059188	0.028768	0.051825	0.078883	0.044967	0.029974	0.016614	0.086917	0.028976	0.051280
eod1-0	0.804945	0.797503	0.791064	0.788966	0.764783	0.797829	0.773713	0.802759	0.770861	0.732543	0.781041	0.783593	0.793103	0.787517	0.788752	0.807212	0.818057	0.776316	0.793609	0.787919
eod1-1	0.857461	0.845475	0.851765	0.832599	0.787815	0.813853	0.782418	0.822511	0.837472	0.820128	0.807175	0.806653	0.826291	0.817391	0.847162	0.818584	0.798144	0.837838	0.822727	0.783664
eod1	0.052516	0.047971	0.060700	0.043634	0.023032	0.016024	0.008705	0.019752	0.066611	0.087586	0.026133	0.023060	0.033188	0.029875	0.058410	0.011372	0.019914	0.061522	0.029119	0.004255
wcspd-00	0.612106	0.596774	0.589571	0.608062	0.578448	0.606346	0.592334	0.601510	0.594872	0.549414	0.582906	0.583621	0.582226	0.592117	0.612931	0.602224	0.606994	0.584709	0.610256	0.602032
wcspd-01	0.711572	0.713523	0.732496	0.689119	0.664875	0.687500	0.665505	0.695187	0.704663	0.714286	0.678182	0.663907	0.675522	0.712980	0.685864	0.680556	0.647887	0.707980	0.678445	0.670819
wcspd-10	0.795276	0.753086	0.691120	0.748971	0.719844	0.752000	0.724528	0.739130	0.725100	0.764228	0.753846	0.766949	0.757576	0.749049	0.714859	0.780392	0.757322	0.710526	0.764259	0.771429
wcspd-11	0.754717	0.796703	0.750000	0.728814	0.731579	0.757225	0.719101	0.763736	0.733333	0.738372	0.745946	0.751515	0.788235	0.750000	0.775956	0.751515	0.770701	0.723270	0.740964	0.790960
wcspd	0.183170	0.199929	0.160429	0.140909	0.153131	0.150879	0.132194	0.162226	0.138462	0.214814	0.170940	0.183328	0.206009	0.157883	0.163025	0.178168	0.163706	0.138561	0.154002	0.188928
wcaod-00	1.232299	1.210443	1.182049	1.224531	1.148435	1.215069	1.189933	1.212227	1.188577	1.097841	1.170029	1.173713	1.191847	1.185657	1.228584	1.216533	1.223701	1.161852	1.219347	1.203791
wcaod-01	1.351597	1.374526	1.431496	1.322596	1.255733	1.305195	1.288722	1.317391	1.352584	1.359928	1.304957	1.260400	1.297696	1.368544	1.296796	1.290872	1.239982	1.363636	1.301694	1.298639
wcaod-10	1.530089	1.393955	1.261895	1.391065	1.322984	1.425977	1.374466	1.362272	1.382028	1.438517	1.420987	1.483141	1.441545	1.378226	1.345386	1.508159	1.438798	1.306284	1.477827	1.465534
wcaod-11	1.424149	1.499145	1.354661	1.354274	1.367165	1.462193	1.328699	1.468376	1.398693	1.373053	1.405475	1.363652	1.452107	1.419302	1.479520	1.440243	1.482646	1.377254	1.378352	1.525424
wcaod	0.148895	0.144351	0.124723	0.083267	0.109365	0.123562	0.092266	0.128075	0.105058	0.170338	0.125479	0.154714	0.130130	0.116822	0.125468	0.145813	0.129472	0.107701	0.129240	0.160816
wceod-00	0.779720	0.776786	0.783051	0.765432	0.737815	0.780656	0.762832	0.777586	0.764906	0.696160	0.761246	0.757469	0.775180	0.759036	0.772174	0.789381	0.800000	0.755102	0.780239	0.763113
wceod-01	0.855908	0.821429	0.847134	0.830861	0.765537	0.809659	0.761062	0.817391	0.835777	0.829412	0.793846	0.791781	0.800000	0.811940	0.831884	0.808571	0.778443	0.847507	0.810241	0.761194
wceod-10	0.897436	0.869565	0.818713	0.873418	0.861446	0.860759	0.809249	0.903448	0.791667	0.868750	0.847953	0.891304	0.852071	0.883721	0.850649	0.871795	0.890411	0.848837	0.841463	0.883117
wceod-11	0.862745	0.914530	0.864865	0.837607	0.852459	0.827273	0.844828	0.837607	0.843137	0.795276	0.842975	0.853448	0.896552	0.832000	0.893805	0.852941	0.865979	0.805825	0.861111	0.847458
wceod	0.117716	0.137744	0.081814	0.107986	0.123631	0.080103	0.083766	0.125862	0.078231	0.172590	0.086708	0.133835	0.121372	0.124685	0.121631	0.082414	0.111968	0.093735	0.080873	0.121923
