accuracy	0.824778	0.815889	0.822000	0.825667	0.816222	0.812667	0.813889	0.816333	0.819333	0.818333	0.815889	0.815444	0.821111	0.817444	0.813111	0.820111	0.820111	0.814667	0.813111	0.819111
recall	0.653929	0.664679	0.669152	0.668337	0.651597	0.684790	0.654867	0.667027	0.650195	0.651185	0.669420	0.658397	0.661607	0.640036	0.651653	0.663163	0.660021	0.676863	0.665873	0.665297
precision	0.761477	0.741731	0.755717	0.749848	0.756836	0.734607	0.746411	0.738458	0.762165	0.750639	0.743315	0.750108	0.760395	0.760414	0.755974	0.754176	0.756981	0.731249	0.749896	0.737333
f1score	0.680233	0.687178	0.693762	0.692633	0.676231	0.702549	0.678293	0.688837	0.675664	0.675674	0.691636	0.682248	0.687094	0.664651	0.675734	0.687801	0.685105	0.695655	0.688963	0.687398
mcc	0.401242	0.399038	0.415957	0.410164	0.394642	0.416428	0.390696	0.399144	0.396868	0.389321	0.406067	0.398077	0.410275	0.381928	0.394053	0.407294	0.405573	0.404472	0.407190	0.396134
spd0-0	0.106006	0.123436	0.120944	0.120447	0.109872	0.150863	0.117690	0.126148	0.105021	0.107216	0.127453	0.117702	0.111359	0.097818	0.111956	0.114296	0.115867	0.151051	0.126214	0.125508
spd0-1	0.121832	0.156004	0.147092	0.143625	0.127037	0.186652	0.137472	0.160664	0.121807	0.131702	0.160866	0.140254	0.139258	0.111915	0.129820	0.146117	0.133240	0.161263	0.153064	0.151870
spd0	0.015826	0.032568	0.026148	0.023178	0.017165	0.035789	0.019782	0.034516	0.016786	0.024486	0.033413	0.022552	0.027899	0.014097	0.017864	0.031821	0.017373	0.010212	0.026851	0.026363
aod0-0	0.390842	0.438111	0.444168	0.442475	0.390391	0.509303	0.418769	0.449876	0.384822	0.389291	0.445709	0.412732	0.406673	0.358909	0.398655	0.417133	0.422680	0.505941	0.436747	0.441022
aod0-1	0.412245	0.480154	0.462310	0.466691	0.413589	0.564079	0.425658	0.491432	0.397572	0.423725	0.500563	0.447155	0.447770	0.368510	0.407648	0.460440	0.424754	0.512406	0.473887	0.487392
aod0	0.010702	0.021021	0.009071	0.012108	0.011599	0.027388	0.003444	0.020778	0.006375	0.017217	0.027427	0.017211	0.020548	0.004800	0.004496	0.021653	0.001037	0.003232	0.018570	0.023185
eod0-0	0.348168	0.381591	0.396127	0.387337	0.346416	0.433862	0.368874	0.393805	0.343777	0.344115	0.388546	0.361184	0.360963	0.319432	0.354538	0.368705	0.373656	0.429072	0.383596	0.380563
eod0-1	0.361461	0.406356	0.392774	0.404052	0.358556	0.472868	0.360694	0.408931	0.346963	0.364583	0.423556	0.386183	0.389831	0.324106	0.350168	0.396163	0.369074	0.434053	0.402968	0.415366
eod0	0.013293	0.024766	0.003353	0.016715	0.012140	0.039006	0.008180	0.015125	0.003185	0.020468	0.035010	0.025000	0.028868	0.004674	0.004369	0.027457	0.004581	0.004981	0.019372	0.034803
spd1-0	0.105089	0.131939	0.127735	0.121450	0.111111	0.159406	0.121731	0.135784	0.105411	0.113118	0.135759	0.118621	0.115479	0.098094	0.117582	0.121116	0.116183	0.149769	0.133504	0.130185
spd1-1	0.181598	0.180049	0.167277	0.209135	0.174074	0.220917	0.162592	0.178571	0.173077	0.160904	0.194067	0.205189	0.194307	0.157248	0.134568	0.187894	0.189826	0.211886	0.170426	0.195274
spd1	0.076509	0.048109	0.039542	0.087685	0.062963	0.061511	0.040861	0.042787	0.067666	0.047786	0.058308	0.086567	0.078828	0.059154	0.016985	0.066778	0.073644	0.062117	0.036922	0.065088
aod1-0	0.384550	0.449683	0.442113	0.435438	0.386999	0.523698	0.419063	0.456981	0.375191	0.397716	0.459705	0.407159	0.411936	0.353071	0.404166	0.421728	0.410885	0.500543	0.445117	0.450201
aod1-1	0.528100	0.509944	0.524087	0.595111	0.505359	0.604825	0.443464	0.554989	0.510559	0.460714	0.546033	0.603175	0.534211	0.447341	0.387134	0.552036	0.537800	0.578803	0.506230	0.553030
aod1	0.071775	0.030131	0.040987	0.079836	0.059180	0.040564	0.012200	0.049004	0.067684	0.031499	0.043164	0.098008	0.061137	0.047135	0.008516	0.065154	0.063458	0.039130	0.030556	0.051415
eod1-0	0.343006	0.389077	0.385915	0.381743	0.340378	0.444320	0.365567	0.393158	0.332958	0.348811	0.396639	0.356670	0.365936	0.314448	0.356216	0.369162	0.363890	0.425057	0.385237	0.388598
eod1-1	0.437788	0.419643	0.465753	0.491150	0.437768	0.500000	0.364017	0.464646	0.439130	0.388626	0.459227	0.500000	0.434211	0.375546	0.322727	0.475113	0.436620	0.478070	0.444934	0.451163
eod1	0.094782	0.030566	0.079838	0.109408	0.097390	0.055680	0.001551	0.071489	0.106173	0.039815	0.062589	0.143330	0.068275	0.061098	0.033489	0.105952	0.072729	0.053013	0.059697	0.062565
wcspd-00	0.097437	0.118473	0.118012	0.109879	0.100793	0.142142	0.112180	0.119702	0.095731	0.100725	0.121752	0.107218	0.101184	0.089927	0.108849	0.106466	0.107371	0.143648	0.121956	0.119612
wcspd-01	0.174837	0.164129	0.144781	0.207071	0.183986	0.220736	0.163543	0.177340	0.178396	0.165428	0.174439	0.199346	0.196522	0.161889	0.137694	0.183303	0.187175	0.217712	0.162587	0.175747
wcspd-10	0.116636	0.151515	0.141749	0.138527	0.125662	0.184038	0.135881	0.159193	0.119390	0.130587	0.155309	0.134672	0.135839	0.109760	0.130036	0.142346	0.128917	0.158697	0.150528	0.145503
wcspd-11	0.200935	0.220779	0.226667	0.214286	0.147982	0.221344	0.160173	0.181818	0.158371	0.149533	0.243478	0.220339	0.188841	0.144796	0.126638	0.198347	0.196507	0.198276	0.190265	0.242553
wcspd	0.103498	0.102307	0.108654	0.104407	0.083193	0.079202	0.051363	0.062116	0.082665	0.064702	0.121726	0.113121	0.095337	0.071961	0.028844	0.091881	0.089135	0.074065	0.068309	0.122941
wcaod-00	0.371909	0.432031	0.437457	0.417945	0.366461	0.491711	0.416031	0.434439	0.360532	0.375831	0.438486	0.383203	0.383798	0.343253	0.396972	0.396263	0.402977	0.488594	0.427544	0.433017
wcaod-01	0.526023	0.480496	0.487897	0.614807	0.540358	0.623697	0.445298	0.562784	0.536886	0.486577	0.497489	0.618522	0.569255	0.466022	0.413524	0.561578	0.570711	0.624527	0.501367	0.502253
wcaod-10	0.402617	0.472645	0.449869	0.458491	0.413917	0.564050	0.424926	0.488256	0.394562	0.425830	0.487374	0.437601	0.447558	0.365973	0.414432	0.454249	0.421447	0.516203	0.469764	0.472777
wcaod-11	0.533989	0.584862	0.611060	0.551938	0.412932	0.565826	0.438184	0.536298	0.441029	0.401458	0.656821	0.575024	0.466200	0.400458	0.325422	0.535232	0.480994	0.487983	0.517414	0.669715
wcaod	0.081040	0.076415	0.086801	0.098431	0.086949	0.065993	0.014634	0.064172	0.088177	0.055373	0.109168	0.117660	0.092728	0.061385	0.044505	0.082658	0.083867	0.068272	0.044935	0.118349
wceod-00	0.334673	0.377477	0.389058	0.369214	0.325025	0.420021	0.369060	0.382204	0.322811	0.333333	0.383984	0.337000	0.343975	0.308170	0.354492	0.350259	0.359263	0.413549	0.375119	0.376050
wceod-01	0.437086	0.406250	0.442953	0.503448	0.473373	0.515152	0.367816	0.475177	0.467066	0.414966	0.416149	0.523490	0.470199	0.387500	0.354839	0.489796	0.474820	0.529412	0.441558	0.409396
wceod-10	0.354396	0.402693	0.381980	0.397098	0.359748	0.473105	0.361250	0.406801	0.345523	0.367500	0.411837	0.380835	0.392327	0.322055	0.358354	0.391626	0.369458	0.440053	0.398506	0.404172
wceod-11	0.439394	0.453125	0.514286	0.469136	0.343750	0.470588	0.353846	0.438596	0.365079	0.328125	0.555556	0.449275	0.363636	0.347826	0.246154	0.445946	0.364865	0.373333	0.452055	0.545455
wceod	0.104721	0.075648	0.132306	0.134234	0.148348	0.095131	0.015214	0.092973	0.144255	0.086841	0.171572	0.186490	0.126223	0.079330	0.112200	0.139537	0.115557	0.156078	0.076936	0.169404
