accuracy	0.633256	0.642032	0.652656	0.647575	0.635104	0.649885	0.655889	0.636490	0.643418	0.632333	0.648037	0.631871	0.643418	0.666051	0.637875	0.638337	0.628176	0.633256	0.642956	0.638337
recall	0.622964	0.633047	0.645262	0.641058	0.625767	0.639847	0.648692	0.626544	0.637318	0.622640	0.638468	0.623114	0.636585	0.652029	0.632939	0.632408	0.623124	0.622067	0.634422	0.627742
precision	0.630676	0.639825	0.648890	0.644171	0.626728	0.645034	0.651595	0.632398	0.638615	0.624461	0.643478	0.627223	0.643865	0.661532	0.633891	0.635116	0.625500	0.627064	0.638458	0.633076
f1score	0.622037	0.632650	0.645810	0.641493	0.626153	0.640434	0.649334	0.626504	0.637742	0.623203	0.638975	0.623330	0.635403	0.652862	0.633255	0.632709	0.623232	0.622406	0.634879	0.628053
mcc	0.253522	0.272787	0.294129	0.285211	0.252493	0.284834	0.300273	0.258876	0.275930	0.247094	0.281901	0.250304	0.280356	0.313417	0.266828	0.267510	0.248613	0.249081	0.272850	0.260764
spd0-0	0.606164	0.595402	0.573310	0.563324	0.563446	0.588404	0.561556	0.599544	0.550600	0.575272	0.582558	0.575964	0.597343	0.613769	0.533179	0.557593	0.554551	0.595402	0.569124	0.588067
spd0-1	0.723971	0.708235	0.665871	0.678571	0.659955	0.690307	0.679458	0.682039	0.661058	0.648325	0.698876	0.715711	0.693548	0.713969	0.687500	0.683333	0.681818	0.687059	0.717949	0.715640
spd0	0.117807	0.112833	0.092561	0.115248	0.096509	0.101903	0.117902	0.082495	0.110457	0.073053	0.116318	0.139747	0.096206	0.100200	0.154321	0.125740	0.127268	0.091657	0.148824	0.127573
aod0-0	1.199866	1.182861	1.136054	1.116558	1.100182	1.156752	1.108185	1.184596	1.084904	1.130546	1.151017	1.138103	1.194531	1.206748	1.049840	1.101554	1.099352	1.173910	1.122222	1.160220
aod0-1	1.403601	1.345593	1.252084	1.277618	1.258124	1.326216	1.281153	1.311908	1.238711	1.251297	1.329528	1.362044	1.302743	1.337422	1.323051	1.328309	1.319293	1.316364	1.380105	1.367451
aod0	0.101867	0.081366	0.058015	0.080530	0.078971	0.084732	0.086484	0.063656	0.076904	0.060375	0.089256	0.111971	0.054106	0.065337	0.136606	0.113378	0.109970	0.071227	0.128942	0.103616
eod0-0	0.726877	0.724330	0.716814	0.698009	0.677555	0.723953	0.703540	0.723243	0.675647	0.698616	0.716501	0.686296	0.730947	0.754367	0.658696	0.690710	0.674646	0.711518	0.697497	0.707343
eod0-1	0.790698	0.787770	0.741135	0.767273	0.736111	0.764925	0.768166	0.751908	0.759259	0.686411	0.773973	0.811024	0.785965	0.811448	0.771536	0.748062	0.757202	0.756364	0.794118	0.794118
eod0	0.063821	0.063439	0.024321	0.069264	0.058556	0.040973	0.064626	0.028665	0.083613	0.012204	0.057472	0.124728	0.055018	0.057081	0.112840	0.057352	0.082555	0.044846	0.096620	0.086774
spd1-0	0.583742	0.567910	0.546271	0.544358	0.547636	0.574153	0.547771	0.571027	0.534131	0.545139	0.567832	0.561605	0.576975	0.590210	0.511001	0.542837	0.534722	0.573042	0.564550	0.569425
spd1-1	0.715447	0.712366	0.682008	0.662698	0.651070	0.672897	0.656915	0.699865	0.643817	0.677241	0.681633	0.674902	0.700143	0.721088	0.662698	0.657220	0.663448	0.689840	0.665301	0.696888
spd1	0.131705	0.144456	0.135738	0.118341	0.103434	0.098745	0.109144	0.128839	0.109686	0.132102	0.113800	0.113298	0.123168	0.130879	0.151698	0.114383	0.128726	0.116798	0.100751	0.127463
aod1-0	1.162866	1.131720	1.076082	1.080502	1.075448	1.136385	1.082294	1.136845	1.051495	1.076509	1.121840	1.120218	1.157449	1.163339	1.012465	1.082385	1.065577	1.127005	1.116703	1.126263
aod1-1	1.375698	1.378894	1.326350	1.273142	1.248424	1.290202	1.255248	1.351404	1.235678	1.299446	1.314553	1.287985	1.352303	1.381779	1.279110	1.259615	1.287916	1.343676	1.275000	1.353417
aod1	0.106416	0.123587	0.125134	0.096320	0.086488	0.076909	0.086477	0.107280	0.092092	0.111468	0.096356	0.083884	0.097427	0.109220	0.133322	0.088615	0.111170	0.108336	0.079149	0.113577
eod1-0	0.695055	0.704577	0.699080	0.681379	0.671485	0.713704	0.689702	0.700690	0.659603	0.665349	0.706275	0.676096	0.721379	0.742364	0.643347	0.671290	0.659371	0.694737	0.687084	0.703356
eod1-1	0.815145	0.794702	0.764706	0.766520	0.722689	0.764069	0.767033	0.774892	0.753950	0.745182	0.771300	0.767152	0.784038	0.810870	0.748908	0.754425	0.747100	0.768018	0.775000	0.766004
eod1	0.120090	0.090125	0.065626	0.085141	0.051204	0.050365	0.077331	0.074202	0.094348	0.079833	0.065025	0.091056	0.062658	0.068506	0.105561	0.083135	0.087729	0.073281	0.087916	0.062649
wcspd-00	0.550725	0.544992	0.518082	0.515437	0.523276	0.545455	0.516551	0.546980	0.503419	0.520938	0.535043	0.529310	0.549003	0.556984	0.475862	0.508982	0.503747	0.543006	0.523077	0.539373
wcspd-01	0.718480	0.701068	0.691203	0.659758	0.646953	0.675347	0.651568	0.711230	0.645941	0.692586	0.683636	0.665563	0.707780	0.734918	0.649215	0.656250	0.661972	0.697793	0.664311	0.690391
wcspd-10	0.736220	0.679012	0.675676	0.683128	0.657588	0.708000	0.683019	0.695652	0.677291	0.662602	0.715385	0.720339	0.704545	0.737643	0.674699	0.698039	0.690377	0.703008	0.749049	0.714286
wcspd-11	0.704403	0.747253	0.650000	0.672316	0.663158	0.664740	0.674157	0.664835	0.636364	0.627907	0.675676	0.709091	0.676471	0.680851	0.704918	0.660606	0.668790	0.660377	0.668675	0.717514
wcspd	0.185496	0.202261	0.173120	0.167690	0.139882	0.162545	0.166468	0.164250	0.173872	0.171648	0.180342	0.191029	0.158777	0.180659	0.229056	0.189057	0.186630	0.160001	0.225973	0.178141
wcaod-00	1.107269	1.103358	1.038618	1.038294	1.039890	1.092867	1.037809	1.100789	1.005990	1.040990	1.073430	1.062600	1.119138	1.115236	0.953995	1.026927	1.013886	1.080445	1.045266	1.078522
wcaod-01	1.387409	1.360936	1.355456	1.275646	1.235793	1.290179	1.254679	1.369444	1.242724	1.333402	1.321026	1.279028	1.380184	1.409561	1.250801	1.255575	1.285685	1.362537	1.281382	1.342836
wcaod-10	1.445317	1.276170	1.271598	1.284363	1.236529	1.347276	1.300704	1.322515	1.255737	1.282267	1.346343	1.391600	1.335659	1.360785	1.288517	1.362471	1.333112	1.338075	1.457440	1.352148
wcaod-11	1.330237	1.435897	1.221916	1.268803	1.286644	1.296392	1.252225	1.300855	1.211485	1.209099	1.305398	1.326882	1.248723	1.307429	1.369912	1.274977	1.298625	1.280166	1.251277	1.398305
wcaod	0.169024	0.166270	0.158419	0.123035	0.123377	0.127204	0.131447	0.134328	0.124873	0.146206	0.136457	0.164500	0.130523	0.147162	0.207958	0.167772	0.159613	0.141046	0.206087	0.159891
wceod-00	0.671329	0.687500	0.681356	0.654321	0.648739	0.689119	0.669027	0.677586	0.626917	0.652755	0.676471	0.636204	0.697842	0.705680	0.608696	0.647788	0.630769	0.668367	0.652470	0.671743
wceod-01	0.818444	0.785714	0.783439	0.771513	0.725989	0.781250	0.761062	0.800000	0.759531	0.779412	0.787692	0.764384	0.790323	0.838806	0.742029	0.760000	0.751497	0.785924	0.777108	0.770149
wceod-10	0.782051	0.763975	0.760234	0.778481	0.753012	0.803797	0.757225	0.793103	0.773810	0.712500	0.807018	0.840580	0.798817	0.866279	0.772727	0.756410	0.773973	0.784884	0.810976	0.824675
wceod-11	0.803922	0.820513	0.711712	0.752137	0.713115	0.709091	0.784483	0.700855	0.735294	0.653543	0.727273	0.775862	0.767241	0.736000	0.769912	0.735294	0.731959	0.708738	0.768519	0.754237
wceod	0.147115	0.133013	0.102084	0.124160	0.104273	0.114678	0.115456	0.122414	0.146893	0.126657	0.130547	0.204376	0.100975	0.160599	0.164032	0.112212	0.143203	0.117556	0.158505	0.152933
