accuracy	0.677598	0.682217	0.690993	0.672055	0.672517	0.676212	0.683141	0.684065	0.676212	0.670208	0.679908	0.670670	0.683603	0.672055	0.670670	0.680831	0.673441	0.687298	0.680370	0.660970
recall	0.668052	0.675369	0.683819	0.666274	0.673716	0.666333	0.669513	0.675062	0.671936	0.657702	0.668794	0.661013	0.679543	0.662473	0.663836	0.675046	0.664201	0.674645	0.663377	0.653875
precision	0.677704	0.680757	0.688609	0.669250	0.670360	0.672721	0.684534	0.682278	0.672332	0.663623	0.678004	0.668355	0.682999	0.666655	0.667329	0.678851	0.676756	0.685434	0.687683	0.656425
f1score	0.668273	0.676038	0.684778	0.666913	0.669976	0.667318	0.669683	0.675931	0.672116	0.658971	0.669622	0.661623	0.679927	0.663511	0.664568	0.675713	0.663173	0.675784	0.661513	0.654556
mcc	0.345622	0.356085	0.372397	0.335511	0.344060	0.338993	0.353728	0.357267	0.344267	0.321271	0.346675	0.329286	0.362525	0.329101	0.331147	0.353876	0.340725	0.359917	0.350217	0.310290
spd0-0	0.584475	0.561494	0.566438	0.543266	0.488359	0.578645	0.624274	0.577867	0.522013	0.578706	0.590698	0.575397	0.543039	0.557760	0.545297	0.552436	0.613906	0.597126	0.652074	0.535284
spd0-1	0.791768	0.736471	0.701671	0.730952	0.624161	0.737589	0.753950	0.747573	0.711538	0.767943	0.755056	0.788030	0.705069	0.756098	0.752315	0.714286	0.744949	0.776471	0.822844	0.779621
spd0	0.207293	0.174976	0.135233	0.187686	0.135803	0.158943	0.129676	0.169706	0.189526	0.189236	0.164359	0.212633	0.162030	0.198338	0.207018	0.161850	0.131043	0.179344	0.170770	0.244337
aod0-0	1.152001	1.113025	1.119766	1.074858	0.941311	1.133565	1.231725	1.136802	1.022879	1.133483	1.164656	1.131129	1.085879	1.094196	1.069805	1.087129	1.215108	1.170405	1.283940	1.051935
aod0-1	1.525006	1.359908	1.294016	1.367398	1.146226	1.411724	1.413540	1.403562	1.341654	1.454558	1.418256	1.522069	1.294666	1.410774	1.448757	1.371806	1.419753	1.469697	1.591326	1.481667
aod0	0.186503	0.123442	0.087125	0.146270	0.102458	0.139079	0.090907	0.133380	0.159388	0.160537	0.126800	0.195470	0.104394	0.158289	0.189476	0.142339	0.102322	0.149646	0.153693	0.214866
eod0-0	0.748640	0.723214	0.744469	0.699115	0.639621	0.738990	0.784292	0.739459	0.684267	0.726305	0.749723	0.732334	0.714781	0.701965	0.703261	0.725683	0.770403	0.761033	0.813928	0.674946
eod0-1	0.879845	0.863309	0.804965	0.836364	0.750000	0.824627	0.861592	0.870229	0.807407	0.836237	0.856164	0.862205	0.831579	0.865320	0.842697	0.810078	0.864198	0.876364	0.897059	0.875000
eod0	0.131205	0.140095	0.060496	0.137249	0.110379	0.085637	0.077300	0.130770	0.123140	0.109932	0.106441	0.129871	0.116798	0.163355	0.139436	0.084394	0.093795	0.115330	0.083131	0.200054
spd1-0	0.559916	0.539761	0.530387	0.527324	0.455187	0.558616	0.602265	0.549226	0.504574	0.546528	0.572028	0.553725	0.527929	0.540559	0.525195	0.525983	0.581250	0.567396	0.636427	0.530856
spd1-1	0.747967	0.702957	0.718271	0.677249	0.632353	0.706275	0.742021	0.726783	0.661290	0.751724	0.726531	0.725618	0.675753	0.712925	0.701058	0.695007	0.750345	0.755348	0.782787	0.683356
spd1	0.188052	0.163196	0.187884	0.149924	0.177166	0.147659	0.139757	0.177557	0.156716	0.205196	0.154503	0.171893	0.147824	0.172366	0.175863	0.169024	0.169095	0.187952	0.146360	0.152500
aod1-0	1.113142	1.074244	1.040480	1.045084	0.885008	1.103405	1.188780	1.091371	0.988431	1.076428	1.127718	1.103440	1.060378	1.063086	1.039109	1.047607	1.157189	1.108640	1.256547	1.047140
aod1-1	1.429151	1.340092	1.385383	1.291828	1.178046	1.344314	1.423969	1.383541	1.256504	1.423750	1.389762	1.376032	1.284202	1.361423	1.338912	1.319066	1.452468	1.454036	1.509620	1.312007
aod1	0.158004	0.132924	0.172452	0.123372	0.146519	0.120455	0.117594	0.146085	0.134036	0.173661	0.131022	0.136296	0.111912	0.149169	0.149901	0.135730	0.147639	0.172698	0.126536	0.132434
eod1-0	0.721154	0.715673	0.718791	0.686897	0.613666	0.720488	0.771003	0.725517	0.659603	0.691700	0.735648	0.707214	0.714483	0.701195	0.681756	0.696255	0.752394	0.734211	0.797603	0.685906
eod1-1	0.868597	0.821192	0.830588	0.801762	0.747899	0.818182	0.854945	0.835498	0.801354	0.850107	0.843049	0.837838	0.793427	0.808696	0.818777	0.820796	0.853828	0.878378	0.893182	0.777042
eod1	0.147443	0.105519	0.111797	0.114866	0.134233	0.097693	0.083942	0.109981	0.141752	0.158407	0.107402	0.130624	0.078944	0.107500	0.137021	0.124541	0.101434	0.144168	0.095579	0.091136
wcspd-00	0.507246	0.501698	0.493692	0.475129	0.422414	0.516295	0.563589	0.511745	0.448718	0.497487	0.527350	0.500862	0.485050	0.489289	0.476724	0.485030	0.552040	0.517811	0.594017	0.473328
wcspd-01	0.740933	0.686833	0.721724	0.680484	0.625448	0.704861	0.745645	0.718360	0.670121	0.754069	0.725455	0.718543	0.675522	0.703839	0.684119	0.689236	0.744718	0.752122	0.772085	0.665480
wcspd-10	0.803150	0.724280	0.698842	0.777778	0.603113	0.756000	0.769811	0.743478	0.764940	0.784553	0.773077	0.813559	0.723485	0.768061	0.751004	0.713725	0.728033	0.781955	0.825095	0.808163
wcspd-11	0.773585	0.752747	0.706250	0.666667	0.652632	0.710983	0.730337	0.752747	0.630303	0.744186	0.729730	0.751515	0.676471	0.739362	0.754098	0.715152	0.770701	0.767296	0.819277	0.740113
wcspd	0.295903	0.251049	0.228031	0.302649	0.230218	0.239705	0.206222	0.241002	0.316222	0.287065	0.245726	0.312697	0.238435	0.278772	0.277374	0.230122	0.218661	0.264144	0.231078	0.334836
wcaod-00	1.022748	1.019828	0.990382	0.958511	0.836380	1.034828	1.132728	1.032342	0.896342	0.993987	1.058718	1.007809	0.996991	0.979881	0.956180	0.981712	1.112859	1.028105	1.186815	0.946399
wcaod-01	1.420588	1.318294	1.408666	1.307759	1.168661	1.335227	1.443997	1.365459	1.277434	1.438663	1.398632	1.373921	1.303226	1.348423	1.301335	1.305158	1.445596	1.453079	1.495392	1.284003
wcaod-10	1.561879	1.326541	1.295654	1.457111	1.102542	1.432306	1.459098	1.374037	1.453744	1.496657	1.461003	1.598344	1.351417	1.417646	1.440123	1.373349	1.383046	1.469817	1.607416	1.537463
wcaod-11	1.461300	1.403419	1.291598	1.244017	1.205159	1.382684	1.345940	1.444444	1.183473	1.395276	1.358600	1.387227	1.199234	1.403302	1.460430	1.369281	1.476289	1.469660	1.562580	1.406780
wcaod	0.269565	0.191796	0.209142	0.249300	0.184390	0.198739	0.163185	0.206051	0.278701	0.251335	0.201142	0.295267	0.177213	0.218883	0.252125	0.195818	0.181715	0.220856	0.210300	0.295532
wceod-00	0.678322	0.676786	0.693220	0.629630	0.581513	0.680484	0.743363	0.681034	0.608177	0.644407	0.697232	0.664323	0.674460	0.641997	0.636522	0.665487	0.726496	0.687075	0.771721	0.624365
wceod-01	0.864553	0.800595	0.840764	0.816024	0.737288	0.835227	0.852507	0.837681	0.815249	0.870588	0.843077	0.838356	0.787097	0.805970	0.814493	0.822857	0.847305	0.888563	0.888554	0.764179
wceod-10	0.878205	0.850932	0.807018	0.892405	0.728916	0.867089	0.861272	0.903448	0.839286	0.868750	0.865497	0.884058	0.846154	0.901163	0.850649	0.807692	0.856164	0.895349	0.890244	0.922078
wceod-11	0.882353	0.880342	0.801802	0.760684	0.778689	0.763636	0.862069	0.829060	0.754902	0.795276	0.842975	0.836207	0.810345	0.816000	0.831858	0.813725	0.876289	0.844660	0.907407	0.813559
wceod	0.204031	0.203556	0.147544	0.262775	0.197176	0.186605	0.118706	0.222414	0.231109	0.226181	0.168265	0.219735	0.171693	0.259166	0.214128	0.157370	0.149793	0.208274	0.135687	0.297712
