accuracy	0.863340	0.861655	0.858497	0.855127	0.858707	0.860602	0.862708	0.853443	0.857865	0.858497	0.861866	0.859760	0.862919	0.857023	0.862919	0.858075	0.853864	0.862919	0.864814	0.853443
recall	0.657746	0.664726	0.654324	0.653833	0.661470	0.660905	0.664174	0.651714	0.659225	0.662587	0.664866	0.665288	0.670386	0.651425	0.665895	0.655822	0.663343	0.670047	0.658918	0.663004
precision	0.779069	0.782260	0.770812	0.770255	0.761346	0.770034	0.768359	0.755765	0.789076	0.763949	0.771671	0.778257	0.786014	0.778188	0.765497	0.766354	0.768940	0.768008	0.779493	0.755389
f1score	0.691138	0.697987	0.686191	0.685226	0.691551	0.692561	0.695530	0.681137	0.693029	0.692959	0.696596	0.697726	0.703944	0.684014	0.696627	0.686988	0.693912	0.700745	0.692500	0.691454
mcc	0.419628	0.431256	0.408866	0.407794	0.410850	0.416893	0.419798	0.393970	0.429083	0.414317	0.423270	0.428917	0.441510	0.410485	0.419736	0.407450	0.419187	0.426961	0.421505	0.408066
spd0-0	0.072088	0.071745	0.074730	0.072451	0.094862	0.084133	0.077160	0.085050	0.080768	0.086139	0.078242	0.078284	0.082149	0.080470	0.083871	0.077026	0.080899	0.085876	0.077326	0.082321
spd0-1	0.099030	0.109595	0.101479	0.106248	0.096278	0.099389	0.108021	0.100486	0.095694	0.105199	0.107922	0.108521	0.104926	0.090264	0.105611	0.103076	0.114501	0.108350	0.093902	0.119161
spd0	0.026942	0.037850	0.026749	0.033797	0.001417	0.015256	0.030860	0.015436	0.014926	0.019060	0.029681	0.030237	0.022777	0.009794	0.021740	0.026050	0.033602	0.022474	0.016576	0.036840
aod0-0	0.400532	0.412635	0.384162	0.387154	0.464297	0.423891	0.417518	0.425139	0.426626	0.433092	0.435368	0.402018	0.436534	0.405605	0.440624	0.415680	0.398281	0.435310	0.427886	0.392719
aod0-1	0.373964	0.396043	0.379318	0.380567	0.367877	0.380855	0.401519	0.362003	0.357103	0.391725	0.393018	0.406718	0.397234	0.346515	0.396677	0.373731	0.414588	0.414285	0.360492	0.432831
aod0	0.013284	0.008296	0.002422	0.003294	0.048210	0.021518	0.007999	0.031568	0.034762	0.020684	0.021175	0.002350	0.019650	0.029545	0.021973	0.020974	0.008153	0.010513	0.033697	0.020056
eod0-0	0.373737	0.386760	0.351792	0.359736	0.419672	0.387097	0.381481	0.388535	0.396104	0.393333	0.404181	0.369281	0.401384	0.372990	0.402730	0.385906	0.361842	0.395270	0.395018	0.353135
eod0-1	0.334004	0.352166	0.339960	0.335227	0.329960	0.342159	0.359768	0.316733	0.324074	0.349802	0.347656	0.366089	0.362101	0.313346	0.353783	0.328094	0.370166	0.372470	0.326733	0.381958
eod0	0.039733	0.034594	0.011831	0.024509	0.089713	0.044938	0.021714	0.071802	0.072030	0.043531	0.056525	0.003192	0.039283	0.059644	0.048947	0.057812	0.008324	0.022801	0.068285	0.028822
spd1-0	0.077841	0.082814	0.083125	0.081773	0.082323	0.078095	0.089431	0.084568	0.071296	0.082807	0.089736	0.080025	0.091138	0.072000	0.087121	0.081165	0.089824	0.090966	0.076067	0.099688
spd1-1	0.090304	0.096087	0.091140	0.094693	0.102137	0.098929	0.095238	0.097475	0.097577	0.102621	0.095772	0.101202	0.095630	0.092830	0.098894	0.095694	0.103263	0.100792	0.090996	0.103053
spd1	0.012464	0.013272	0.008015	0.012921	0.019814	0.020834	0.005807	0.012907	0.026281	0.019814	0.006036	0.021177	0.004492	0.020830	0.011773	0.014529	0.013438	0.009826	0.014929	0.003365
aod1-0	0.397725	0.409257	0.409684	0.364152	0.387472	0.368468	0.445523	0.384472	0.338195	0.373781	0.430282	0.414194	0.418447	0.349451	0.402501	0.375276	0.391095	0.450637	0.383609	0.443594
aod1-1	0.376511	0.395281	0.369068	0.386398	0.413189	0.407788	0.390842	0.385132	0.399609	0.419321	0.396076	0.401088	0.407308	0.377543	0.416423	0.392440	0.414441	0.411132	0.384942	0.405494
aod1	0.010607	0.006988	0.020308	0.011123	0.012858	0.019660	0.027340	0.000330	0.030707	0.022770	0.017103	0.006553	0.005569	0.014046	0.006961	0.008582	0.011673	0.019752	0.000666	0.019050
eod1-0	0.368421	0.374449	0.372727	0.323276	0.350877	0.330233	0.406393	0.340807	0.308333	0.331839	0.391489	0.381395	0.377119	0.322581	0.361233	0.338912	0.349398	0.409302	0.351351	0.392070
eod1-1	0.340989	0.360406	0.333898	0.352254	0.369527	0.370307	0.352113	0.345700	0.366776	0.379074	0.358156	0.362295	0.375427	0.341379	0.376577	0.353873	0.374582	0.370435	0.351064	0.363484
eod1	0.027432	0.014043	0.038829	0.028978	0.018650	0.040075	0.054280	0.004893	0.058443	0.047235	0.033333	0.019100	0.001692	0.018799	0.015343	0.014961	0.025184	0.038868	0.000288	0.028586
wcspd-00	0.045394	0.062583	0.057667	0.053279	0.074230	0.064953	0.063380	0.074803	0.054422	0.067031	0.062338	0.047872	0.071622	0.059840	0.062500	0.060523	0.060224	0.079893	0.060447	0.085399
wcspd-01	0.085190	0.076311	0.083119	0.081782	0.104287	0.093248	0.083440	0.090191	0.093625	0.095116	0.086379	0.093439	0.087302	0.091096	0.094088	0.084924	0.090668	0.088788	0.085733	0.080828
wcspd-10	0.106635	0.100585	0.106332	0.105747	0.089097	0.089713	0.110236	0.093240	0.085421	0.096357	0.114352	0.108982	0.108108	0.082474	0.109375	0.098083	0.113895	0.100830	0.089953	0.111490
wcspd-11	0.095092	0.114303	0.098936	0.106512	0.100062	0.104385	0.106784	0.104348	0.101227	0.109870	0.104515	0.108288	0.103281	0.094351	0.103643	0.105817	0.114824	0.112283	0.096010	0.123254
wcspd	0.061241	0.051720	0.048665	0.053234	0.030057	0.039433	0.046856	0.029545	0.046805	0.042838	0.052015	0.061110	0.036486	0.034511	0.046875	0.045294	0.054600	0.032389	0.035563	0.042426
wcaod-00	0.348104	0.405044	0.345503	0.265827	0.381588	0.344646	0.425800	0.420895	0.339322	0.341853	0.429998	0.348796	0.362709	0.356629	0.322132	0.416242	0.284430	0.438010	0.406396	0.461809
wcaod-01	0.419718	0.415597	0.396632	0.427694	0.490932	0.445796	0.415796	0.426328	0.458037	0.456613	0.437984	0.420123	0.469299	0.428278	0.480589	0.416807	0.436707	0.434216	0.437037	0.368050
wcaod-10	0.428220	0.415469	0.444839	0.416693	0.387186	0.378698	0.456536	0.365784	0.340610	0.384929	0.436935	0.450529	0.453618	0.347059	0.442875	0.362607	0.440675	0.458861	0.375053	0.436241
wcaod-11	0.348864	0.388542	0.351674	0.365023	0.359868	0.382060	0.376788	0.359867	0.363629	0.395098	0.372100	0.388626	0.373925	0.346264	0.375531	0.378567	0.402412	0.397954	0.353642	0.430555
wcaod	0.040058	0.013527	0.049668	0.080933	0.065532	0.050575	0.039874	0.033231	0.059357	0.057380	0.032942	0.050866	0.053295	0.041007	0.079228	0.027100	0.078122	0.030454	0.041698	0.046879
wceod-00	0.333333	0.379747	0.315068	0.233766	0.337838	0.304348	0.393443	0.382716	0.316456	0.296875	0.402778	0.328358	0.325843	0.336842	0.283784	0.394737	0.246753	0.397590	0.381579	0.415584
wceod-01	0.386667	0.389423	0.363248	0.402655	0.445887	0.410788	0.377990	0.390558	0.423581	0.419492	0.404651	0.380753	0.435000	0.388889	0.442922	0.382883	0.400881	0.394366	0.400000	0.331858
wceod-10	0.384615	0.371622	0.401361	0.367742	0.357143	0.342466	0.411392	0.316901	0.304348	0.345912	0.386503	0.405405	0.408163	0.313725	0.398693	0.312883	0.395349	0.416667	0.335616	0.380000
wceod-11	0.310850	0.344648	0.314607	0.321716	0.317647	0.342029	0.337047	0.316667	0.332454	0.351585	0.329513	0.350404	0.344560	0.313187	0.333333	0.335260	0.358491	0.356354	0.323120	0.382749
wceod	0.075816	0.044776	0.086754	0.168889	0.128240	0.106441	0.074345	0.073891	0.119233	0.122617	0.075138	0.077047	0.109157	0.075702	0.159139	0.081853	0.154128	0.060313	0.076880	0.083726
