accuracy	0.637413	0.637875	0.641570	0.642494	0.635104	0.651270	0.642956	0.628176	0.639261	0.635104	0.645266	0.647113	0.637413	0.658661	0.636952	0.632333	0.630485	0.640647	0.636952	0.629099
recall	0.623374	0.625989	0.628280	0.631744	0.619172	0.635969	0.630859	0.612751	0.629574	0.621222	0.631008	0.634003	0.628179	0.637862	0.626605	0.621578	0.620978	0.628186	0.622418	0.615107
precision	0.638779	0.637692	0.639914	0.640542	0.625019	0.649055	0.639176	0.626431	0.633963	0.626473	0.642562	0.645397	0.641054	0.658547	0.633010	0.630809	0.630300	0.635068	0.634495	0.623999
f1score	0.619799	0.623784	0.626779	0.630944	0.619900	0.635082	0.630597	0.609455	0.630029	0.621872	0.630055	0.632969	0.624466	0.636016	0.626450	0.619936	0.618803	0.628402	0.620635	0.614161
mcc	0.261699	0.263421	0.267941	0.272144	0.244121	0.284723	0.269906	0.238790	0.263500	0.247640	0.273325	0.279168	0.268925	0.295686	0.259536	0.252218	0.251105	0.263164	0.256628	0.238941
spd0-0	0.652968	0.640805	0.639175	0.618911	0.611176	0.635476	0.616144	0.660011	0.583762	0.603892	0.634302	0.622449	0.636049	0.677946	0.598961	0.618338	0.620690	0.608046	0.639977	0.623637
spd0-1	0.750605	0.694118	0.701671	0.688095	0.695749	0.744681	0.693002	0.716019	0.692308	0.691388	0.714607	0.758105	0.725806	0.731707	0.701389	0.723810	0.717172	0.696471	0.727273	0.725118
spd0	0.097637	0.053313	0.062495	0.069184	0.084574	0.109204	0.076858	0.056008	0.108546	0.087495	0.080304	0.135656	0.089758	0.053761	0.102428	0.105471	0.096482	0.088425	0.087296	0.101481
aod0-0	1.293363	1.274331	1.269131	1.228500	1.198675	1.252617	1.219494	1.307929	1.152038	1.188456	1.256339	1.229922	1.271951	1.337651	1.182908	1.224564	1.231964	1.198844	1.265437	1.233658
aod0-1	1.456539	1.301571	1.324041	1.292163	1.313679	1.417477	1.304948	1.365344	1.308879	1.330611	1.331722	1.437570	1.374285	1.364358	1.338577	1.403388	1.384168	1.321818	1.397504	1.376176
aod0	0.081588	0.013620	0.027455	0.031832	0.057502	0.082430	0.042727	0.028707	0.078420	0.071078	0.037692	0.103824	0.051167	0.013353	0.077834	0.089412	0.076102	0.061487	0.066034	0.071259
eod0-0	0.774755	0.758929	0.764381	0.743363	0.712329	0.759398	0.737832	0.763243	0.702586	0.723110	0.750831	0.741970	0.762125	0.801310	0.713043	0.736612	0.736670	0.726588	0.756257	0.725702
eod0-1	0.817829	0.791367	0.776596	0.781818	0.791667	0.843284	0.785467	0.805344	0.781481	0.735192	0.821918	0.866142	0.810526	0.838384	0.805243	0.798450	0.802469	0.781818	0.805147	0.816176
eod0	0.043074	0.032438	0.012215	0.038455	0.079338	0.083885	0.047635	0.042100	0.078895	0.012082	0.071087	0.124172	0.048402	0.037074	0.092200	0.061838	0.065799	0.055230	0.048890	0.090475
spd1-0	0.641205	0.623505	0.625691	0.613201	0.605505	0.632062	0.614296	0.645570	0.574947	0.579861	0.630070	0.620344	0.622616	0.667133	0.591909	0.617275	0.615972	0.588567	0.650384	0.612903
spd1-1	0.730352	0.704301	0.702929	0.667989	0.672460	0.703605	0.664894	0.718708	0.661290	0.702069	0.691156	0.697009	0.720230	0.731973	0.670635	0.680162	0.682759	0.695187	0.670765	0.702300
spd1	0.089147	0.080797	0.077238	0.054789	0.066955	0.071543	0.050598	0.073138	0.086343	0.122208	0.061087	0.076665	0.097614	0.064840	0.078726	0.062887	0.066786	0.106620	0.020381	0.089397
aod1-0	1.277669	1.243287	1.237390	1.218925	1.193507	1.253326	1.217633	1.286875	1.134157	1.146460	1.248398	1.237310	1.248526	1.319410	1.175169	1.231676	1.228178	1.157602	1.289780	1.215161
aod1-1	1.405129	1.357047	1.367002	1.281953	1.282038	1.342625	1.269604	1.381707	1.272478	1.344928	1.321722	1.327508	1.394565	1.399170	1.288693	1.302217	1.323642	1.349573	1.285243	1.359669
aod1	0.063730	0.056880	0.064806	0.031514	0.044265	0.044650	0.025986	0.047416	0.069161	0.099234	0.036662	0.045099	0.073019	0.039880	0.056762	0.035270	0.047732	0.095985	0.002268	0.072254
eod1-0	0.755495	0.747573	0.755585	0.737931	0.714849	0.758480	0.731707	0.751724	0.692715	0.695652	0.747664	0.749646	0.758621	0.799469	0.711934	0.729542	0.737346	0.713158	0.758988	0.726174
eod1-1	0.830735	0.796909	0.788235	0.775330	0.756303	0.809524	0.778022	0.805195	0.767494	0.775161	0.802691	0.796258	0.800469	0.828261	0.768559	0.783186	0.772622	0.783784	0.781818	0.779249
eod1	0.075240	0.049337	0.032651	0.037399	0.041454	0.051043	0.046315	0.053471	0.074779	0.079508	0.055027	0.046611	0.041849	0.028792	0.056625	0.053644	0.035276	0.070626	0.022830	0.053075
wcspd-00	0.620631	0.612054	0.614802	0.598628	0.593966	0.615780	0.598432	0.635906	0.552991	0.562814	0.611111	0.600000	0.604651	0.651243	0.574138	0.599658	0.601166	0.562120	0.628205	0.591871
wcspd-01	0.718480	0.701068	0.691203	0.659758	0.646953	0.675347	0.651568	0.711230	0.645941	0.692586	0.683636	0.665563	0.707780	0.734918	0.649215	0.656250	0.661972	0.697793	0.664311	0.690391
wcspd-10	0.736220	0.679012	0.675676	0.683128	0.657588	0.708000	0.683019	0.695652	0.677291	0.662602	0.715385	0.720339	0.704545	0.737643	0.674699	0.698039	0.690377	0.703008	0.749049	0.714286
wcspd-11	0.773585	0.714286	0.743750	0.694915	0.747368	0.797688	0.707865	0.741758	0.715152	0.732558	0.713514	0.812121	0.758824	0.723404	0.737705	0.763636	0.757962	0.685535	0.692771	0.740113
wcspd	0.152954	0.102231	0.128948	0.096287	0.153403	0.181907	0.109433	0.105852	0.162160	0.169744	0.104274	0.212121	0.154172	0.086400	0.163567	0.163979	0.156796	0.140888	0.120844	0.148242
wcaod-00	1.247420	1.236385	1.231700	1.204094	1.182078	1.233337	1.200738	1.277327	1.105183	1.124765	1.225036	1.204750	1.229428	1.303581	1.150353	1.207223	1.208725	1.118465	1.255613	1.183558
wcaod-01	1.387409	1.360936	1.355456	1.275646	1.235793	1.290179	1.254679	1.369444	1.242724	1.333402	1.321026	1.279028	1.380184	1.409561	1.250801	1.255575	1.285685	1.362537	1.281382	1.342836
wcaod-10	1.445317	1.276170	1.271598	1.284363	1.236529	1.347276	1.300704	1.322515	1.255737	1.282267	1.346343	1.391600	1.335659	1.360785	1.288517	1.362471	1.333112	1.338075	1.457440	1.352148
wcaod-11	1.469040	1.336752	1.414047	1.302991	1.417792	1.519048	1.311457	1.420513	1.381419	1.408224	1.311725	1.508797	1.438697	1.371429	1.406700	1.465920	1.462027	1.294556	1.296296	1.415254
wcaod	0.110810	0.062275	0.091173	0.049449	0.117857	0.142855	0.055360	0.071593	0.138118	0.141729	0.060654	0.152023	0.104635	0.052990	0.128174	0.129348	0.126651	0.122036	0.100914	0.115848
wceod-00	0.748252	0.742857	0.754237	0.726631	0.704202	0.746114	0.723894	0.741379	0.669506	0.691152	0.730104	0.727592	0.746403	0.779690	0.695652	0.722124	0.728205	0.692177	0.744463	0.700508
wceod-01	0.818444	0.785714	0.783439	0.771513	0.725989	0.781250	0.761062	0.800000	0.759531	0.779412	0.787692	0.764384	0.790323	0.838806	0.742029	0.760000	0.751497	0.785924	0.777108	0.770149
wceod-10	0.782051	0.763975	0.760234	0.778481	0.753012	0.803797	0.757225	0.793103	0.773810	0.712500	0.807018	0.840580	0.798817	0.866279	0.772727	0.756410	0.773973	0.784884	0.810976	0.824675
wceod-11	0.872549	0.829060	0.801802	0.786325	0.844262	0.900000	0.827586	0.820513	0.794118	0.763780	0.842975	0.896552	0.827586	0.800000	0.849558	0.862745	0.845361	0.776699	0.796296	0.805085
wceod	0.124297	0.086203	0.047565	0.059693	0.140061	0.153886	0.103692	0.079134	0.124612	0.088260	0.112871	0.168959	0.081183	0.086589	0.153905	0.140621	0.117156	0.093747	0.066512	0.124168
