accuracy	0.688222	0.686374	0.697460	0.681293	0.685450	0.673441	0.661894	0.687760	0.673441	0.667898	0.683141	0.675751	0.691917	0.674365	0.688684	0.681293	0.685912	0.686374	0.678522	0.661432
recall	0.680911	0.678258	0.688919	0.675088	0.680727	0.666547	0.654808	0.681132	0.665742	0.661522	0.676090	0.671369	0.687362	0.664534	0.682875	0.675472	0.681958	0.678015	0.672079	0.654293
precision	0.686941	0.686174	0.696245	0.678893	0.679536	0.669166	0.657778	0.684933	0.669322	0.661811	0.679517	0.672362	0.692010	0.669095	0.685669	0.679343	0.684306	0.682277	0.675003	0.656899
f1score	0.681696	0.678821	0.689993	0.675832	0.680022	0.667306	0.655498	0.682015	0.666606	0.661659	0.676980	0.671750	0.687753	0.665626	0.683654	0.676144	0.682483	0.679098	0.672853	0.654983
mcc	0.367802	0.364346	0.385094	0.353960	0.360260	0.335702	0.312572	0.366045	0.335045	0.323332	0.355591	0.343730	0.379343	0.333597	0.368533	0.354795	0.366257	0.360267	0.347070	0.311181
spd0-0	0.559932	0.572989	0.581329	0.549570	0.522119	0.542480	0.552846	0.548203	0.556890	0.531769	0.545930	0.520408	0.540728	0.561844	0.537796	0.541547	0.525721	0.560345	0.539171	0.538153
spd0-1	0.767554	0.767059	0.715990	0.733333	0.700224	0.744681	0.711061	0.747573	0.728365	0.727273	0.741573	0.743142	0.755760	0.751663	0.738426	0.761905	0.752525	0.734118	0.752914	0.770142
spd0	0.207623	0.194070	0.134662	0.183763	0.178105	0.202201	0.158215	0.199370	0.171476	0.195504	0.195643	0.222734	0.215032	0.189819	0.200630	0.220357	0.226805	0.173773	0.213743	0.231990
aod0-0	1.101729	1.135690	1.149586	1.086861	1.008348	1.061764	1.090546	1.076660	1.093106	1.039249	1.074255	1.021104	1.081243	1.101999	1.053242	1.065357	1.037321	1.097128	1.057759	1.057335
aod0-1	1.468217	1.429110	1.300280	1.364514	1.286819	1.420197	1.335663	1.406412	1.383308	1.366279	1.394597	1.402485	1.413493	1.400914	1.398502	1.469997	1.434519	1.367879	1.437945	1.466961
aod0	0.183244	0.146710	0.075347	0.138827	0.139235	0.179217	0.122558	0.164876	0.145101	0.163515	0.160171	0.190691	0.166125	0.149457	0.172630	0.202320	0.198599	0.135375	0.190093	0.204813
eod0-0	0.735582	0.739955	0.758850	0.713496	0.675448	0.699248	0.696903	0.716757	0.715517	0.681576	0.713178	0.677730	0.725173	0.708515	0.707609	0.714754	0.699674	0.722282	0.704026	0.680346
eod0-1	0.868217	0.884892	0.840426	0.847273	0.840278	0.839552	0.809689	0.866412	0.814815	0.801394	0.839041	0.858268	0.863158	0.861953	0.865169	0.852713	0.872428	0.854545	0.845588	0.860294
eod0	0.132635	0.144937	0.081576	0.133777	0.164830	0.140304	0.112786	0.149655	0.099298	0.119818	0.125863	0.180538	0.137985	0.153438	0.157560	0.137959	0.172754	0.132263	0.141562	0.179949
spd1-0	0.543097	0.548909	0.546271	0.529454	0.503176	0.524011	0.538570	0.521097	0.527094	0.501389	0.533566	0.502149	0.534060	0.540559	0.509581	0.528090	0.520139	0.527876	0.525471	0.525245
spd1-1	0.708672	0.729839	0.730823	0.689153	0.664439	0.691589	0.672872	0.710633	0.709677	0.704828	0.688435	0.669701	0.688666	0.719728	0.705026	0.692308	0.660690	0.720588	0.691257	0.695535
spd1	0.165575	0.180929	0.184552	0.159700	0.161263	0.167577	0.134302	0.189536	0.182584	0.203439	0.154869	0.167552	0.154606	0.179168	0.195445	0.164218	0.140551	0.192712	0.165786	0.170289
aod1-0	1.078979	1.092316	1.071411	1.048726	0.978781	1.034021	1.062529	1.034813	1.033825	0.985205	1.049487	1.000012	1.072825	1.062639	1.006954	1.051696	1.034514	1.029592	1.034591	1.035392
aod1-1	1.343601	1.397761	1.410846	1.313869	1.245798	1.317865	1.293314	1.350595	1.359066	1.333599	1.316019	1.258771	1.306672	1.376680	1.334911	1.317137	1.262733	1.380957	1.317030	1.342187
aod1	0.132311	0.152722	0.169718	0.132572	0.133509	0.141922	0.115392	0.157891	0.162621	0.174197	0.133266	0.129379	0.116923	0.157021	0.163979	0.132720	0.114110	0.175682	0.141219	0.153397
eod1-0	0.717033	0.732316	0.742444	0.699310	0.675427	0.687924	0.695122	0.704828	0.679470	0.654809	0.710280	0.666195	0.728276	0.705179	0.679012	0.703190	0.705882	0.694737	0.687084	0.685906
eod1-1	0.841871	0.841060	0.842353	0.817181	0.775210	0.798701	0.771429	0.820346	0.837472	0.798715	0.800448	0.790021	0.812207	0.813043	0.844978	0.811947	0.786543	0.851351	0.820455	0.779249
eod1	0.124838	0.108743	0.099909	0.117870	0.099783	0.110777	0.076307	0.115519	0.158002	0.143906	0.090168	0.123826	0.083931	0.107864	0.165966	0.108757	0.080661	0.156615	0.133371	0.093343
wcspd-00	0.487639	0.506791	0.512195	0.483705	0.455172	0.473413	0.494774	0.477349	0.483761	0.447236	0.483761	0.448276	0.481728	0.491003	0.464655	0.473054	0.471274	0.484796	0.471795	0.473328
wcspd-01	0.706390	0.711744	0.728905	0.682211	0.661290	0.682292	0.668990	0.698752	0.704663	0.714286	0.678182	0.658940	0.675522	0.712980	0.685864	0.680556	0.640845	0.707980	0.678445	0.674377
wcspd-10	0.799213	0.753086	0.702703	0.748971	0.719844	0.760000	0.728302	0.747826	0.729084	0.764228	0.757692	0.766949	0.772727	0.760456	0.718876	0.780392	0.765690	0.714286	0.764259	0.775510
wcspd-11	0.716981	0.785714	0.737500	0.711864	0.673684	0.722543	0.685393	0.747253	0.727273	0.674419	0.718919	0.709091	0.729412	0.739362	0.765027	0.733333	0.732484	0.767296	0.734940	0.762712
wcspd	0.311574	0.278923	0.225305	0.265266	0.264672	0.286587	0.233528	0.270477	0.245323	0.316991	0.273932	0.318673	0.291000	0.269454	0.300372	0.307338	0.294416	0.282500	0.292464	0.302183
wcaod-00	0.983972	1.031045	1.027441	0.976336	0.901406	0.949084	0.994599	0.963996	0.966411	0.893461	0.971874	0.902631	0.992351	0.983352	0.932189	0.957962	0.951951	0.962271	0.942409	0.946385
wcaod-01	1.342952	1.371550	1.425126	1.310727	1.248006	1.298295	1.297232	1.324919	1.352584	1.359928	1.304957	1.253625	1.299078	1.368544	1.296796	1.290872	1.225447	1.363636	1.301694	1.306029
wcaod-10	1.540293	1.393955	1.279439	1.391065	1.322984	1.443176	1.380246	1.385801	1.387980	1.438517	1.426835	1.483141	1.469822	1.400843	1.355913	1.508159	1.456400	1.316922	1.477827	1.472028
wcaod-11	1.349845	1.475214	1.336643	1.328632	1.237946	1.387302	1.269466	1.435897	1.382820	1.272091	1.349432	1.267945	1.316411	1.403302	1.456384	1.410831	1.401718	1.453363	1.369093	1.466102
wcaod	0.278161	0.222084	0.198843	0.207364	0.210789	0.247046	0.192824	0.235951	0.210785	0.272528	0.227480	0.290255	0.238736	0.209975	0.262098	0.275098	0.252225	0.245546	0.267709	0.262821
wceod-00	0.667832	0.692857	0.715254	0.650794	0.623529	0.639033	0.658407	0.655172	0.645656	0.597663	0.667820	0.611599	0.685252	0.648881	0.633043	0.656637	0.658120	0.649660	0.643952	0.632826
wceod-01	0.847262	0.818452	0.840764	0.818991	0.762712	0.798295	0.761062	0.820290	0.835777	0.829412	0.793846	0.780822	0.796774	0.811940	0.831884	0.808571	0.772455	0.847507	0.810241	0.764179
wceod-10	0.897436	0.869565	0.836257	0.873418	0.861446	0.867089	0.815029	0.903448	0.797619	0.868750	0.853801	0.891304	0.869822	0.895349	0.850649	0.871795	0.897260	0.848837	0.841463	0.889610
wceod-11	0.823529	0.905983	0.846847	0.811966	0.811475	0.800000	0.801724	0.820513	0.843137	0.716535	0.818182	0.818966	0.853448	0.816000	0.884956	0.823529	0.835052	0.864078	0.851852	0.822034
wceod	0.229604	0.213126	0.131593	0.222624	0.237916	0.228056	0.156622	0.248276	0.197481	0.271087	0.185981	0.279705	0.184571	0.246468	0.251912	0.215158	0.239141	0.214418	0.207900	0.256785
