accuracy	0.802839	0.801679	0.797311	0.800041	0.801133	0.803112	0.802088	0.798062	0.795332	0.801884	0.800177	0.803590	0.801474	0.801747	0.801611	0.804545	0.797789	0.800109	0.800041	0.800792
recall	0.595490	0.599281	0.593688	0.596613	0.600286	0.601639	0.601860	0.596364	0.597539	0.596356	0.598791	0.594941	0.598810	0.598907	0.601604	0.602165	0.595419	0.600568	0.597458	0.597062
precision	0.818277	0.817453	0.825615	0.814202	0.805400	0.820349	0.824616	0.821624	0.819641	0.819681	0.825634	0.815691	0.815762	0.811652	0.816244	0.827568	0.819504	0.824604	0.816611	0.825022
f1score	0.605772	0.610558	0.601232	0.606603	0.612248	0.614025	0.613824	0.605306	0.606114	0.606590	0.609077	0.605367	0.609937	0.610326	0.613681	0.614884	0.604034	0.611478	0.607637	0.606969
mcc	0.348668	0.355061	0.349320	0.348459	0.350014	0.360887	0.363678	0.352097	0.353143	0.351018	0.358718	0.346249	0.353273	0.351139	0.358506	0.365873	0.349209	0.361357	0.351320	0.355230
spd0-0	0.039401	0.043532	0.037445	0.043398	0.049597	0.041762	0.040050	0.039471	0.042866	0.040256	0.043146	0.038143	0.040647	0.041146	0.041573	0.038517	0.036778	0.040271	0.043167	0.037771
spd0-1	0.066258	0.068878	0.065103	0.067511	0.070613	0.071037	0.071385	0.067862	0.068729	0.066673	0.066979	0.066538	0.070288	0.071355	0.072979	0.070847	0.068874	0.070713	0.067998	0.067700
spd0	0.026857	0.025345	0.027657	0.024113	0.021016	0.029275	0.031335	0.028391	0.025862	0.026417	0.023833	0.028395	0.029641	0.030209	0.031406	0.032330	0.032096	0.030442	0.024831	0.029929
aod0-0	0.242701	0.265033	0.246714	0.258028	0.302777	0.262403	0.257117	0.258120	0.261776	0.257742	0.278306	0.235939	0.245477	0.261994	0.275565	0.260065	0.230745	0.258263	0.271448	0.234833
aod0-1	0.208445	0.215415	0.200552	0.210359	0.217346	0.221347	0.221234	0.207493	0.210030	0.208444	0.207764	0.210278	0.219076	0.218673	0.222347	0.220567	0.210352	0.217514	0.209620	0.211616
aod0	0.017128	0.024809	0.023081	0.023835	0.042716	0.020528	0.017942	0.025313	0.025873	0.024649	0.035271	0.012831	0.013200	0.021661	0.026609	0.019749	0.010196	0.020375	0.030914	0.011608
eod0-0	0.225049	0.247723	0.233397	0.239488	0.281664	0.245174	0.241966	0.243295	0.244936	0.243094	0.261860	0.220114	0.229091	0.244618	0.261510	0.245509	0.215116	0.244123	0.253788	0.219963
eod0-1	0.199524	0.204946	0.191749	0.200406	0.204791	0.211145	0.211141	0.197759	0.200651	0.197821	0.199668	0.199449	0.207598	0.206456	0.208810	0.210914	0.200725	0.207195	0.199732	0.202689
eod0	0.025525	0.042777	0.041647	0.039083	0.076873	0.034029	0.030825	0.045536	0.044284	0.045273	0.062191	0.020665	0.021493	0.038162	0.052700	0.034595	0.014391	0.036928	0.054056	0.017274
spd1-0	0.084901	0.076709	0.076997	0.079157	0.091691	0.085066	0.074988	0.079096	0.078630	0.077136	0.077283	0.074074	0.072329	0.078625	0.092199	0.081256	0.079151	0.078836	0.080911	0.072652
spd1-1	0.052782	0.057751	0.052565	0.056159	0.059002	0.057430	0.058744	0.054992	0.057313	0.054612	0.055999	0.054313	0.058513	0.058345	0.057505	0.056539	0.054765	0.057499	0.056240	0.055235
spd1	0.032119	0.018958	0.024433	0.022998	0.032689	0.027636	0.016244	0.024104	0.021317	0.022524	0.021284	0.019761	0.013815	0.020281	0.034693	0.024717	0.024385	0.021337	0.024671	0.017416
aod1-0	0.407854	0.356506	0.370223	0.359134	0.388254	0.392289	0.349518	0.363444	0.372324	0.369481	0.383995	0.369989	0.335873	0.360493	0.444766	0.398008	0.390211	0.375438	0.396950	0.333851
aod1-1	0.194482	0.209390	0.190914	0.203388	0.213360	0.210391	0.214025	0.198654	0.202913	0.199830	0.202248	0.198688	0.211388	0.210799	0.207547	0.207912	0.195998	0.207662	0.202352	0.202347
aod1	0.106686	0.073558	0.089655	0.077873	0.087447	0.090949	0.067747	0.082395	0.084705	0.084826	0.090873	0.085651	0.062243	0.074847	0.118609	0.095048	0.097107	0.083888	0.097299	0.065752
eod1-0	0.375394	0.324159	0.340694	0.325301	0.346041	0.356037	0.316129	0.335227	0.342593	0.336508	0.356923	0.339934	0.304075	0.326087	0.407051	0.368580	0.363354	0.345455	0.365132	0.305233
eod1-1	0.185906	0.200063	0.183951	0.194077	0.202411	0.201953	0.206093	0.190075	0.193980	0.191785	0.193970	0.189319	0.201636	0.200443	0.198440	0.199873	0.186803	0.199380	0.192966	0.194515
eod1	0.189489	0.124096	0.156743	0.131224	0.143630	0.154084	0.110036	0.145152	0.148613	0.144723	0.162954	0.150615	0.102440	0.125644	0.208611	0.168707	0.176551	0.146075	0.172166	0.110718
wcspd-00	0.059276	0.059006	0.056928	0.066806	0.078431	0.072417	0.056522	0.052575	0.058402	0.062628	0.058116	0.056745	0.058263	0.052632	0.058698	0.060381	0.044652	0.054968	0.065126	0.049093
wcspd-01	0.034831	0.039658	0.032766	0.037654	0.042846	0.034331	0.036163	0.036345	0.038858	0.034625	0.039262	0.033676	0.036359	0.038374	0.037506	0.033205	0.034836	0.036725	0.037856	0.035056
wcspd-10	0.104991	0.091139	0.093287	0.089210	0.102041	0.095157	0.089301	0.099832	0.096627	0.089001	0.094107	0.087573	0.083403	0.099659	0.118846	0.097381	0.109107	0.097890	0.094424	0.090686
wcspd-11	0.061035	0.065826	0.061386	0.064546	0.066335	0.067759	0.068926	0.063442	0.065250	0.063588	0.063423	0.063615	0.068466	0.067489	0.066690	0.067077	0.063732	0.066969	0.064602	0.064422
wcspd	0.070161	0.051481	0.060521	0.051556	0.059195	0.060826	0.053138	0.063487	0.057769	0.054376	0.054846	0.053897	0.047044	0.061286	0.081339	0.064177	0.074271	0.061165	0.056569	0.055630
wcaod-00	0.380221	0.333160	0.394801	0.420344	0.510776	0.491804	0.404767	0.345608	0.358896	0.441302	0.403317	0.425045	0.331308	0.297192	0.473708	0.443259	0.322798	0.348287	0.438549	0.376666
wcaod-01	0.222965	0.251725	0.222458	0.228263	0.270640	0.224611	0.235329	0.243010	0.242773	0.225971	0.255126	0.207185	0.229820	0.254678	0.248913	0.230255	0.216863	0.242633	0.243804	0.214591
wcaod-10	0.407559	0.360043	0.361374	0.337010	0.354396	0.361045	0.335433	0.365700	0.374249	0.346371	0.374699	0.354001	0.333555	0.376447	0.441372	0.383569	0.405254	0.381025	0.379758	0.325066
wcaod-11	0.188218	0.201030	0.185092	0.197319	0.202156	0.207073	0.209353	0.190465	0.195090	0.194641	0.191983	0.196178	0.207704	0.202703	0.200134	0.203690	0.191200	0.201127	0.194200	0.198624
wcaod	0.109671	0.079506	0.104855	0.111513	0.154310	0.142366	0.097707	0.087618	0.089579	0.123331	0.105667	0.114434	0.062926	0.086872	0.136787	0.119785	0.107027	0.089949	0.122175	0.089021
wceod-00	0.339286	0.294872	0.362319	0.382716	0.461538	0.449275	0.370968	0.314286	0.325301	0.407895	0.371795	0.393939	0.293333	0.260870	0.440678	0.409091	0.295082	0.315068	0.400000	0.349206
wceod-01	0.210989	0.239915	0.213974	0.214592	0.256466	0.213808	0.224839	0.232301	0.230435	0.216274	0.242762	0.195228	0.218947	0.242081	0.239669	0.220690	0.204396	0.233333	0.231441	0.202929
wceod-10	0.383142	0.333333	0.334677	0.306773	0.318841	0.330709	0.302419	0.340426	0.348548	0.313808	0.352227	0.324895	0.307377	0.343874	0.399209	0.358491	0.379310	0.354086	0.354701	0.295374
wceod-11	0.181649	0.193119	0.179008	0.190547	0.193080	0.200000	0.202909	0.183140	0.188052	0.187546	0.186055	0.188297	0.198595	0.193679	0.191106	0.196547	0.183916	0.193443	0.186570	0.193022
wceod	0.201493	0.140215	0.183311	0.192170	0.268458	0.249275	0.168059	0.157286	0.160495	0.220348	0.185740	0.205642	0.108782	0.150195	0.249572	0.212544	0.195394	0.160643	0.213430	0.156185
