accuracy	0.810333	0.801222	0.804667	0.810667	0.796333	0.796556	0.799222	0.803333	0.802667	0.806111	0.803000	0.799444	0.801667	0.801667	0.798111	0.801889	0.802556	0.809111	0.796000	0.810889
recall	0.582107	0.575964	0.581959	0.577906	0.572468	0.571924	0.577740	0.582604	0.580056	0.586114	0.580257	0.581131	0.576622	0.575368	0.580761	0.576874	0.576342	0.590197	0.581433	0.586079
precision	0.781069	0.764739	0.774580	0.772795	0.755847	0.764032	0.765129	0.753619	0.770822	0.764473	0.783770	0.761925	0.772625	0.765295	0.780530	0.766650	0.777402	0.777889	0.770476	0.771676
f1score	0.590960	0.580399	0.589484	0.585402	0.574414	0.573159	0.582409	0.591095	0.586399	0.596199	0.586121	0.587529	0.581052	0.579619	0.585601	0.581806	0.580641	0.602048	0.586519	0.597095
mcc	0.303827	0.283625	0.300029	0.291564	0.272328	0.275609	0.287132	0.289482	0.294489	0.301826	0.301825	0.291549	0.289060	0.282806	0.301037	0.286347	0.291049	0.316637	0.296821	0.305848
spd0-0	0.047214	0.048197	0.051254	0.045945	0.047407	0.042123	0.050621	0.056739	0.048556	0.052396	0.048402	0.053180	0.045286	0.046228	0.051344	0.046606	0.046679	0.053486	0.052207	0.051864
spd0-1	0.059908	0.058642	0.059284	0.057111	0.059376	0.062310	0.059524	0.063590	0.062588	0.069563	0.057002	0.063777	0.060354	0.059855	0.057698	0.061508	0.055307	0.067636	0.063824	0.063931
spd0	0.012694	0.010445	0.008030	0.011165	0.011969	0.020187	0.008902	0.006851	0.014032	0.017167	0.008600	0.010597	0.015069	0.013627	0.006354	0.014902	0.008628	0.014150	0.011616	0.012067
aod0-0	0.185863	0.186473	0.203306	0.190104	0.177566	0.160074	0.198000	0.220537	0.186441	0.206048	0.187630	0.201373	0.178058	0.177375	0.195231	0.188631	0.184888	0.209000	0.193997	0.205829
aod0-1	0.215005	0.193014	0.196838	0.191488	0.193343	0.204143	0.188916	0.200354	0.211787	0.228284	0.198554	0.207890	0.200533	0.200796	0.194998	0.194769	0.185603	0.234249	0.211245	0.219687
aod0	0.014571	0.003271	0.003234	0.000692	0.007888	0.022034	0.004542	0.010091	0.012673	0.011118	0.005462	0.003259	0.011238	0.011710	0.000116	0.003069	0.000357	0.012625	0.008624	0.006929
eod0-0	0.171030	0.169794	0.188380	0.175978	0.162116	0.145503	0.183147	0.201770	0.170583	0.189578	0.172687	0.183638	0.163993	0.161491	0.179813	0.175360	0.170251	0.192644	0.177299	0.188919
eod0-1	0.195214	0.171396	0.173660	0.169249	0.167637	0.181617	0.163006	0.170388	0.189252	0.199074	0.181200	0.182333	0.178531	0.178777	0.176207	0.168172	0.167043	0.209832	0.188356	0.195678
eod0	0.024184	0.001602	0.014721	0.006729	0.005521	0.036114	0.020141	0.031382	0.018669	0.009496	0.008513	0.001305	0.014538	0.017287	0.003607	0.007188	0.003208	0.017188	0.011057	0.006759
spd1-0	0.050037	0.049890	0.052072	0.049216	0.051404	0.049208	0.052799	0.057966	0.053257	0.058681	0.050055	0.054588	0.050171	0.050086	0.052625	0.050932	0.048694	0.057865	0.056328	0.055881
spd1-1	0.072639	0.076642	0.078144	0.061298	0.060494	0.059929	0.067237	0.073810	0.062500	0.066489	0.070457	0.084906	0.063119	0.067568	0.066667	0.069357	0.064516	0.072351	0.061404	0.064677
spd1	0.022603	0.026752	0.026072	0.012082	0.009090	0.010721	0.014438	0.015844	0.009243	0.007808	0.020402	0.030318	0.012948	0.017482	0.014042	0.018425	0.015822	0.014486	0.005076	0.008796
aod1-0	0.195691	0.183347	0.194792	0.189184	0.185782	0.179328	0.194780	0.208718	0.196642	0.217625	0.189684	0.195341	0.188380	0.185870	0.195075	0.187175	0.185162	0.220515	0.202414	0.213444
aod1-1	0.217173	0.236577	0.245845	0.197918	0.171919	0.178303	0.188357	0.236288	0.199220	0.196494	0.213966	0.276278	0.183757	0.200314	0.196995	0.218326	0.186970	0.212406	0.189319	0.197560
aod1	0.010741	0.026615	0.025526	0.004367	0.006931	0.000513	0.003212	0.013785	0.001289	0.010565	0.012141	0.040468	0.002311	0.007222	0.000960	0.015575	0.000904	0.004054	0.006548	0.007942
eod1-0	0.180499	0.165541	0.177465	0.171903	0.166852	0.161724	0.176635	0.186764	0.178028	0.196489	0.174230	0.175303	0.172007	0.168272	0.179459	0.168824	0.170486	0.201373	0.183190	0.194299
eod1-1	0.184332	0.209821	0.219178	0.181416	0.145923	0.160000	0.158996	0.202020	0.182609	0.170616	0.193133	0.247706	0.157895	0.174672	0.168182	0.199095	0.154930	0.188596	0.171806	0.172093
eod1	0.003833	0.044281	0.041713	0.009513	0.020929	0.001724	0.017639	0.015256	0.004581	0.025873	0.018903	0.072403	0.014112	0.006401	0.011278	0.030271	0.015557	0.012777	0.011383	0.022206
wcspd-00	0.044548	0.045614	0.048240	0.044978	0.047579	0.041327	0.049949	0.054373	0.047659	0.050777	0.045683	0.049517	0.044047	0.045067	0.049439	0.044687	0.045013	0.052254	0.051975	0.052176
wcspd-01	0.068627	0.069374	0.075758	0.053872	0.045997	0.048495	0.056218	0.075534	0.055646	0.066914	0.070812	0.081699	0.055652	0.055649	0.067126	0.063521	0.060659	0.064576	0.054196	0.049209
wcspd-10	0.058318	0.056106	0.057595	0.055471	0.056798	0.060453	0.057022	0.063196	0.061341	0.069822	0.056157	0.061725	0.058893	0.057253	0.057168	0.059982	0.054014	0.066049	0.062745	0.061249
wcspd-11	0.084112	0.095238	0.084444	0.079832	0.098655	0.086957	0.095238	0.069264	0.081448	0.065421	0.069565	0.093220	0.081545	0.099548	0.065502	0.082645	0.074236	0.090517	0.079646	0.102128
wcspd	0.039564	0.049624	0.036204	0.034853	0.052658	0.045629	0.045289	0.021161	0.033789	0.019045	0.025129	0.043703	0.037498	0.054480	0.017687	0.037958	0.029222	0.038263	0.027671	0.052919
wcaod-00	0.182601	0.181752	0.196162	0.190493	0.185532	0.161195	0.205974	0.216343	0.187208	0.205507	0.184123	0.189729	0.178313	0.180273	0.194648	0.185128	0.184123	0.209573	0.197818	0.214158
wcaod-01	0.211346	0.216952	0.252907	0.188004	0.131565	0.153251	0.156397	0.251909	0.181178	0.210937	0.212651	0.280951	0.177808	0.162904	0.202363	0.212130	0.192865	0.204967	0.168489	0.153276
wcaod-10	0.214027	0.185906	0.193950	0.188659	0.186851	0.201754	0.182330	0.200545	0.208995	0.233593	0.196813	0.203016	0.201308	0.193444	0.196005	0.191413	0.186887	0.235314	0.209041	0.213220
wcaod-11	0.230753	0.285928	0.232258	0.216639	0.278400	0.229762	0.272938	0.198125	0.247539	0.165000	0.214662	0.267812	0.200716	0.287185	0.184334	0.232465	0.180296	0.231253	0.232250	0.298996
wcaod	0.024076	0.052088	0.029479	0.014318	0.073418	0.038256	0.058270	0.026892	0.033180	0.034297	0.015270	0.045611	0.011750	0.062141	0.009014	0.023668	0.006284	0.015174	0.031880	0.072860
wceod-00	0.169849	0.165798	0.182371	0.176534	0.170489	0.146543	0.192113	0.199191	0.171079	0.189441	0.170431	0.173000	0.164779	0.165460	0.180664	0.172021	0.170931	0.193124	0.181387	0.197479
wceod-01	0.178808	0.193750	0.228188	0.172414	0.112426	0.139394	0.132184	0.219858	0.167665	0.190476	0.186335	0.255034	0.158940	0.137500	0.174194	0.197279	0.165468	0.189542	0.149351	0.134228
wceod-10	0.195055	0.165239	0.171320	0.166227	0.162264	0.179707	0.157500	0.171285	0.186633	0.205000	0.178792	0.178133	0.180693	0.171679	0.177966	0.165025	0.169951	0.212121	0.185554	0.190352
wceod-11	0.196970	0.250000	0.200000	0.197531	0.234375	0.200000	0.230769	0.157895	0.222222	0.125000	0.208333	0.231884	0.155844	0.260870	0.153846	0.202703	0.135135	0.186667	0.219178	0.257576
wceod	0.027120	0.084761	0.056868	0.031304	0.121949	0.060606	0.098585	0.061963	0.054558	0.080000	0.037902	0.082034	0.024849	0.123370	0.026818	0.037678	0.035796	0.025455	0.069827	0.123348
