accuracy	0.848820	0.838614	0.845205	0.846481	0.845843	0.842441	0.849670	0.841590	0.846056	0.851797	0.853710	0.837763	0.832660	0.827344	0.839039	0.854348	0.836913	0.855411	0.828407	0.842866
recall	0.579818	0.547869	0.684937	0.554540	0.570455	0.557151	0.585932	0.598528	0.641345	0.616365	0.581358	0.553455	0.500000	0.500000	0.656640	0.546504	0.548641	0.583420	0.500000	0.542203
precision	0.779598	0.792161	0.732587	0.784402	0.801119	0.773115	0.787728	0.752611	0.726311	0.769744	0.770713	0.751684	0.416330	0.413672	0.724447	0.832106	0.803227	0.778017	0.414204	0.772558
f1score	0.597592	0.545857	0.703548	0.559075	0.582937	0.562501	0.606180	0.620991	0.666467	0.644859	0.600937	0.556205	0.454345	0.452758	0.679143	0.546919	0.546293	0.604115	0.453076	0.538187
mcc	0.298778	0.236519	0.414795	0.249089	0.291310	0.249870	0.314484	0.315526	0.357703	0.354338	0.296814	0.231980	0.000000	0.000000	0.375007	0.248549	0.242894	0.304579	0.000000	0.214501
spd0-0	0.025466	0.015780	0.072842	0.010615	0.021968	0.015027	0.025538	0.028315	0.063849	0.035151	0.012935	0.011096	0.000000	0.000000	0.068110	0.007706	0.008780	0.021335	0.000000	0.008826
spd0-1	0.055911	0.031388	0.186769	0.042588	0.045274	0.043877	0.060704	0.089185	0.125891	0.092593	0.069484	0.049796	0.000000	0.000000	0.158085	0.028835	0.036629	0.060800	0.000000	0.034058
spd0	0.030444	0.015608	0.113927	0.031973	0.023306	0.028850	0.035167	0.060870	0.062041	0.057442	0.056549	0.038700	0.000000	0.000000	0.089975	0.021128	0.027849	0.039465	0.000000	0.025232
aod0-0	0.168586	0.082224	0.358466	0.057554	0.124494	0.088542	0.136713	0.155698	0.315768	0.191879	0.077025	0.064555	0.000000	0.000000	0.320492	0.068592	0.050449	0.134615	0.000000	0.059530
aod0-1	0.203955	0.125666	0.596119	0.169423	0.182385	0.164134	0.238096	0.301687	0.424036	0.336067	0.263368	0.173092	0.000000	0.000000	0.502959	0.118923	0.142312	0.234320	0.000000	0.123793
aod0	0.017685	0.021721	0.118827	0.055935	0.028945	0.037796	0.050692	0.072994	0.054134	0.072094	0.093171	0.054269	0.000000	0.000000	0.091233	0.025165	0.045931	0.049853	0.000000	0.032131
eod0-0	0.162362	0.075000	0.321429	0.053004	0.116608	0.083333	0.125448	0.143885	0.284173	0.176471	0.071970	0.060498	0.000000	0.000000	0.284722	0.068085	0.047273	0.127413	0.000000	0.057034
eod0-1	0.180769	0.117978	0.497258	0.155556	0.169847	0.147510	0.219653	0.262206	0.357834	0.300188	0.235887	0.151229	0.000000	0.000000	0.419238	0.110891	0.132246	0.210843	0.000000	0.110251
eod0	0.018408	0.042978	0.175829	0.102552	0.053240	0.064176	0.094205	0.118321	0.073661	0.123717	0.163917	0.090731	0.000000	0.000000	0.134516	0.042806	0.084974	0.083430	0.000000	0.053217
spd1-0	0.028649	0.006609	0.103100	0.022996	0.022121	0.021060	0.024226	0.037525	0.090054	0.042189	0.031537	0.024129	0.000000	0.000000	0.071477	0.007143	0.018194	0.027668	0.000000	0.010128
spd1-1	0.047575	0.032288	0.146629	0.029236	0.040430	0.034664	0.053155	0.071294	0.100467	0.076585	0.047784	0.034569	0.000000	0.000000	0.136025	0.024660	0.026406	0.049294	0.000000	0.027312
spd1	0.018926	0.025679	0.043530	0.006240	0.018309	0.013604	0.028929	0.033769	0.010413	0.034397	0.016246	0.010440	0.000000	0.000000	0.064548	0.017517	0.008212	0.021626	0.000000	0.017184
aod1-0	0.144239	0.039303	0.461919	0.106639	0.129853	0.096425	0.145276	0.192616	0.413582	0.238659	0.151771	0.120913	0.000000	0.000000	0.291185	0.041617	0.095267	0.154833	0.000000	0.046126
aod1-1	0.205324	0.133336	0.520510	0.134197	0.171576	0.149583	0.220375	0.266888	0.371319	0.300299	0.211350	0.136475	0.000000	0.000000	0.478649	0.121271	0.115698	0.212024	0.000000	0.116227
aod1	0.030542	0.047017	0.029295	0.013779	0.020861	0.026579	0.037550	0.037136	0.021131	0.030820	0.029789	0.007781	0.000000	0.000000	0.093732	0.039827	0.010216	0.028595	0.000000	0.035051
eod1-0	0.132353	0.037037	0.403141	0.094527	0.121693	0.085427	0.137566	0.175258	0.362162	0.222798	0.136585	0.109375	0.000000	0.000000	0.246154	0.038674	0.088235	0.142857	0.000000	0.040000
eod1-1	0.189097	0.123200	0.448113	0.126516	0.160194	0.138564	0.201970	0.237049	0.322951	0.269608	0.194595	0.122977	0.000000	0.000000	0.411491	0.116279	0.109149	0.194783	0.000000	0.107438
eod1	0.056744	0.086163	0.044972	0.031989	0.038501	0.053137	0.064404	0.061791	0.039211	0.046810	0.058009	0.013602	0.000000	0.000000	0.165337	0.077605	0.020914	0.051925	0.000000	0.067438
wcspd-00	0.015896	0.002915	0.055319	0.011445	0.011696	0.004451	0.016492	0.014286	0.052550	0.019608	0.007215	0.004298	0.000000	0.000000	0.037410	0.000000	0.004573	0.015385	0.000000	0.001435
wcspd-01	0.029861	0.021540	0.080974	0.010243	0.026649	0.019711	0.029393	0.034754	0.068627	0.042525	0.015494	0.014148	0.000000	0.000000	0.082129	0.011371	0.010610	0.024194	0.000000	0.012110
wcspd-10	0.040052	0.009674	0.146341	0.032807	0.030481	0.035088	0.030525	0.057387	0.118906	0.062267	0.051870	0.041562	0.000000	0.000000	0.101523	0.013269	0.028986	0.038605	0.000000	0.017857
wcspd-11	0.063006	0.042220	0.205294	0.047560	0.052853	0.047981	0.075666	0.104882	0.129377	0.107079	0.078431	0.053744	0.000000	0.000000	0.184335	0.036571	0.040327	0.071302	0.000000	0.041742
wcspd	0.047110	0.039304	0.149975	0.037317	0.041157	0.043530	0.059174	0.090597	0.076827	0.087471	0.071216	0.049446	0.000000	0.000000	0.146924	0.036571	0.035754	0.055918	0.000000	0.040308
wcaod-00	0.099816	0.003210	0.312310	0.057723	0.099990	0.030638	0.131922	0.112417	0.297425	0.153251	0.050055	0.049180	0.000000	0.000000	0.201236	0.000000	0.041667	0.124033	0.000000	0.001553
wcaod-01	0.194878	0.105900	0.376079	0.057343	0.132328	0.108293	0.139151	0.170173	0.322501	0.206259	0.085930	0.069629	0.000000	0.000000	0.365753	0.091154	0.053859	0.138696	0.000000	0.074372
wcaod-10	0.172093	0.056982	0.566246	0.139094	0.146255	0.134846	0.154286	0.238288	0.489017	0.289074	0.203468	0.160029	0.000000	0.000000	0.356792	0.062576	0.126567	0.175417	0.000000	0.067951
wcaod-11	0.215397	0.148455	0.607050	0.178696	0.193978	0.173349	0.264864	0.323646	0.403929	0.352908	0.287346	0.177242	0.000000	0.000000	0.546665	0.137604	0.146616	0.253029	0.000000	0.141686
wcaod	0.057790	0.072622	0.147370	0.060676	0.046994	0.071355	0.066471	0.105615	0.095796	0.099829	0.118646	0.064031	0.000000	0.000000	0.172715	0.068802	0.052475	0.064498	0.000000	0.070066
wceod-00	0.093333	0.000000	0.283784	0.051282	0.096774	0.028986	0.128571	0.107692	0.271429	0.147059	0.046875	0.049180	0.000000	0.000000	0.181818	0.000000	0.041667	0.119403	0.000000	0.000000
wceod-01	0.188776	0.096774	0.334951	0.053659	0.122172	0.101449	0.124402	0.154930	0.288462	0.186275	0.080000	0.063636	0.000000	0.000000	0.322275	0.090395	0.049261	0.130208	0.000000	0.071429
wceod-10	0.155039	0.055556	0.478632	0.121951	0.133858	0.115385	0.142857	0.209302	0.417391	0.264000	0.177305	0.137405	0.000000	0.000000	0.288136	0.056911	0.113636	0.156522	0.000000	0.057377
wceod-11	0.189258	0.137255	0.502326	0.166667	0.181360	0.158163	0.242500	0.278302	0.340796	0.311275	0.259155	0.155779	0.000000	0.000000	0.454965	0.128272	0.138095	0.227154	0.000000	0.126582
wceod	0.095925	0.137255	0.218542	0.115385	0.084586	0.129178	0.118098	0.170610	0.145963	0.164216	0.212280	0.106599	0.000000	0.000000	0.273147	0.128272	0.096429	0.107751	0.000000	0.126582
