accuracy	0.852435	0.851797	0.847331	0.858388	0.852222	0.854348	0.852222	0.846694	0.847969	0.853923	0.858601	0.847969	0.857112	0.849670	0.840740	0.866681	0.844780	0.857325	0.850521	0.853073
recall	0.610232	0.613150	0.615838	0.623508	0.616552	0.616666	0.606412	0.616748	0.609932	0.618634	0.617202	0.610949	0.626365	0.613381	0.606822	0.624159	0.597169	0.612851	0.614543	0.615085
precision	0.765677	0.782623	0.765510	0.775294	0.774022	0.777823	0.776088	0.764769	0.744934	0.780084	0.765069	0.757676	0.773706	0.767057	0.748349	0.787291	0.770610	0.758419	0.766042	0.754773
f1score	0.637611	0.641507	0.643274	0.654452	0.645326	0.646004	0.633248	0.644187	0.635687	0.648311	0.646772	0.637378	0.657331	0.640880	0.630919	0.657327	0.620034	0.641221	0.642358	0.642903
mcc	0.342263	0.357653	0.350749	0.368787	0.357423	0.360070	0.342807	0.351633	0.328184	0.364568	0.352515	0.338164	0.371950	0.348019	0.325755	0.377728	0.324314	0.341543	0.349132	0.342465
spd0-0	0.053661	0.052750	0.055306	0.054401	0.052174	0.052823	0.049731	0.053483	0.052366	0.053177	0.053078	0.048380	0.057492	0.050734	0.056834	0.048051	0.041590	0.051748	0.054128	0.051633
spd0-1	0.069089	0.068410	0.079064	0.077396	0.075457	0.072198	0.064751	0.082728	0.080760	0.074074	0.073954	0.081633	0.079391	0.077769	0.077233	0.072487	0.066562	0.072800	0.075307	0.081247
spd0	0.015429	0.015660	0.023758	0.022995	0.023283	0.019375	0.015020	0.029245	0.028394	0.020897	0.020876	0.033253	0.021898	0.027034	0.020399	0.024436	0.024972	0.021052	0.021179	0.029615
aod0-0	0.305398	0.283418	0.286434	0.301397	0.270483	0.293093	0.256528	0.292383	0.265757	0.294658	0.299771	0.271939	0.313127	0.270372	0.283901	0.323633	0.215421	0.279518	0.291967	0.286321
aod0-1	0.253226	0.262588	0.286238	0.297449	0.289437	0.274735	0.254535	0.289508	0.291158	0.279762	0.281024	0.283556	0.303627	0.285282	0.267976	0.280072	0.247285	0.279476	0.277270	0.291108
aod0	0.026086	0.010415	0.000098	0.001974	0.009477	0.009179	0.000997	0.001437	0.012700	0.007448	0.009374	0.005809	0.004750	0.007455	0.007963	0.021781	0.015932	0.000021	0.007349	0.002393
eod0-0	0.284133	0.260714	0.260714	0.279152	0.247350	0.271739	0.232975	0.269784	0.241007	0.272059	0.276515	0.252669	0.288321	0.250825	0.256944	0.306383	0.196364	0.254826	0.268382	0.262357
eod0-1	0.225000	0.241573	0.257770	0.268687	0.263359	0.249042	0.235067	0.256781	0.255319	0.255159	0.252016	0.247637	0.274854	0.253438	0.235935	0.253465	0.224638	0.251004	0.248598	0.257253
eod0	0.059133	0.019141	0.002945	0.010465	0.016009	0.022697	0.002093	0.013003	0.014312	0.016899	0.024499	0.005032	0.013467	0.002613	0.021010	0.052918	0.028274	0.003822	0.019784	0.005104
spd1-0	0.052524	0.050231	0.064016	0.061761	0.056604	0.058424	0.046433	0.052666	0.060484	0.053395	0.056505	0.052949	0.057912	0.056932	0.053270	0.046753	0.053235	0.054018	0.058163	0.056718
spd1-1	0.066111	0.066144	0.069587	0.068532	0.068541	0.065305	0.062791	0.076633	0.070918	0.069366	0.067589	0.071629	0.074270	0.068536	0.074224	0.067973	0.055918	0.067190	0.068966	0.071695
spd1	0.013587	0.015913	0.005571	0.006771	0.011937	0.006881	0.016358	0.023967	0.010434	0.015971	0.011084	0.018680	0.016357	0.011603	0.020953	0.021220	0.002683	0.013172	0.010803	0.014976
aod1-0	0.250054	0.284188	0.323356	0.311591	0.310195	0.309213	0.247559	0.275974	0.291693	0.300185	0.287712	0.278285	0.310435	0.272204	0.244111	0.258908	0.259513	0.303423	0.285669	0.326594
aod1-1	0.277035	0.266202	0.273979	0.292824	0.273916	0.271015	0.258692	0.293575	0.277100	0.280154	0.286497	0.277268	0.305588	0.279562	0.281444	0.303132	0.227928	0.271831	0.280001	0.277615
aod1	0.013490	0.008993	0.024688	0.009383	0.018139	0.019099	0.005566	0.008801	0.007297	0.010016	0.000608	0.000509	0.002424	0.003679	0.018666	0.022112	0.015792	0.015796	0.002834	0.024490
eod1-0	0.225490	0.264550	0.293194	0.283582	0.285714	0.286432	0.227513	0.252577	0.259459	0.279793	0.263415	0.255208	0.287179	0.243655	0.215385	0.237569	0.235294	0.280220	0.259615	0.302857
eod1-1	0.252129	0.243200	0.248428	0.268631	0.249191	0.247078	0.236453	0.263736	0.247541	0.254902	0.259459	0.247573	0.277027	0.255285	0.251553	0.280859	0.208668	0.243478	0.253756	0.246281
eod1	0.026639	0.021350	0.044766	0.014951	0.036523	0.039354	0.008940	0.011159	0.011918	0.024891	0.003955	0.007636	0.010152	0.011630	0.036168	0.043290	0.026626	0.036742	0.005859	0.056576
wcspd-00	0.040462	0.040816	0.055319	0.052933	0.048246	0.045994	0.049475	0.037143	0.049459	0.049020	0.043290	0.031519	0.043091	0.044604	0.040288	0.042194	0.042683	0.041958	0.048673	0.043042
wcspd-01	0.059721	0.058094	0.055300	0.055058	0.053964	0.055848	0.049840	0.060984	0.053595	0.055150	0.057456	0.055949	0.063802	0.053479	0.064389	0.050836	0.041114	0.056452	0.056591	0.055449
wcspd-10	0.063307	0.058041	0.071887	0.069259	0.063306	0.068922	0.043956	0.065934	0.068966	0.057285	0.067551	0.071788	0.070197	0.067669	0.064721	0.050663	0.061594	0.064757	0.065868	0.068878
wcspd-11	0.071676	0.073583	0.082353	0.081532	0.081682	0.073727	0.075061	0.091019	0.086647	0.082094	0.077206	0.086353	0.083829	0.082630	0.083039	0.083333	0.068966	0.076606	0.079976	0.087114
wcspd	0.031214	0.032766	0.027053	0.028599	0.033436	0.027733	0.031104	0.053876	0.037188	0.033074	0.033916	0.054834	0.040738	0.038025	0.042751	0.041139	0.027851	0.034648	0.031304	0.044073
wcaod-00	0.232782	0.273230	0.336167	0.317416	0.343481	0.308037	0.269658	0.248092	0.268854	0.343653	0.314363	0.256891	0.304756	0.270867	0.238579	0.344432	0.254947	0.287175	0.296249	0.340941
wcaod-01	0.333345	0.287007	0.268613	0.295278	0.250463	0.288514	0.251789	0.306843	0.264590	0.278730	0.295945	0.277766	0.317106	0.270007	0.301416	0.316886	0.201423	0.277778	0.290574	0.273373
wcaod-10	0.262016	0.289813	0.316794	0.309280	0.295265	0.311561	0.232773	0.292551	0.306755	0.276649	0.278750	0.294233	0.316327	0.275661	0.250670	0.220618	0.263584	0.314573	0.281294	0.322272
wcaod-11	0.250139	0.254443	0.276360	0.292593	0.287201	0.262302	0.262364	0.289535	0.286318	0.281611	0.281712	0.280285	0.299117	0.287640	0.270953	0.299467	0.240793	0.269128	0.275376	0.282931
wcaod	0.050281	0.017685	0.033777	0.012412	0.046509	0.024630	0.018442	0.029375	0.021082	0.033502	0.017806	0.018671	0.008995	0.008816	0.031419	0.061907	0.031081	0.022722	0.010437	0.033784
wceod-00	0.213333	0.253968	0.310811	0.294872	0.322581	0.289855	0.242857	0.230769	0.242857	0.323529	0.296875	0.245902	0.289855	0.250000	0.220779	0.327586	0.236111	0.268657	0.276316	0.320755
wceod-01	0.311224	0.262673	0.242718	0.273171	0.226244	0.265700	0.229665	0.281690	0.240385	0.254902	0.270000	0.254545	0.287805	0.251082	0.270142	0.299435	0.182266	0.250000	0.265306	0.247619
wceod-10	0.232558	0.269841	0.282051	0.276423	0.267717	0.284615	0.218487	0.263566	0.269565	0.256000	0.248227	0.259542	0.285714	0.240000	0.211864	0.195122	0.234848	0.286957	0.250000	0.295082
wceod-11	0.222506	0.232843	0.251163	0.266129	0.261965	0.237245	0.240000	0.254717	0.251244	0.254902	0.253521	0.243719	0.271318	0.257812	0.242494	0.272251	0.221429	0.240209	0.248139	0.245570
wceod	0.097891	0.036998	0.068092	0.028743	0.096336	0.052610	0.024370	0.050921	0.029181	0.068627	0.048648	0.015823	0.018537	0.017813	0.058278	0.132464	0.053845	0.046748	0.028177	0.075185
