accuracy	0.816898	0.819081	0.812735	0.810687	0.795946	0.820992	0.827544	0.818262	0.817239	0.816625	0.820719	0.807753	0.804136	0.820788	0.815191	0.806524	0.815055	0.826520	0.823654	0.806320
recall	0.631930	0.645301	0.631568	0.615439	0.578787	0.645284	0.685141	0.651743	0.658441	0.640449	0.660610	0.601505	0.600755	0.649497	0.636217	0.600802	0.640251	0.681573	0.666199	0.605272
precision	0.821427	0.818432	0.827898	0.843871	0.841946	0.829258	0.800372	0.814517	0.809589	0.808396	0.807900	0.831943	0.834352	0.815409	0.819595	0.854635	0.818901	0.805135	0.807798	0.847514
f1score	0.655955	0.671905	0.654228	0.633459	0.578973	0.672430	0.714107	0.678766	0.685624	0.665785	0.688717	0.614854	0.612614	0.676977	0.660499	0.612692	0.665102	0.710882	0.695175	0.618812
mcc	0.411853	0.430203	0.415408	0.398478	0.328273	0.437427	0.471640	0.436925	0.442952	0.416241	0.444755	0.367118	0.367083	0.434294	0.417297	0.378143	0.422971	0.470763	0.452352	0.382536
spd0-0	0.019085	0.024876	0.015394	0.024681	0.019012	0.018492	0.028844	0.021699	0.030258	0.019818	0.021470	0.008914	0.017835	0.021494	0.019660	0.015945	0.024861	0.030409	0.024550	0.017750
spd0-1	0.110941	0.123919	0.111822	0.085589	0.055940	0.121850	0.178666	0.136132	0.143016	0.125701	0.149353	0.082409	0.077917	0.131654	0.117605	0.073493	0.120274	0.171980	0.153917	0.078915
spd0	0.091856	0.099043	0.096428	0.060908	0.036928	0.103358	0.149822	0.114433	0.112758	0.105883	0.127883	0.073495	0.060082	0.110160	0.097945	0.057548	0.095413	0.141572	0.129367	0.061165
aod0-0	0.152625	0.193178	0.135426	0.184258	0.150696	0.153140	0.213042	0.180941	0.223478	0.160704	0.170689	0.081594	0.134186	0.170913	0.167128	0.144868	0.188376	0.226642	0.193981	0.144420
aod0-1	0.332582	0.368520	0.330735	0.265770	0.174696	0.365257	0.507778	0.392631	0.409663	0.369515	0.428529	0.255011	0.240832	0.385906	0.346259	0.228895	0.351275	0.489501	0.442075	0.244606
aod0	0.089978	0.087671	0.097655	0.040756	0.012000	0.106059	0.147368	0.105845	0.093093	0.104405	0.128920	0.086709	0.053323	0.107496	0.089565	0.042013	0.081449	0.131430	0.124047	0.050093
eod0-0	0.148728	0.189435	0.134725	0.179159	0.147448	0.150579	0.206049	0.178161	0.217311	0.158379	0.166983	0.081594	0.130909	0.166341	0.165746	0.143713	0.182171	0.220615	0.189394	0.142329
eod0-1	0.305235	0.335366	0.304620	0.252450	0.166667	0.336690	0.446631	0.353988	0.367752	0.331971	0.382753	0.237685	0.226594	0.349697	0.315064	0.218949	0.321358	0.433045	0.394112	0.232605
eod0	0.156507	0.145931	0.169896	0.073291	0.019219	0.186111	0.240582	0.175827	0.150441	0.173592	0.215770	0.156091	0.095685	0.183357	0.149318	0.075236	0.139187	0.212430	0.204718	0.090276
spd1-0	0.036179	0.042771	0.040905	0.035597	0.008596	0.039698	0.049834	0.050847	0.039074	0.034180	0.039813	0.017815	0.025198	0.051318	0.047281	0.030009	0.045367	0.045988	0.057655	0.023600
spd1-1	0.087679	0.099664	0.086680	0.070459	0.049606	0.096036	0.142755	0.106393	0.117488	0.100496	0.118549	0.065096	0.063789	0.102323	0.091322	0.058781	0.095700	0.138396	0.119469	0.064761
spd1	0.051499	0.056893	0.045775	0.034861	0.041010	0.056338	0.092921	0.055546	0.078414	0.066316	0.078737	0.047281	0.038591	0.051004	0.044041	0.028772	0.050333	0.092409	0.061814	0.041161
aod1-0	0.215912	0.251227	0.239685	0.206799	0.050424	0.234679	0.277315	0.274946	0.234912	0.211214	0.241343	0.114397	0.148587	0.284946	0.278105	0.181517	0.264050	0.262319	0.328858	0.136473
aod1-1	0.309976	0.344342	0.302162	0.256247	0.183307	0.338306	0.470176	0.362776	0.389274	0.342473	0.396436	0.235887	0.229453	0.354012	0.315871	0.218458	0.328760	0.457371	0.402223	0.237159
aod1	0.047032	0.046557	0.031238	0.024724	0.066442	0.051813	0.096430	0.043915	0.077181	0.065629	0.077547	0.060745	0.040433	0.034533	0.018883	0.018470	0.032355	0.097526	0.036683	0.050343
eod1-0	0.211356	0.244648	0.233438	0.201807	0.049853	0.229102	0.264516	0.267045	0.231481	0.206349	0.236923	0.112211	0.144201	0.273292	0.269231	0.178248	0.257764	0.254545	0.315789	0.133721
eod1-1	0.289222	0.319471	0.283951	0.245117	0.176079	0.317265	0.424619	0.334894	0.356339	0.314692	0.362139	0.223537	0.218308	0.327853	0.294228	0.211277	0.305452	0.414884	0.367880	0.227932
eod1	0.077865	0.074822	0.050512	0.043309	0.126225	0.088163	0.160103	0.067848	0.124858	0.108343	0.125216	0.111326	0.074107	0.054561	0.024997	0.033029	0.047688	0.160338	0.052091	0.094211
wcspd-00	0.003293	0.009317	0.013963	0.010438	0.007625	0.008520	0.011957	0.009657	0.013320	0.012320	0.007014	0.003212	0.003178	0.010526	0.008538	0.013771	0.011423	0.008457	0.014706	0.007471
wcspd-01	0.022716	0.028771	0.015738	0.028176	0.021678	0.020909	0.032829	0.024571	0.034629	0.021705	0.025221	0.010283	0.021403	0.024142	0.022301	0.016474	0.028176	0.035705	0.026931	0.020215
wcspd-10	0.061962	0.070042	0.062772	0.056075	0.009354	0.064571	0.079191	0.083054	0.061987	0.052057	0.068602	0.029191	0.042535	0.084327	0.078098	0.042553	0.074842	0.075949	0.094424	0.035948
wcspd-11	0.117545	0.131305	0.118289	0.089622	0.062283	0.129632	0.192321	0.143470	0.153120	0.135878	0.159940	0.089803	0.082831	0.138120	0.123021	0.077889	0.126080	0.185211	0.161562	0.085042
wcspd	0.114252	0.121988	0.104326	0.079183	0.054658	0.121112	0.180365	0.133814	0.139801	0.123558	0.152926	0.086591	0.079653	0.127593	0.114484	0.064118	0.114658	0.176754	0.146857	0.077571
wcaod-00	0.053571	0.115385	0.188406	0.123457	0.107692	0.115942	0.177419	0.128571	0.156627	0.157895	0.089744	0.045455	0.040000	0.131570	0.135593	0.196970	0.180328	0.109589	0.200000	0.111111
wcaod-01	0.165287	0.206422	0.127515	0.195240	0.157067	0.159114	0.218591	0.189314	0.236085	0.161397	0.185111	0.086768	0.149377	0.177385	0.171155	0.137081	0.190246	0.245056	0.193523	0.149067
wcaod-10	0.254090	0.297961	0.258204	0.236811	0.037343	0.270677	0.310784	0.316803	0.264271	0.231211	0.292390	0.134960	0.184606	0.333968	0.317693	0.179854	0.288834	0.310806	0.376623	0.144092
wcaod-11	0.341228	0.376350	0.338073	0.268685	0.189135	0.375177	0.528074	0.401624	0.424082	0.383795	0.442940	0.266637	0.246321	0.391660	0.349812	0.233909	0.357991	0.508914	0.449026	0.255464
wcaod	0.143828	0.130483	0.105279	0.072614	0.075896	0.129617	0.175327	0.136526	0.133728	0.112950	0.176598	0.110591	0.103161	0.130045	0.107109	0.048414	0.088832	0.199662	0.127751	0.072176
wceod-00	0.053571	0.115385	0.188406	0.123457	0.107692	0.115942	0.177419	0.128571	0.156627	0.157895	0.089744	0.045455	0.040000	0.130435	0.135593	0.196970	0.180328	0.109589	0.200000	0.111111
wceod-01	0.160440	0.201699	0.126638	0.188841	0.153017	0.155902	0.209850	0.185841	0.228261	0.158458	0.180401	0.086768	0.145263	0.171946	0.169421	0.135632	0.182418	0.237500	0.187773	0.146444
wceod-10	0.245211	0.285141	0.245968	0.227092	0.036232	0.259843	0.286290	0.301418	0.257261	0.221757	0.283401	0.130802	0.176230	0.312253	0.300395	0.173585	0.275862	0.295720	0.350427	0.138790
wceod-11	0.311078	0.339993	0.309849	0.254801	0.180060	0.343853	0.461091	0.359375	0.377165	0.341735	0.391618	0.247187	0.231139	0.353179	0.316428	0.223365	0.325640	0.445902	0.397822	0.242390
wceod	0.257507	0.224608	0.183211	0.131344	0.143828	0.227911	0.283672	0.230804	0.220539	0.183840	0.301875	0.201732	0.191139	0.222744	0.180835	0.087733	0.145312	0.336313	0.210049	0.131279
