accuracy	0.639261	0.617090	0.654503	0.636028	0.644342	0.653118	0.647575	0.639723	0.655889	0.635104	0.647113	0.646651	0.637875	0.668360	0.648499	0.632794	0.643880	0.636028	0.643418	0.642956
recall	0.628242	0.605723	0.642224	0.626720	0.630890	0.640453	0.636193	0.624992	0.646293	0.622843	0.635011	0.635582	0.629376	0.654655	0.640016	0.623327	0.635230	0.623193	0.630914	0.630520
precision	0.637663	0.614378	0.653293	0.632826	0.635116	0.649362	0.643821	0.638891	0.651373	0.626680	0.643313	0.643523	0.640249	0.663887	0.644659	0.630429	0.643888	0.630197	0.640264	0.638464
f1score	0.627034	0.603417	0.641587	0.626431	0.631837	0.640603	0.636251	0.622612	0.646977	0.623568	0.634962	0.635420	0.626551	0.655583	0.640446	0.622472	0.633983	0.623231	0.630355	0.630468
mcc	0.265738	0.219930	0.295309	0.259474	0.265973	0.289678	0.279910	0.263516	0.297623	0.249493	0.278199	0.278993	0.269406	0.318408	0.284638	0.253657	0.278984	0.253294	0.271017	0.268866
spd0-0	0.629566	0.632759	0.635739	0.599427	0.607101	0.613088	0.617886	0.652596	0.583762	0.601603	0.617442	0.607143	0.628538	0.610852	0.577034	0.611461	0.603166	0.615517	0.623272	0.608147
spd0-1	0.670702	0.687059	0.668258	0.683333	0.635347	0.713948	0.654628	0.716019	0.697115	0.638756	0.680899	0.713217	0.698157	0.713969	0.699074	0.673810	0.737374	0.680000	0.696970	0.722749
spd0	0.041136	0.054300	0.032519	0.083906	0.028245	0.100860	0.036741	0.063424	0.113353	0.037153	0.063457	0.106074	0.069618	0.103117	0.122040	0.062348	0.134208	0.064483	0.073698	0.114602
aod0-0	1.245940	1.259050	1.260946	1.189812	1.187105	1.206912	1.221999	1.291849	1.149651	1.184196	1.220959	1.198465	1.256921	1.201128	1.136740	1.210330	1.195670	1.214247	1.230756	1.200898
aod0-1	1.292573	1.319630	1.255630	1.291411	1.191758	1.358089	1.230958	1.356794	1.316286	1.200016	1.292797	1.358107	1.335382	1.324916	1.339462	1.305914	1.424352	1.293333	1.336245	1.360539
aod0	0.023316	0.030290	0.002658	0.050799	0.002326	0.075588	0.004479	0.032473	0.083318	0.007910	0.035919	0.079821	0.039231	0.061894	0.101361	0.047792	0.114341	0.039543	0.052744	0.079820
eod0-0	0.757345	0.737723	0.778761	0.720133	0.722866	0.743287	0.748894	0.766486	0.720905	0.718850	0.749723	0.733405	0.763279	0.750000	0.708696	0.734426	0.734494	0.730893	0.749728	0.723542
eod0-1	0.744186	0.748201	0.744681	0.767273	0.732639	0.809701	0.743945	0.816794	0.788889	0.703833	0.756849	0.807087	0.764912	0.824916	0.794007	0.744186	0.823045	0.760000	0.775735	0.827206
eod0	0.013159	0.010478	0.034080	0.047140	0.009773	0.066415	0.004949	0.050307	0.067984	0.015017	0.007126	0.073682	0.001633	0.074916	0.085312	0.009760	0.088551	0.029107	0.026007	0.103664
spd1-0	0.600561	0.619986	0.607044	0.584102	0.589273	0.598870	0.615004	0.623066	0.570725	0.573611	0.606294	0.590974	0.615123	0.597203	0.562101	0.599719	0.597917	0.598447	0.627355	0.600281
spd1-1	0.708672	0.688172	0.712692	0.674603	0.657754	0.696929	0.644947	0.744280	0.672043	0.678621	0.677551	0.691808	0.700143	0.700680	0.674603	0.669366	0.686897	0.684492	0.658470	0.688769
spd1	0.108111	0.068186	0.105648	0.090501	0.068481	0.098059	0.029943	0.121214	0.101318	0.105010	0.071257	0.100833	0.085021	0.103477	0.112502	0.069647	0.088980	0.086045	0.031115	0.088488
aod1-0	1.195890	1.236810	1.197805	1.161133	1.159498	1.186192	1.217597	1.241185	1.122493	1.133848	1.199671	1.178357	1.233655	1.177663	1.114789	1.196505	1.191762	1.177674	1.243009	1.188099
aod1-1	1.367029	1.334244	1.388832	1.297401	1.244748	1.333122	1.235468	1.435381	1.294796	1.294648	1.300518	1.324765	1.356331	1.331621	1.290554	1.280774	1.324116	1.331555	1.256725	1.329860
aod1	0.085569	0.048717	0.095513	0.068134	0.042625	0.073465	0.008936	0.097098	0.086152	0.080400	0.050424	0.073204	0.061338	0.076979	0.087883	0.042135	0.066177	0.076941	0.006858	0.070881
eod1-0	0.726648	0.725381	0.758213	0.702069	0.708279	0.734057	0.747967	0.746207	0.712583	0.690382	0.735648	0.728430	0.755862	0.746348	0.692730	0.714286	0.729138	0.721053	0.743009	0.732886
eod1-1	0.799555	0.763797	0.792941	0.777533	0.752101	0.796537	0.747253	0.826840	0.776524	0.755889	0.778027	0.779626	0.776995	0.804348	0.783843	0.772124	0.793503	0.765766	0.777273	0.770419
eod1	0.072906	0.038415	0.034728	0.075464	0.043822	0.062480	0.000715	0.080633	0.063941	0.065507	0.042379	0.051196	0.021133	0.058000	0.091113	0.057838	0.064365	0.044713	0.034263	0.037534
wcspd-00	0.577153	0.603565	0.602187	0.561750	0.575000	0.576329	0.604530	0.610738	0.542735	0.555276	0.580342	0.562931	0.592193	0.562982	0.540517	0.578272	0.572023	0.578627	0.602564	0.571550
wcspd-01	0.735751	0.693950	0.707361	0.675302	0.673835	0.687500	0.644599	0.741533	0.666667	0.701627	0.696364	0.692053	0.711575	0.712980	0.650960	0.678819	0.669014	0.687606	0.666078	0.685053
wcspd-10	0.708661	0.699588	0.629344	0.691358	0.653696	0.704000	0.660377	0.686957	0.701195	0.662602	0.723077	0.728814	0.719697	0.749049	0.662651	0.698039	0.728033	0.684211	0.737643	0.738776
wcspd-11	0.610063	0.670330	0.731250	0.672316	0.610526	0.728324	0.646067	0.752747	0.690909	0.604651	0.621622	0.690909	0.664706	0.664894	0.748634	0.636364	0.751592	0.672956	0.632530	0.700565
wcspd	0.158599	0.096023	0.129063	0.129608	0.098835	0.151994	0.055848	0.142009	0.158460	0.146351	0.142735	0.165883	0.127504	0.186067	0.208117	0.119767	0.179569	0.108979	0.135078	0.167226
wcaod-00	1.160874	1.217354	1.206887	1.129764	1.143318	1.154549	1.213564	1.227947	1.084448	1.109707	1.164021	1.130945	1.206024	1.127196	1.083359	1.164804	1.150960	1.151533	1.204248	1.142880
wcaod-01	1.424799	1.346134	1.388771	1.305846	1.284397	1.316558	1.244185	1.436031	1.288068	1.353369	1.346667	1.334419	1.386636	1.361616	1.244775	1.302124	1.291264	1.343842	1.283133	1.332461
wcaod-10	1.377682	1.331162	1.173844	1.302457	1.240434	1.336406	1.250754	1.298986	1.315835	1.271512	1.390367	1.409051	1.382373	1.383401	1.269036	1.369852	1.410370	1.299357	1.443151	1.395604
wcaod-11	1.152219	1.302564	1.396029	1.276923	1.126567	1.389610	1.201613	1.430769	1.317927	1.077165	1.156508	1.289233	1.261175	1.244063	1.435272	1.205415	1.445361	1.283287	1.155811	1.313559
wcaod	0.136290	0.064390	0.111092	0.088041	0.078915	0.117531	0.024571	0.104042	0.116739	0.138102	0.116930	0.139053	0.090306	0.128103	0.175956	0.102524	0.147200	0.096154	0.143670	0.126362
wceod-00	0.713287	0.712500	0.769492	0.679012	0.700840	0.715026	0.750442	0.734483	0.691652	0.681135	0.721453	0.699473	0.744604	0.707401	0.676522	0.706195	0.709402	0.707483	0.730835	0.700508
wceod-01	0.829971	0.779762	0.796178	0.789318	0.759887	0.789773	0.746313	0.820290	0.771261	0.785294	0.800000	0.786301	0.796774	0.823881	0.762319	0.780000	0.778443	0.771261	0.783133	0.764179
wceod-10	0.775641	0.770186	0.719298	0.784810	0.734940	0.803797	0.739884	0.793103	0.785714	0.725000	0.783626	0.847826	0.792899	0.877907	0.753247	0.743590	0.808219	0.767442	0.786585	0.857143
wceod-11	0.696078	0.717949	0.783784	0.743590	0.729508	0.818182	0.750000	0.846154	0.794118	0.677165	0.719008	0.758621	0.724138	0.752000	0.849558	0.745098	0.845361	0.747573	0.759259	0.788136
wceod	0.133893	0.067262	0.076880	0.110305	0.059047	0.103156	0.010558	0.111671	0.102465	0.108129	0.080992	0.148353	0.072636	0.170506	0.173036	0.073805	0.135959	0.063778	0.055751	0.156635
