accuracy	0.818877	0.816010	0.814236	0.813895	0.816488	0.817580	0.816420	0.811984	0.809732	0.815260	0.816079	0.815601	0.814236	0.814987	0.817102	0.817853	0.814714	0.813622	0.814100	0.815464
recall	0.639434	0.636621	0.639532	0.634166	0.642033	0.641570	0.640538	0.636992	0.637260	0.636389	0.641971	0.630922	0.635940	0.635624	0.644186	0.641453	0.639930	0.636924	0.636277	0.638438
precision	0.816591	0.819078	0.817470	0.812742	0.807886	0.816410	0.820147	0.809057	0.810872	0.808715	0.818993	0.807985	0.808576	0.810127	0.813399	0.815805	0.817509	0.819204	0.812469	0.815797
f1score	0.665226	0.661201	0.664064	0.657828	0.667532	0.667303	0.665802	0.660607	0.660274	0.660797	0.667341	0.654548	0.660009	0.659835	0.670117	0.667244	0.664651	0.660878	0.660330	0.663163
mcc	0.420208	0.417578	0.420938	0.409679	0.418234	0.423293	0.424231	0.411525	0.413135	0.410391	0.425619	0.401606	0.409623	0.410174	0.425148	0.422713	0.421563	0.418122	0.412709	0.418178
spd0-0	0.028319	0.032960	0.031621	0.033114	0.038024	0.032412	0.031127	0.032651	0.034461	0.032411	0.034476	0.029436	0.032352	0.032753	0.033586	0.030441	0.031847	0.033902	0.034165	0.031992
spd0-1	0.116053	0.110693	0.116494	0.111327	0.119014	0.117073	0.115823	0.117485	0.116940	0.114996	0.116831	0.109472	0.114943	0.113841	0.121904	0.118078	0.117106	0.112303	0.113671	0.115110
spd0	0.087734	0.077733	0.084873	0.078213	0.080989	0.084661	0.084696	0.084834	0.082479	0.082585	0.082356	0.080036	0.082591	0.081088	0.088318	0.087637	0.085259	0.078402	0.079506	0.083118
aod0-0	0.204406	0.235640	0.236845	0.225687	0.269884	0.229856	0.230522	0.242056	0.241057	0.239252	0.253584	0.211181	0.223441	0.240522	0.248856	0.240465	0.223521	0.236888	0.244711	0.223479
aod0-1	0.347253	0.332409	0.341701	0.331392	0.350615	0.348721	0.343589	0.340145	0.339243	0.340198	0.344125	0.328633	0.341228	0.334772	0.357734	0.348006	0.343598	0.332477	0.334153	0.342108
aod0	0.071423	0.048384	0.052428	0.052853	0.040365	0.059432	0.056534	0.049045	0.049093	0.050473	0.045270	0.058726	0.058894	0.047125	0.054439	0.053771	0.060039	0.047794	0.044721	0.059314
eod0-0	0.195695	0.227687	0.229602	0.215722	0.258979	0.220077	0.223062	0.233716	0.232044	0.232044	0.244782	0.203036	0.214545	0.230920	0.241252	0.233533	0.213178	0.227848	0.234848	0.214418
eod0-1	0.318151	0.305217	0.312211	0.303143	0.317476	0.319570	0.315210	0.307844	0.308469	0.307457	0.315423	0.298312	0.309701	0.304304	0.324479	0.316706	0.315755	0.305796	0.304784	0.313277
eod0	0.122456	0.077530	0.082610	0.087421	0.058497	0.099493	0.092148	0.074128	0.076425	0.075412	0.070641	0.095276	0.095156	0.073384	0.083227	0.083173	0.102576	0.077948	0.069936	0.098860
spd1-0	0.062229	0.050209	0.055823	0.051522	0.063037	0.058129	0.052682	0.056026	0.055958	0.054503	0.054801	0.052039	0.050397	0.059322	0.065721	0.062789	0.061776	0.056312	0.057171	0.054604
spd1-1	0.090938	0.091105	0.094076	0.091149	0.097141	0.094520	0.093894	0.095139	0.095787	0.093450	0.095542	0.088419	0.094165	0.091468	0.096985	0.093778	0.093236	0.091359	0.092065	0.093340
spd1	0.028709	0.040896	0.038253	0.039626	0.034104	0.036392	0.041213	0.039113	0.039829	0.038946	0.040741	0.036379	0.043768	0.032146	0.031264	0.030989	0.031460	0.035048	0.034894	0.038735
aod1-0	0.347483	0.282588	0.311610	0.277262	0.313872	0.317349	0.283323	0.292537	0.307731	0.308752	0.317085	0.308505	0.271308	0.312234	0.371299	0.351448	0.346832	0.299285	0.331011	0.286464
aod1-1	0.319216	0.316866	0.322603	0.314963	0.335794	0.328154	0.325856	0.323890	0.321591	0.320512	0.327855	0.306227	0.323063	0.316668	0.332083	0.324815	0.320171	0.315441	0.315510	0.323503
aod1	0.014133	0.017139	0.005497	0.018850	0.010961	0.005403	0.021266	0.015677	0.006930	0.005880	0.005385	0.001139	0.025878	0.002217	0.019608	0.013316	0.013331	0.008078	0.007750	0.018520
eod1-0	0.334385	0.272171	0.299685	0.265060	0.296188	0.303406	0.267742	0.281250	0.296296	0.295238	0.307692	0.297030	0.257053	0.295031	0.355769	0.338369	0.335404	0.284848	0.319079	0.273256
eod1-1	0.296556	0.295211	0.300000	0.292060	0.309962	0.304978	0.304632	0.298689	0.297051	0.295735	0.304632	0.282379	0.298522	0.293392	0.307332	0.301235	0.297398	0.294574	0.291939	0.300757
eod1	0.037829	0.023040	0.000315	0.027000	0.013774	0.001572	0.036890	0.017439	0.000754	0.000497	0.003061	0.014650	0.041468	0.001639	0.048437	0.037133	0.038006	0.009725	0.027140	0.027501
wcspd-00	0.015368	0.020704	0.022556	0.016701	0.029412	0.023429	0.018478	0.019313	0.020492	0.023614	0.024048	0.023555	0.022246	0.017895	0.020277	0.027542	0.016615	0.020085	0.022059	0.022412
wcspd-01	0.031297	0.036029	0.033798	0.037141	0.040041	0.034590	0.034111	0.035833	0.038065	0.034625	0.037181	0.030848	0.034812	0.036341	0.036746	0.031145	0.035605	0.037235	0.037093	0.034289
wcspd-10	0.098967	0.074262	0.082825	0.079864	0.089286	0.085811	0.079191	0.084732	0.087511	0.079765	0.081794	0.074229	0.072560	0.092845	0.101868	0.090016	0.100992	0.085232	0.087230	0.079248
wcspd-11	0.118357	0.115687	0.120933	0.115626	0.123061	0.121321	0.120851	0.122013	0.120609	0.119865	0.121425	0.114368	0.120829	0.116709	0.124651	0.122065	0.119166	0.116033	0.117069	0.120224
wcspd	0.102989	0.094983	0.098377	0.098924	0.093649	0.097891	0.102373	0.102700	0.100117	0.096251	0.097377	0.090814	0.098584	0.098815	0.104373	0.094522	0.102551	0.095948	0.095010	0.097812
wcaod-00	0.166562	0.209633	0.251017	0.186325	0.315899	0.252124	0.244266	0.217766	0.208179	0.278543	0.260758	0.291335	0.206904	0.179588	0.274603	0.337889	0.216441	0.184955	0.260544	0.303876
wcaod-01	0.209410	0.240280	0.234974	0.233246	0.263726	0.226839	0.229298	0.246277	0.247489	0.233361	0.252771	0.200222	0.226246	0.250412	0.246269	0.225927	0.225364	0.245007	0.242942	0.213716
wcaod-10	0.391625	0.309198	0.333426	0.313515	0.320145	0.340566	0.301883	0.316554	0.347661	0.325415	0.338493	0.318289	0.295533	0.356293	0.402521	0.360521	0.384032	0.336727	0.358108	0.290234
wcaod-11	0.343430	0.335278	0.343103	0.333407	0.354058	0.349946	0.347398	0.343279	0.339161	0.342128	0.345494	0.330393	0.346102	0.332914	0.353971	0.347468	0.340179	0.332411	0.332685	0.347826
wcaod	0.112532	0.062822	0.054064	0.073541	0.045166	0.061554	0.059050	0.062756	0.069741	0.054383	0.046362	0.065086	0.069599	0.088353	0.078126	0.067297	0.083796	0.075886	0.057583	0.067055
wceod-00	0.160714	0.205128	0.246377	0.185185	0.307692	0.246377	0.241935	0.214286	0.204819	0.276316	0.256410	0.287879	0.200000	0.173913	0.271186	0.333333	0.213115	0.178082	0.257143	0.301587
wceod-01	0.200000	0.231423	0.227074	0.221030	0.252155	0.216036	0.220557	0.236726	0.236957	0.224839	0.242762	0.190889	0.216842	0.239819	0.237603	0.218391	0.213187	0.235417	0.231441	0.202929
wceod-10	0.371648	0.293173	0.314516	0.290837	0.293478	0.318898	0.274194	0.297872	0.327801	0.301255	0.323887	0.299578	0.274590	0.328063	0.375494	0.339623	0.363985	0.315175	0.337607	0.266904
wceod-11	0.312943	0.306326	0.312006	0.304284	0.319940	0.319633	0.318909	0.308866	0.306822	0.308006	0.314668	0.298200	0.312870	0.302095	0.319735	0.314475	0.311215	0.304918	0.301996	0.318114
wceod	0.210933	0.101198	0.087442	0.119098	0.067785	0.103597	0.098352	0.094581	0.122982	0.083167	0.081125	0.108689	0.112870	0.154150	0.137891	0.121232	0.150870	0.137093	0.106166	0.115185
