accuracy	0.855549	0.834913	0.849442	0.850495	0.855127	0.849863	0.834281	0.828174	0.835334	0.854496	0.845652	0.850284	0.827964	0.850074	0.859128	0.830069	0.851337	0.835123	0.857654	0.841861
recall	0.626896	0.526107	0.583650	0.674255	0.631363	0.578317	0.502037	0.500000	0.549067	0.646358	0.553782	0.602117	0.503522	0.614349	0.661573	0.500000	0.644243	0.505444	0.635250	0.558199
precision	0.764391	0.819429	0.797623	0.746053	0.763061	0.797965	0.667422	0.414087	0.818086	0.756376	0.815833	0.791714	0.842532	0.776429	0.753561	0.415035	0.770969	0.826672	0.762622	0.811141
f1score	0.657044	0.506033	0.602882	0.699024	0.661689	0.595467	0.459817	0.453006	0.546073	0.676197	0.556753	0.627701	0.460116	0.642413	0.690372	0.453573	0.675242	0.466220	0.666099	0.562852
mcc	0.366334	0.182640	0.315570	0.414129	0.371787	0.305521	0.036930	0.000000	0.249860	0.387415	0.260661	0.345190	0.069470	0.355580	0.404814	0.000000	0.395400	0.084339	0.376933	0.269132
spd0-0	0.049231	0.008415	0.027214	0.088998	0.071146	0.037053	0.000882	0.000000	0.021865	0.068649	0.018901	0.034056	0.001776	0.047468	0.077419	0.000000	0.055281	0.002180	0.058978	0.012146
spd0-1	0.092967	0.014853	0.055053	0.139276	0.079693	0.039511	0.002418	0.000000	0.024322	0.106418	0.029507	0.070338	0.001201	0.077651	0.115924	0.000000	0.111727	0.002444	0.093902	0.041172
spd0	0.043736	0.006439	0.027840	0.050278	0.008546	0.002458	0.001537	0.000000	0.002457	0.037769	0.010606	0.036282	0.000575	0.030182	0.038505	0.000000	0.056447	0.000264	0.034925	0.029026
aod0-0	0.279815	0.054294	0.161063	0.431343	0.348223	0.211593	0.001001	0.000000	0.137256	0.347869	0.131938	0.202018	0.010890	0.248871	0.380667	0.000000	0.280004	0.011136	0.327392	0.072432
aod0-1	0.337757	0.060069	0.214944	0.477987	0.310699	0.160896	0.008755	0.000000	0.094151	0.385933	0.115153	0.264822	0.005629	0.294693	0.430992	0.000000	0.403033	0.012146	0.342868	0.166942
aod0	0.028971	0.002887	0.026941	0.023322	0.018762	0.025348	0.003877	0.000000	0.021552	0.019032	0.008393	0.031402	0.002631	0.022911	0.025162	0.000000	0.061514	0.000505	0.007738	0.047255
eod0-0	0.262626	0.052265	0.153094	0.389439	0.314754	0.200000	0.000000	0.000000	0.133117	0.316667	0.128920	0.192810	0.010381	0.231511	0.341297	0.000000	0.256579	0.010135	0.302491	0.069307
eod0-1	0.295775	0.056497	0.196819	0.410985	0.281377	0.148676	0.007737	0.000000	0.087037	0.339921	0.105469	0.238921	0.005629	0.264990	0.382413	0.000000	0.359116	0.012146	0.302970	0.155470
eod0	0.033148	0.004232	0.043725	0.021546	0.033378	0.051324	0.007737	0.000000	0.046080	0.023254	0.023451	0.046111	0.004752	0.033479	0.041116	0.000000	0.102537	0.002011	0.000479	0.086163
spd1-0	0.072191	0.010585	0.041250	0.101124	0.063178	0.027937	0.002502	0.000000	0.016739	0.080910	0.028888	0.048519	0.001257	0.062154	0.087753	0.000000	0.079774	0.002509	0.068027	0.029283
spd1-1	0.071926	0.012409	0.041601	0.122974	0.081710	0.043478	0.001270	0.000000	0.026467	0.091885	0.022101	0.055345	0.001583	0.064341	0.101738	0.000000	0.088058	0.002219	0.081737	0.026718
spd1	0.000264	0.001823	0.000351	0.021851	0.018532	0.015542	0.001232	0.000000	0.009728	0.010975	0.006786	0.006825	0.000326	0.002187	0.013985	0.000000	0.008284	0.000291	0.013710	0.002566
aod1-0	0.350945	0.060169	0.215942	0.411842	0.288645	0.149829	0.006740	0.000000	0.081555	0.352831	0.164631	0.248315	0.008475	0.278322	0.403238	0.000000	0.356281	0.018605	0.313688	0.166573
aod1-1	0.297509	0.056888	0.184214	0.474961	0.340403	0.191932	0.005669	0.000000	0.120274	0.375613	0.101609	0.235738	0.007215	0.274675	0.414197	0.000000	0.355959	0.009471	0.343209	0.117620
aod1	0.026718	0.001640	0.015864	0.031559	0.025879	0.021052	0.000536	0.000000	0.019359	0.011391	0.031511	0.006289	0.000630	0.001824	0.005480	0.000000	0.000161	0.004567	0.014761	0.024476
eod1-0	0.320175	0.057269	0.200000	0.353448	0.258772	0.139535	0.004566	0.000000	0.075000	0.309417	0.157447	0.227907	0.008475	0.250000	0.361233	0.000000	0.321285	0.018605	0.279279	0.158590
eod1-1	0.268551	0.054146	0.172881	0.422371	0.308231	0.179181	0.005282	0.000000	0.115132	0.339623	0.095745	0.219672	0.006826	0.253448	0.369369	0.000000	0.322742	0.008696	0.312057	0.110553
eod1	0.051624	0.003123	0.027119	0.068922	0.049459	0.039646	0.000715	0.000000	0.040132	0.030206	0.061702	0.008235	0.001649	0.003448	0.008136	0.000000	0.001457	0.009909	0.032777	0.048038
wcspd-00	0.040053	0.007989	0.017038	0.062842	0.056022	0.021651	0.002817	0.000000	0.010884	0.053352	0.015584	0.023936	0.001351	0.039894	0.058511	0.000000	0.044818	0.001332	0.052562	0.017906
wcspd-01	0.053735	0.008626	0.032216	0.101729	0.078055	0.044373	0.000000	0.000000	0.027224	0.075835	0.020598	0.039099	0.001984	0.051370	0.086459	0.000000	0.060225	0.002592	0.062173	0.009352
wcspd-10	0.100711	0.012865	0.063321	0.133333	0.069168	0.033493	0.002250	0.000000	0.021640	0.104583	0.040840	0.070659	0.001175	0.081329	0.114183	0.000000	0.108200	0.003559	0.081776	0.038680
wcspd-11	0.088957	0.015892	0.050720	0.142422	0.085238	0.042619	0.002513	0.000000	0.025767	0.107387	0.023500	0.070175	0.001215	0.075721	0.116834	0.000000	0.113609	0.001861	0.100374	0.042502
wcspd	0.060657	0.007903	0.046283	0.079581	0.029215	0.022722	0.002817	0.000000	0.016340	0.054035	0.025256	0.046723	0.000809	0.041435	0.058324	0.000000	0.068791	0.002227	0.047812	0.033149
wcaod-00	0.292549	0.064779	0.129085	0.287975	0.277618	0.127882	0.003082	0.000000	0.090132	0.270357	0.154210	0.201329	0.011236	0.207739	0.281591	0.000000	0.221493	0.012048	0.315751	0.134493
wcaod-01	0.276225	0.050386	0.171498	0.480307	0.370695	0.235482	0.000000	0.000000	0.153953	0.367771	0.124806	0.202705	0.010762	0.266881	0.414311	0.000000	0.299340	0.010893	0.331505	0.051033
wcaod-10	0.386255	0.058297	0.264182	0.480577	0.291985	0.159381	0.007697	0.000000	0.079481	0.390201	0.172478	0.276722	0.006803	0.325082	0.463956	0.000000	0.420400	0.022727	0.316226	0.184307
wcaod-11	0.315225	0.060634	0.193474	0.475861	0.319510	0.161955	0.009168	0.000000	0.099783	0.383570	0.088116	0.259038	0.005181	0.280879	0.416231	0.000000	0.395110	0.008287	0.353317	0.160003
wcaod	0.055015	0.007196	0.067549	0.096301	0.046539	0.053800	0.004584	0.000000	0.037236	0.059922	0.042181	0.037697	0.003027	0.058672	0.091182	0.000000	0.099454	0.007220	0.018783	0.066637
wceod-00	0.277778	0.063291	0.123288	0.246753	0.243243	0.115942	0.000000	0.000000	0.088608	0.234375	0.152778	0.194030	0.011236	0.189474	0.243243	0.000000	0.194805	0.012048	0.289474	0.129870
wceod-01	0.257778	0.048077	0.162393	0.438053	0.337662	0.224066	0.000000	0.000000	0.148472	0.338983	0.120930	0.192469	0.010000	0.250000	0.374429	0.000000	0.277533	0.009390	0.307317	0.048673
wceod-10	0.339744	0.054054	0.238095	0.406452	0.266234	0.150685	0.006329	0.000000	0.068323	0.339623	0.159509	0.243243	0.006803	0.287582	0.418301	0.000000	0.377907	0.022727	0.273973	0.173333
wceod-11	0.275660	0.057441	0.179775	0.412869	0.288235	0.147826	0.008357	0.000000	0.094987	0.340058	0.080229	0.237197	0.005181	0.255495	0.366071	0.000000	0.350404	0.008287	0.314763	0.148248
wceod	0.081966	0.015214	0.114808	0.191300	0.094419	0.108124	0.008357	0.000000	0.080149	0.105683	0.079280	0.050775	0.006055	0.098108	0.175057	0.000000	0.183102	0.014440	0.040791	0.124661
