accuracy	0.810960	0.808503	0.806456	0.808299	0.808162	0.812393	0.811847	0.806524	0.802703	0.809527	0.807411	0.810619	0.807343	0.808230	0.811370	0.812052	0.807002	0.808367	0.808230	0.809459
recall	0.620934	0.620519	0.621692	0.620321	0.621816	0.628937	0.629104	0.622017	0.620678	0.622935	0.622601	0.618762	0.619835	0.620137	0.629812	0.626804	0.621140	0.623035	0.623175	0.622128
precision	0.807813	0.808179	0.810044	0.808977	0.800082	0.812537	0.818175	0.809331	0.805613	0.802298	0.809243	0.802866	0.800885	0.801832	0.809999	0.812549	0.812975	0.819474	0.805096	0.816034
f1score	0.641329	0.640119	0.640917	0.639798	0.641799	0.651273	0.651219	0.641352	0.638718	0.643480	0.642320	0.638684	0.639141	0.639733	0.652064	0.648635	0.640320	0.642863	0.643350	0.642166
mcc	0.385877	0.385442	0.388484	0.385624	0.382385	0.401485	0.405352	0.388554	0.384087	0.385554	0.389428	0.379310	0.379772	0.380848	0.401206	0.398158	0.389429	0.396517	0.387712	0.392921
spd0-0	0.025036	0.030265	0.024548	0.028178	0.033891	0.026387	0.026977	0.027278	0.029628	0.027457	0.027870	0.025705	0.028619	0.029683	0.029695	0.026714	0.025067	0.026505	0.029869	0.027245
spd0-1	0.102352	0.100010	0.104509	0.100909	0.102914	0.108638	0.106976	0.104035	0.103800	0.106025	0.104088	0.100824	0.103041	0.102580	0.110133	0.106169	0.102800	0.101574	0.105172	0.100530
spd0	0.077316	0.069745	0.079962	0.072731	0.069023	0.082251	0.079999	0.076757	0.074172	0.078568	0.076219	0.075119	0.074423	0.072897	0.080438	0.079455	0.077733	0.075069	0.075302	0.073286
aod0-0	0.174823	0.200847	0.167337	0.185004	0.230419	0.178964	0.194372	0.192247	0.193887	0.187007	0.191197	0.180355	0.182793	0.197341	0.213865	0.195712	0.168108	0.184401	0.213261	0.189046
aod0-1	0.304804	0.298967	0.306790	0.300753	0.302859	0.323708	0.318128	0.303740	0.301915	0.313940	0.305617	0.301954	0.305807	0.301755	0.323793	0.314492	0.301992	0.301957	0.307132	0.300493
aod0	0.064991	0.049060	0.069727	0.057874	0.036220	0.072372	0.061878	0.055747	0.054014	0.063466	0.057210	0.060799	0.061507	0.052207	0.054964	0.059390	0.066942	0.058778	0.046935	0.055724
eod0-0	0.166341	0.191257	0.159393	0.175503	0.219282	0.169884	0.187146	0.183908	0.184162	0.178637	0.182163	0.172676	0.172727	0.185910	0.206262	0.187625	0.158915	0.177215	0.204545	0.181146
eod0-1	0.278042	0.273374	0.280528	0.275431	0.273954	0.296744	0.292528	0.277192	0.275244	0.283963	0.279270	0.273510	0.277476	0.274378	0.294217	0.287580	0.277851	0.278814	0.278354	0.276639
eod0	0.111702	0.082117	0.121135	0.099928	0.054672	0.126860	0.105383	0.093284	0.091082	0.105326	0.097107	0.100835	0.104749	0.088468	0.087955	0.099955	0.118936	0.101599	0.073809	0.095493
spd1-0	0.060299	0.055323	0.056785	0.055269	0.062560	0.057656	0.050308	0.057910	0.053063	0.054965	0.055269	0.051571	0.050863	0.059322	0.066194	0.058172	0.055502	0.055842	0.059109	0.050902
spd1-1	0.079332	0.080787	0.081829	0.080444	0.083048	0.085666	0.085764	0.082209	0.084102	0.084401	0.082921	0.080272	0.083293	0.081491	0.086218	0.083767	0.080518	0.080179	0.083486	0.080692
spd1	0.019033	0.025464	0.025044	0.025175	0.020488	0.028010	0.035456	0.024300	0.031039	0.029436	0.027651	0.028701	0.032430	0.022169	0.020024	0.025595	0.025016	0.024337	0.024377	0.029789
aod1-0	0.324524	0.288619	0.289465	0.276784	0.292042	0.291408	0.264525	0.287964	0.281669	0.293488	0.297442	0.283174	0.258923	0.294380	0.361252	0.303903	0.298857	0.291304	0.330562	0.260852
aod1-1	0.277133	0.279341	0.281118	0.279402	0.287233	0.298806	0.298426	0.282752	0.282396	0.289192	0.283621	0.278514	0.285053	0.281336	0.296107	0.291927	0.277300	0.278915	0.284760	0.282011
aod1	0.023696	0.004639	0.004174	0.001309	0.002404	0.003699	0.016950	0.002606	0.000363	0.002148	0.006910	0.002330	0.013065	0.006522	0.032572	0.005988	0.010779	0.006195	0.022901	0.010580
eod1-0	0.309148	0.272171	0.271293	0.259036	0.269795	0.272446	0.248387	0.272727	0.268519	0.276190	0.283077	0.267327	0.241379	0.273292	0.342949	0.287009	0.285714	0.275758	0.315789	0.247093
eod1-1	0.256696	0.259294	0.261728	0.259924	0.265228	0.278513	0.279453	0.262484	0.260870	0.266667	0.262978	0.257115	0.262976	0.260196	0.274571	0.271777	0.258055	0.261705	0.262683	0.263556
eod1	0.052452	0.012877	0.009565	0.000888	0.004566	0.006067	0.031066	0.010243	0.007649	0.009524	0.020099	0.010211	0.021596	0.013096	0.068378	0.015232	0.027660	0.014052	0.053107	0.016463
wcspd-00	0.026345	0.034161	0.033298	0.031315	0.041394	0.035144	0.027174	0.030043	0.029713	0.033881	0.035070	0.033191	0.033898	0.029474	0.035219	0.037076	0.022845	0.030655	0.034664	0.027748
wcspd-01	0.024735	0.029290	0.022446	0.027408	0.032135	0.024264	0.026930	0.026619	0.029606	0.025840	0.026001	0.023907	0.027334	0.029733	0.028383	0.024196	0.025615	0.025504	0.028709	0.027124
wcspd-10	0.086919	0.072574	0.075850	0.074766	0.079082	0.075616	0.068239	0.079698	0.073838	0.072208	0.072999	0.065888	0.064220	0.083475	0.090832	0.074468	0.083859	0.075949	0.080036	0.068627
wcspd-11	0.104433	0.103771	0.108288	0.104481	0.106159	0.113125	0.112293	0.107400	0.107537	0.110699	0.108164	0.105678	0.108434	0.105190	0.112779	0.110672	0.105221	0.105104	0.108402	0.105079
wcspd	0.079698	0.074482	0.085842	0.077073	0.074024	0.088860	0.085363	0.080781	0.077931	0.084859	0.082163	0.081770	0.081100	0.075716	0.084396	0.086476	0.082375	0.079600	0.079692	0.077955
wcaod-00	0.261696	0.259356	0.289283	0.258316	0.371431	0.304798	0.313445	0.268744	0.251042	0.313767	0.307915	0.343702	0.256110	0.205432	0.385410	0.362152	0.238377	0.259176	0.339909	0.339054
wcaod-01	0.163743	0.190562	0.148358	0.172107	0.209977	0.159039	0.178591	0.180092	0.183543	0.166099	0.170532	0.156674	0.170627	0.195540	0.192305	0.169885	0.158729	0.172479	0.193640	0.169543
wcaod-10	0.340707	0.298219	0.292408	0.286706	0.276667	0.290468	0.258365	0.295277	0.294363	0.290892	0.295083	0.269735	0.260651	0.321416	0.359752	0.291552	0.316539	0.302366	0.330189	0.248967
wcaod-11	0.301739	0.299592	0.308324	0.302155	0.305657	0.327068	0.323594	0.305021	0.303159	0.316478	0.307210	0.305372	0.310554	0.300080	0.320823	0.317187	0.300942	0.302231	0.305848	0.306016
wcaod	0.088482	0.054515	0.079983	0.065024	0.080727	0.084015	0.072502	0.062465	0.059808	0.075190	0.068692	0.093514	0.069963	0.062938	0.096552	0.096134	0.078905	0.064943	0.073135	0.084756
wceod-00	0.250000	0.243590	0.275362	0.246914	0.353846	0.289855	0.306452	0.257143	0.240964	0.302632	0.294872	0.333333	0.240000	0.188406	0.372881	0.348485	0.229508	0.246575	0.328571	0.333333
wceod-01	0.156044	0.182590	0.141921	0.163090	0.200431	0.151448	0.171306	0.172566	0.173913	0.158458	0.162584	0.149675	0.162105	0.185520	0.185950	0.163218	0.149451	0.166667	0.185590	0.161088
wceod-10	0.321839	0.281124	0.270161	0.262948	0.250000	0.267717	0.233871	0.276596	0.278008	0.267782	0.279352	0.248945	0.241803	0.296443	0.335968	0.271698	0.298851	0.284047	0.311966	0.227758
wceod-11	0.273778	0.272660	0.281452	0.276588	0.276414	0.299450	0.297818	0.277253	0.275009	0.285397	0.279263	0.275694	0.280695	0.272326	0.290334	0.289126	0.275875	0.278324	0.275499	0.281737
wceod	0.165795	0.098534	0.139531	0.113498	0.153415	0.148002	0.135145	0.104687	0.104095	0.144173	0.132288	0.183659	0.118590	0.110922	0.186931	0.185266	0.149400	0.117380	0.142982	0.172245
