accuracy	0.860602	0.865866	0.862497	0.857233	0.861445	0.861023	0.865235	0.852811	0.861234	0.859760	0.864393	0.859760	0.862287	0.858075	0.864182	0.859971	0.859339	0.866498	0.863550	0.856812
recall	0.651069	0.667754	0.661149	0.651316	0.660619	0.656183	0.665179	0.648904	0.663121	0.657425	0.664388	0.663373	0.667599	0.649680	0.661004	0.648094	0.663902	0.672194	0.654082	0.666960
precision	0.771473	0.798610	0.783398	0.781291	0.772384	0.774603	0.777910	0.754654	0.801330	0.771669	0.782319	0.779526	0.785348	0.784524	0.772948	0.779741	0.791068	0.780623	0.777157	0.765485
f1score	0.683374	0.703560	0.694852	0.684262	0.692728	0.688773	0.698204	0.678244	0.698697	0.689422	0.698011	0.696109	0.701184	0.683060	0.693477	0.681255	0.698022	0.705159	0.687381	0.696988
mcc	0.405024	0.447629	0.427408	0.412621	0.418331	0.414189	0.428509	0.389456	0.443411	0.413606	0.430859	0.427397	0.437374	0.412735	0.419265	0.407078	0.436836	0.439643	0.413303	0.421072
spd0-0	0.067253	0.063773	0.069978	0.063953	0.086517	0.073670	0.068342	0.074090	0.070950	0.076082	0.070330	0.073419	0.080817	0.067360	0.071828	0.065004	0.069213	0.072799	0.065968	0.076923
spd0-1	0.100647	0.109595	0.105588	0.103462	0.094660	0.100204	0.110439	0.107780	0.101276	0.102356	0.107114	0.109727	0.103324	0.095782	0.105611	0.095885	0.109746	0.113646	0.100407	0.120744
spd0	0.033394	0.045821	0.035609	0.039509	0.008143	0.026533	0.042097	0.033689	0.030325	0.026274	0.036784	0.036308	0.022507	0.028423	0.033783	0.030880	0.040533	0.040847	0.034439	0.043821
aod0-0	0.369218	0.379687	0.378684	0.349495	0.440804	0.387298	0.378679	0.366932	0.393410	0.396046	0.420351	0.388122	0.426154	0.352698	0.380111	0.356342	0.373671	0.391517	0.365967	0.383689
aod0-1	0.374481	0.408401	0.397729	0.379821	0.365854	0.380346	0.415975	0.388959	0.380341	0.383751	0.389112	0.406823	0.392463	0.366398	0.404318	0.361778	0.405857	0.436058	0.380426	0.441929
aod0	0.002631	0.014357	0.009522	0.015163	0.037475	0.003476	0.018648	0.011014	0.006534	0.006148	0.015620	0.009351	0.016845	0.006850	0.012104	0.002718	0.016093	0.022271	0.007230	0.029120
eod0-0	0.343434	0.358885	0.351792	0.326733	0.403279	0.358065	0.348148	0.334395	0.370130	0.363333	0.397213	0.359477	0.391003	0.327974	0.348123	0.332215	0.348684	0.361486	0.338078	0.349835
eod0-1	0.331992	0.369115	0.357853	0.339015	0.329960	0.340122	0.375242	0.340637	0.346296	0.343874	0.343750	0.364162	0.358349	0.330754	0.364008	0.324165	0.366483	0.392713	0.342574	0.391555
eod0	0.011442	0.010230	0.006061	0.012282	0.073319	0.017942	0.027094	0.006243	0.023834	0.019460	0.053463	0.004685	0.032654	0.002780	0.015885	0.008050	0.017798	0.031226	0.004496	0.041720
spd1-0	0.067169	0.072229	0.073125	0.067416	0.069560	0.067302	0.084428	0.067901	0.060136	0.068900	0.081131	0.067423	0.082967	0.060923	0.073864	0.068154	0.079146	0.079674	0.065553	0.085981
spd1-1	0.093473	0.095768	0.095903	0.093740	0.101194	0.097353	0.093333	0.103867	0.100765	0.100095	0.093850	0.104997	0.097530	0.093790	0.096682	0.088038	0.096611	0.101109	0.093231	0.107506
spd1	0.026304	0.023539	0.022778	0.026324	0.031635	0.030052	0.008906	0.035966	0.040629	0.031195	0.012719	0.037574	0.014563	0.032867	0.022819	0.019885	0.017465	0.021436	0.027678	0.021525
aod1-0	0.341430	0.367488	0.382806	0.325881	0.343422	0.328557	0.435884	0.316155	0.294140	0.327605	0.406077	0.360394	0.377359	0.303318	0.372352	0.328892	0.365351	0.410102	0.341122	0.401872
aod1-1	0.383133	0.406591	0.391884	0.382667	0.416145	0.401896	0.388519	0.403355	0.419803	0.410912	0.393731	0.413275	0.414912	0.385377	0.403811	0.370751	0.403672	0.420981	0.387668	0.425098
aod1	0.020851	0.019551	0.004539	0.028393	0.036361	0.036669	0.023683	0.043600	0.062832	0.041654	0.006173	0.026441	0.018776	0.041030	0.015729	0.020930	0.019160	0.005440	0.023273	0.011613
eod1-0	0.315789	0.339207	0.354545	0.297414	0.315789	0.297674	0.401826	0.282511	0.270833	0.295964	0.374468	0.334884	0.338983	0.282258	0.343612	0.301255	0.333333	0.376744	0.315315	0.361233
eod1-1	0.344523	0.375635	0.355932	0.348915	0.374781	0.365188	0.352113	0.359191	0.388158	0.372213	0.358156	0.372131	0.382253	0.350000	0.363964	0.338028	0.371237	0.382609	0.351064	0.381910
eod1	0.028733	0.036427	0.001387	0.051501	0.058992	0.067513	0.049714	0.076679	0.117325	0.076249	0.016312	0.037247	0.043270	0.067742	0.020352	0.036773	0.037904	0.005865	0.035749	0.020676
wcspd-00	0.041389	0.053262	0.045872	0.045082	0.061625	0.052774	0.054930	0.052493	0.043537	0.054720	0.051948	0.042553	0.064865	0.046543	0.051862	0.045392	0.049020	0.067909	0.051248	0.071625
wcspd-01	0.079948	0.069011	0.081830	0.073138	0.097889	0.083601	0.074454	0.084924	0.084329	0.086118	0.079734	0.088801	0.088624	0.078082	0.081373	0.074391	0.078756	0.075178	0.073298	0.079492
wcspd-10	0.090047	0.088889	0.097969	0.086207	0.076202	0.080144	0.107987	0.081585	0.074032	0.081081	0.107351	0.089820	0.098707	0.073310	0.093750	0.086809	0.103645	0.090154	0.078271	0.097838
wcspd-11	0.106135	0.120416	0.109580	0.112599	0.104385	0.110562	0.111809	0.121739	0.115951	0.113594	0.106988	0.119782	0.105711	0.107572	0.111809	0.100866	0.113001	0.125931	0.112219	0.132969
wcspd	0.064746	0.067153	0.063709	0.067517	0.042761	0.057788	0.056879	0.069246	0.072414	0.058874	0.055403	0.077229	0.040846	0.061030	0.059947	0.055474	0.063982	0.058021	0.060971	0.061344
wcaod-00	0.294026	0.349947	0.332460	0.245207	0.343623	0.305213	0.371997	0.298037	0.271457	0.328359	0.418537	0.342957	0.325929	0.269374	0.298294	0.317993	0.260454	0.403434	0.349385	0.412063
wcaod-01	0.395190	0.390978	0.395114	0.384741	0.472690	0.410662	0.381158	0.391993	0.436322	0.414689	0.422481	0.404421	0.470823	0.390050	0.408403	0.370870	0.411809	0.386883	0.373209	0.373753
wcaod-10	0.368217	0.379955	0.413280	0.367652	0.341072	0.340103	0.463722	0.329235	0.307397	0.327389	0.409514	0.374228	0.409961	0.325654	0.408540	0.339288	0.414734	0.415356	0.339205	0.398601
wcaod-11	0.377926	0.420090	0.391414	0.386152	0.378296	0.398364	0.395123	0.413911	0.412240	0.410298	0.379408	0.420685	0.384287	0.384945	0.403321	0.372268	0.401970	0.444990	0.398313	0.460300
wcaod	0.050582	0.035072	0.040410	0.070473	0.065809	0.052725	0.045863	0.057937	0.082432	0.043650	0.021537	0.038864	0.072447	0.060338	0.055123	0.027138	0.077140	0.029054	0.029554	0.043273
wceod-00	0.277778	0.329114	0.315068	0.220779	0.310811	0.275362	0.344262	0.271605	0.253165	0.296875	0.402778	0.328358	0.292135	0.252632	0.270270	0.302632	0.233766	0.373494	0.328947	0.376623
wceod-01	0.364444	0.370192	0.363248	0.362832	0.432900	0.381743	0.349282	0.356223	0.410480	0.381356	0.395349	0.368201	0.435000	0.361111	0.374429	0.342342	0.387665	0.356808	0.341463	0.340708
wceod-10	0.333333	0.344595	0.374150	0.335484	0.318182	0.308219	0.424051	0.288732	0.279503	0.295597	0.361963	0.337838	0.367347	0.300654	0.379085	0.300613	0.377907	0.378788	0.308219	0.353333
wceod-11	0.331378	0.378590	0.351124	0.340483	0.335294	0.353623	0.353760	0.361111	0.374670	0.365994	0.335244	0.374663	0.354922	0.343407	0.357143	0.335260	0.361186	0.397790	0.356546	0.407008
wceod	0.086667	0.049476	0.059081	0.142053	0.122090	0.106380	0.079788	0.089506	0.157316	0.085758	0.067534	0.046305	0.142865	0.108480	0.108815	0.041729	0.153899	0.040983	0.048327	0.066300
