accuracy	0.687760	0.683141	0.696074	0.680370	0.687760	0.681293	0.667898	0.693303	0.684065	0.675751	0.686374	0.680831	0.683141	0.680370	0.689145	0.692379	0.693303	0.696074	0.677598	0.659584
recall	0.675935	0.670715	0.684178	0.669093	0.673999	0.667802	0.655110	0.681236	0.672351	0.661973	0.674652	0.670272	0.674531	0.665598	0.678615	0.681969	0.685296	0.684321	0.666189	0.646641
precision	0.692067	0.689220	0.698512	0.682369	0.681104	0.680728	0.666777	0.695418	0.682373	0.669808	0.685488	0.679887	0.690306	0.677617	0.689016	0.696003	0.696092	0.694216	0.676543	0.656730
f1score	0.675489	0.669425	0.684711	0.668897	0.675730	0.668394	0.655167	0.681720	0.673300	0.663382	0.675518	0.670905	0.672682	0.666664	0.679372	0.681897	0.685312	0.685718	0.666728	0.646793
mcc	0.367649	0.359459	0.382421	0.351212	0.355033	0.348290	0.321676	0.376387	0.354583	0.331689	0.359976	0.350027	0.364496	0.343004	0.367484	0.377712	0.381235	0.378407	0.342576	0.303204
spd0-0	0.618721	0.630460	0.620848	0.612607	0.589639	0.611366	0.618467	0.610953	0.601487	0.594734	0.597093	0.591837	0.614674	0.608518	0.591460	0.605158	0.587337	0.595977	0.595046	0.597820
spd0-1	0.786925	0.788235	0.730310	0.761905	0.742729	0.775414	0.729120	0.776699	0.740385	0.753589	0.761798	0.770574	0.776498	0.771619	0.766204	0.783333	0.780303	0.745882	0.773893	0.798578
spd0	0.168203	0.157776	0.109463	0.149297	0.153090	0.164047	0.110653	0.165746	0.138898	0.158855	0.164705	0.178737	0.161824	0.163101	0.174744	0.178176	0.192966	0.149905	0.178847	0.200758
aod0-0	1.219649	1.250942	1.228846	1.213100	1.144147	1.199081	1.221593	1.202038	1.181090	1.165028	1.176721	1.163520	1.229146	1.194985	1.160481	1.191705	1.159991	1.166842	1.170101	1.177570
aod0-1	1.509527	1.477512	1.332816	1.430972	1.380962	1.482306	1.369411	1.463613	1.408118	1.412905	1.431641	1.465852	1.461086	1.440596	1.464283	1.511771	1.494311	1.398182	1.481805	1.526029
aod0	0.144939	0.113285	0.051985	0.108936	0.118407	0.141613	0.073909	0.130788	0.113514	0.123938	0.127460	0.151166	0.115970	0.122806	0.151901	0.160033	0.167160	0.115670	0.155852	0.174230
eod0-0	0.791077	0.792411	0.795354	0.774336	0.739726	0.771214	0.764381	0.780541	0.769397	0.745474	0.763012	0.752677	0.788684	0.757642	0.761957	0.786885	0.768226	0.768568	0.755169	0.733261
eod0-1	0.883721	0.899281	0.851064	0.865455	0.871528	0.869403	0.830450	0.896947	0.825926	0.832753	0.863014	0.874016	0.877193	0.882155	0.876404	0.875969	0.893004	0.858182	0.863971	0.886029
eod0	0.092644	0.106870	0.055710	0.091118	0.131802	0.098189	0.066069	0.116406	0.056529	0.087279	0.100002	0.121339	0.088509	0.124513	0.114448	0.089084	0.124778	0.089613	0.108802	0.152768
spd1-0	0.607568	0.617875	0.592541	0.603265	0.574453	0.598164	0.614296	0.595640	0.579170	0.567361	0.593007	0.582378	0.615804	0.593706	0.572747	0.596208	0.584722	0.567396	0.588974	0.592567
spd1-1	0.734417	0.744624	0.741980	0.712963	0.709893	0.728972	0.691489	0.732167	0.721774	0.740690	0.704762	0.702211	0.713056	0.737415	0.726190	0.723347	0.697931	0.735294	0.711749	0.722598
spd1	0.126849	0.126749	0.149439	0.109698	0.135440	0.130808	0.077194	0.136527	0.142605	0.173329	0.111755	0.119832	0.097252	0.143709	0.153444	0.127139	0.113209	0.167898	0.122774	0.130031
aod1-0	1.208145	1.230402	1.164548	1.196804	1.121807	1.182054	1.213839	1.183680	1.136617	1.117312	1.168705	1.160313	1.236070	1.168637	1.132894	1.187652	1.163265	1.106371	1.161691	1.170432
aod1-1	1.394548	1.429417	1.432885	1.360169	1.342437	1.391669	1.328760	1.394987	1.382577	1.399681	1.345361	1.327464	1.360004	1.410791	1.385085	1.378005	1.342677	1.414029	1.362640	1.400516
aod1	0.093202	0.099507	0.134168	0.081682	0.110315	0.104808	0.057460	0.105654	0.122980	0.141185	0.088328	0.083576	0.061967	0.121077	0.126096	0.095176	0.089706	0.153829	0.100475	0.115042
eod1-0	0.776099	0.796117	0.783180	0.765517	0.743758	0.765265	0.772358	0.784828	0.741722	0.719368	0.766355	0.752475	0.800000	0.760956	0.747599	0.782247	0.783858	0.748684	0.749667	0.748993
eod1-1	0.868597	0.852097	0.854118	0.843612	0.813025	0.837662	0.793407	0.839827	0.851016	0.841542	0.822870	0.817048	0.828638	0.832609	0.851528	0.845133	0.812065	0.858108	0.831818	0.799117
eod1	0.092498	0.055981	0.070938	0.078095	0.069267	0.072398	0.021049	0.054999	0.109294	0.122174	0.056515	0.064573	0.028638	0.071653	0.103929	0.062886	0.028207	0.109424	0.082151	0.050124
wcspd-00	0.566922	0.589134	0.568545	0.572041	0.542241	0.565180	0.587979	0.566275	0.547009	0.529313	0.556410	0.546552	0.581395	0.557841	0.541379	0.556031	0.548709	0.533449	0.550427	0.556308
wcspd-01	0.723661	0.717082	0.732496	0.694301	0.688172	0.704861	0.679443	0.705882	0.711572	0.735986	0.683636	0.678808	0.690702	0.716636	0.692845	0.704861	0.669014	0.718166	0.687279	0.685053
wcspd-10	0.795276	0.757202	0.702703	0.753086	0.719844	0.752000	0.728302	0.747826	0.729084	0.752033	0.757692	0.758475	0.772727	0.752852	0.718876	0.780392	0.765690	0.714286	0.760456	0.767347
wcspd-11	0.773585	0.829670	0.775000	0.774011	0.773684	0.809249	0.730337	0.813187	0.757576	0.755814	0.767568	0.787879	0.782353	0.797872	0.830601	0.787879	0.802548	0.798742	0.795181	0.841808
wcspd	0.228353	0.240536	0.206455	0.201970	0.231443	0.244068	0.142358	0.246912	0.210567	0.226501	0.211157	0.241327	0.200958	0.240032	0.289222	0.231848	0.253838	0.265293	0.244753	0.285500
wcaod-00	1.142426	1.195544	1.140084	1.152812	1.075526	1.132732	1.181247	1.142427	1.092791	1.057583	1.117174	1.099581	1.190814	1.117104	1.085812	1.125072	1.107828	1.058642	1.099664	1.112349
wcaod-01	1.376056	1.381927	1.431496	1.331498	1.302841	1.341721	1.317542	1.341707	1.365583	1.402237	1.314188	1.292279	1.331797	1.376246	1.314340	1.338710	1.286146	1.385630	1.323061	1.331041
wcaod-10	1.533883	1.400167	1.279439	1.402829	1.322984	1.425977	1.380246	1.385801	1.387980	1.419767	1.426835	1.465691	1.469822	1.389215	1.355913	1.508159	1.456400	1.316922	1.467726	1.454545
wcaod-11	1.469040	1.577778	1.424894	1.471368	1.458775	1.564358	1.353448	1.565812	1.443978	1.411024	1.438533	1.474314	1.443487	1.514921	1.611504	1.517274	1.553265	1.534501	1.501596	1.635593
wcaod	0.195728	0.191117	0.145706	0.159278	0.191625	0.215813	0.099499	0.211692	0.175593	0.181092	0.160680	0.187366	0.139504	0.198908	0.262846	0.196101	0.222718	0.237929	0.200966	0.261622
wceod-00	0.744755	0.773214	0.767797	0.735450	0.710924	0.739206	0.759292	0.755172	0.725724	0.684474	0.740484	0.720562	0.778777	0.724613	0.720000	0.757522	0.755556	0.719388	0.724020	0.714044
wceod-01	0.867435	0.824405	0.847134	0.839763	0.788136	0.823864	0.772861	0.823188	0.844575	0.852941	0.803077	0.802740	0.806452	0.814925	0.831884	0.834286	0.790419	0.853372	0.810241	0.767164
wceod-10	0.891026	0.875776	0.836257	0.873418	0.861446	0.860759	0.815029	0.903448	0.797619	0.850000	0.853801	0.884058	0.869822	0.883721	0.850649	0.871795	0.897260	0.848837	0.841463	0.883117
wceod-11	0.872549	0.931624	0.873874	0.854701	0.885246	0.881818	0.853448	0.888889	0.872549	0.811024	0.876033	0.862069	0.887931	0.880000	0.911504	0.882353	0.886598	0.873786	0.898148	0.889831
wceod	0.146270	0.158410	0.106077	0.137968	0.174322	0.142613	0.094156	0.148276	0.146825	0.168467	0.135549	0.163496	0.109154	0.159108	0.191504	0.124831	0.141705	0.154399	0.174128	0.175787
