accuracy	0.753333	0.763333	0.726667	0.766667	0.720000	0.746667	0.726667	0.780000	0.733333	0.766667	0.753333	0.716667	0.746667	0.740000	0.723333	0.750000	0.753333	0.740000	0.730000	0.760000
recall	0.656705	0.642849	0.624303	0.659371	0.612767	0.616469	0.620472	0.647049	0.631746	0.634034	0.648164	0.621489	0.635886	0.616129	0.631127	0.634824	0.631166	0.630644	0.633272	0.672503
precision	0.695446	0.721092	0.708014	0.716141	0.686738	0.672123	0.751207	0.749411	0.677401	0.712713	0.754248	0.678479	0.758654	0.650464	0.680603	0.724837	0.741346	0.700000	0.693692	0.701941
f1score	0.668142	0.657066	0.628870	0.673913	0.616228	0.626841	0.618012	0.664543	0.641234	0.648383	0.658651	0.627144	0.642387	0.625264	0.639000	0.645284	0.640637	0.640199	0.641588	0.682801
mcc	0.350014	0.355431	0.321601	0.371196	0.290227	0.283175	0.347928	0.383018	0.305757	0.337703	0.388178	0.294505	0.374953	0.264373	0.307780	0.348215	0.355845	0.323288	0.321333	0.373285
spd0-0	0.769231	0.818182	0.842697	0.807692	0.793814	0.797872	0.850575	0.823529	0.798077	0.747475	0.798165	0.760000	0.809524	0.742268	0.778947	0.884211	0.813953	0.747253	0.804348	0.793478
spd0-1	0.806122	0.853774	0.843602	0.821429	0.866995	0.859223	0.887324	0.879070	0.811224	0.905473	0.879581	0.845000	0.897436	0.852217	0.814634	0.834146	0.887850	0.870813	0.822115	0.769231
spd0	0.036892	0.035592	0.000905	0.013736	0.073181	0.061351	0.036749	0.055540	0.013148	0.157998	0.081416	0.085000	0.087912	0.109949	0.035687	0.050064	0.073897	0.123561	0.017768	0.024247
aod0-0	1.476923	1.523810	1.623471	1.522876	1.533654	1.497613	1.662703	1.500627	1.525518	1.439394	1.545204	1.442708	1.508744	1.395030	1.492467	1.709524	1.578711	1.407143	1.579100	1.482285
aod0-1	1.424532	1.583744	1.591835	1.476190	1.641583	1.613146	1.686456	1.646591	1.497329	1.653733	1.636275	1.606592	1.716785	1.588497	1.522989	1.532954	1.657168	1.657895	1.503776	1.363636
aod0	0.026195	0.029967	0.015818	0.023343	0.053965	0.057767	0.011877	0.072982	0.014095	0.107169	0.045535	0.081942	0.104020	0.096733	0.015261	0.088285	0.039228	0.125376	0.037662	0.059324
eod0-0	0.861538	0.916667	0.913793	0.911765	0.846154	0.876923	0.960000	0.964912	0.893939	0.803030	0.936508	0.859375	0.941176	0.808824	0.881356	0.966667	0.921569	0.892857	0.886792	0.901639
eod0-1	0.892617	0.928571	0.930070	0.904762	0.949275	0.915033	0.959184	0.937500	0.881944	0.980263	0.950000	0.913043	0.962687	0.908497	0.889655	0.918919	0.955414	0.921053	0.907285	0.863636
eod0	0.031079	0.011905	0.016277	0.007003	0.103122	0.038110	0.000816	0.027412	0.011995	0.177233	0.013492	0.053668	0.021510	0.099673	0.008299	0.047748	0.033845	0.028195	0.020492	0.038003
spd1-0	0.762712	0.771930	0.787234	0.767857	0.852459	0.769231	0.800000	0.750000	0.612903	0.775862	0.745455	0.640625	0.754098	0.678571	0.692308	0.869565	0.734694	0.769231	0.701754	0.608696
spd1-1	0.800830	0.860082	0.853755	0.827869	0.841004	0.854839	0.892000	0.884921	0.857143	0.871901	0.873469	0.864407	0.895397	0.848361	0.826613	0.846457	0.892430	0.846774	0.843621	0.807087
spd1	0.038118	0.088152	0.066521	0.060012	0.011455	0.085608	0.092000	0.134921	0.244240	0.096039	0.128015	0.223782	0.141299	0.169789	0.134305	0.023109	0.157736	0.077543	0.141867	0.198391
aod1-0	1.510369	1.503788	1.512963	1.443812	1.704301	1.514243	1.633117	1.488696	1.135889	1.495098	1.460000	1.223590	1.495690	1.276190	1.314195	1.699805	1.500000	1.464052	1.396296	1.196190
aod1-1	1.431506	1.578863	1.628401	1.506639	1.551284	1.588019	1.693333	1.619792	1.610154	1.619003	1.634313	1.644844	1.680733	1.599370	1.555783	1.572012	1.660344	1.587450	1.562969	1.441612
aod1	0.039432	0.037538	0.057719	0.031414	0.076508	0.036888	0.030108	0.065548	0.237133	0.061952	0.087156	0.210627	0.092522	0.161590	0.120794	0.063896	0.080172	0.061699	0.083336	0.122711
eod1-0	0.903226	0.878788	0.962963	0.864865	0.870968	0.862069	0.954545	0.880000	0.707317	0.911765	0.900000	0.743590	0.875000	0.800000	0.787879	0.962963	0.857143	0.852941	0.766667	0.720000
eod1-1	0.879781	0.933702	0.919540	0.915730	0.924419	0.910053	0.960000	0.953125	0.928994	0.929348	0.953757	0.932515	0.970588	0.892473	0.906433	0.928177	0.957219	0.925287	0.925287	0.894737
eod1	0.023444	0.054914	0.043423	0.050865	0.053451	0.047984	0.005455	0.073125	0.221677	0.017583	0.053757	0.188926	0.095588	0.092473	0.118554	0.034786	0.100076	0.072346	0.158621	0.174737
wcspd-00	0.705882	0.793103	0.761905	0.775000	0.794118	0.640000	0.724138	0.772727	0.666667	0.687500	0.750000	0.600000	0.677419	0.588235	0.620690	0.962963	0.696970	0.764706	0.676471	0.636364
wcspd-01	0.800000	0.830508	0.867647	0.828125	0.793651	0.855072	0.913793	0.841270	0.859155	0.776119	0.814815	0.846154	0.864865	0.825397	0.848485	0.852941	0.886792	0.736842	0.879310	0.842857
wcspd-10	0.840000	0.750000	0.807692	0.750000	0.925926	0.888889	0.904762	0.730769	0.551724	0.884615	0.740741	0.689655	0.833333	0.818182	0.782609	0.736842	0.812500	0.777778	0.739130	0.583333
wcspd-11	0.801170	0.869565	0.848649	0.827778	0.857955	0.854749	0.885417	0.899471	0.856287	0.908571	0.902439	0.871345	0.909091	0.856354	0.818681	0.844086	0.893939	0.879581	0.832432	0.793478
wcspd	0.134118	0.119565	0.105742	0.078125	0.132275	0.248889	0.189655	0.168702	0.307431	0.221071	0.161698	0.271345	0.231672	0.268118	0.227795	0.226121	0.196970	0.142739	0.202840	0.259524
wcaod-00	1.430556	1.525253	1.472222	1.453333	1.590278	1.145833	1.555556	1.478632	1.226190	1.375000	1.471795	1.111888	1.366667	1.150877	1.211538	1.916667	1.452381	1.443223	1.385714	1.233333
wcaod-01	1.523810	1.516807	1.685771	1.573643	1.428571	1.647959	1.790823	1.503589	1.664103	1.544706	1.573864	1.624224	1.581312	1.571429	1.625885	1.607729	1.663004	1.385714	1.712551	1.585034
wcaod-10	1.633333	1.482051	1.545455	1.500000	1.850000	1.780220	1.809091	1.476190	1.044444	1.694444	1.450000	1.348039	1.651584	1.437500	1.490196	1.345238	1.603175	1.569231	1.464286	1.160839
wcaod-11	1.374546	1.601918	1.606086	1.474074	1.592729	1.555311	1.659664	1.677653	1.578582	1.643611	1.677949	1.653884	1.724359	1.609655	1.528067	1.559118	1.659459	1.666021	1.505926	1.374897
wcaod	0.129394	0.059934	0.106774	0.060155	0.210714	0.317193	0.126768	0.100731	0.309829	0.159722	0.113974	0.270998	0.178846	0.229389	0.207173	0.285714	0.105311	0.140153	0.163418	0.212097
wceod-00	0.875000	0.888889	0.916667	0.920000	0.812500	0.812500	1.000000	0.923077	0.809524	0.875000	0.933333	0.727273	0.866667	0.684211	0.750000	1.000000	0.833333	0.904762	0.785714	0.833333
wceod-01	0.857143	0.928571	0.913043	0.906977	0.857143	0.897959	0.948718	0.977273	0.933333	0.780000	0.937500	0.928571	0.962264	0.857143	0.930233	0.955556	0.948718	0.885714	0.923077	0.918367
wceod-10	0.933333	0.866667	1.000000	0.750000	0.933333	0.923077	0.909091	0.833333	0.600000	0.944444	0.866667	0.764706	0.882353	0.937500	0.823529	0.916667	0.888889	0.769231	0.750000	0.615385
wceod-11	0.888060	0.935252	0.921875	0.918519	0.951220	0.914286	0.963235	0.945946	0.927419	0.985075	0.960000	0.933884	0.974359	0.905109	0.898438	0.919118	0.959459	0.935252	0.925926	0.886525
wceod	0.076190	0.068585	0.086957	0.170000	0.138720	0.110577	0.090909	0.143939	0.333333	0.205075	0.093333	0.206612	0.107692	0.253289	0.180233	0.083333	0.126126	0.166021	0.175926	0.302983
