accuracy	0.853443	0.827753	0.852811	0.849231	0.858497	0.848600	0.850705	0.848389	0.821436	0.855338	0.854706	0.826279	0.826911	0.852811	0.855759	0.830069	0.851969	0.857654	0.851127	0.853864
recall	0.621606	0.500000	0.624909	0.599060	0.663340	0.568104	0.708911	0.593302	0.500000	0.658710	0.619628	0.500000	0.500000	0.628868	0.591281	0.500000	0.642316	0.634972	0.578813	0.639289
precision	0.757542	0.413877	0.765135	0.796868	0.759778	0.812194	0.728750	0.778905	0.410718	0.754176	0.770315	0.413140	0.413455	0.776842	0.795735	0.415035	0.775392	0.765816	0.781990	0.770045
f1score	0.650448	0.452880	0.654480	0.623557	0.692959	0.579915	0.717966	0.615810	0.450983	0.687572	0.649155	0.452439	0.452628	0.659565	0.614815	0.453573	0.673744	0.666099	0.596692	0.670424
mcc	0.353941	0.000000	0.363965	0.342974	0.411982	0.291627	0.437211	0.322630	0.000000	0.401698	0.359651	0.000000	0.000000	0.377762	0.328604	0.000000	0.395943	0.378829	0.298157	0.387888
spd0-0	0.040000	0.000000	0.047516	0.028175	0.079930	0.019180	0.098325	0.031565	0.000000	0.066900	0.037363	0.000000	0.000000	0.039331	0.031828	0.000000	0.048090	0.041848	0.020533	0.044984
spd0-1	0.099030	0.000000	0.094906	0.070832	0.113673	0.043177	0.193873	0.067261	0.000000	0.125914	0.092967	0.000000	0.000000	0.100907	0.056518	0.000000	0.112916	0.108350	0.058537	0.111639
spd0	0.059030	0.000000	0.047389	0.042656	0.033743	0.023997	0.095549	0.035696	0.000000	0.059014	0.055604	0.000000	0.000000	0.061576	0.024690	0.000000	0.064826	0.066502	0.038004	0.066655
aod0-0	0.237723	0.000000	0.250693	0.168959	0.394395	0.114718	0.492793	0.170420	0.000000	0.345856	0.224616	0.000000	0.000000	0.212508	0.194143	0.000000	0.255062	0.217843	0.127471	0.241089
aod0-1	0.349863	0.000000	0.347509	0.269003	0.424547	0.179226	0.632528	0.257991	0.000000	0.445634	0.335187	0.000000	0.000000	0.377151	0.223620	0.000000	0.405884	0.406713	0.221995	0.407727
aod0	0.056070	0.000000	0.048408	0.050022	0.015076	0.032254	0.069867	0.043786	0.000000	0.049889	0.055285	0.000000	0.000000	0.082322	0.014739	0.000000	0.075411	0.094435	0.047262	0.083319
eod0-0	0.225589	0.000000	0.231270	0.161716	0.357377	0.109677	0.440741	0.159236	0.000000	0.316667	0.212544	0.000000	0.000000	0.199357	0.184300	0.000000	0.236842	0.199324	0.120996	0.224422
eod0-1	0.301811	0.000000	0.308151	0.244318	0.376518	0.167006	0.526112	0.233068	0.000000	0.387352	0.294922	0.000000	0.000000	0.336557	0.204499	0.000000	0.360958	0.362348	0.200000	0.360845
eod0	0.076222	0.000000	0.076881	0.082602	0.019141	0.057329	0.085371	0.073832	0.000000	0.070685	0.082378	0.000000	0.000000	0.137200	0.020199	0.000000	0.124116	0.163024	0.079004	0.136422
spd1-0	0.057753	0.000000	0.061250	0.029963	0.066369	0.024127	0.126329	0.037037	0.000000	0.076485	0.057160	0.000000	0.000000	0.051077	0.039141	0.000000	0.069095	0.057716	0.028448	0.060436
spd1-1	0.077313	0.000000	0.077167	0.061328	0.112822	0.035287	0.159365	0.056887	0.000000	0.107989	0.071108	0.000000	0.000000	0.083227	0.047077	0.000000	0.089325	0.085578	0.046296	0.090649
spd1	0.019560	0.000000	0.015917	0.031366	0.046453	0.011160	0.033036	0.019850	0.000000	0.031503	0.013948	0.000000	0.000000	0.032150	0.007936	0.000000	0.020230	0.027862	0.017849	0.030213
aod1-0	0.275641	0.000000	0.292622	0.149610	0.317853	0.137585	0.538217	0.182383	0.000000	0.343932	0.271952	0.000000	0.000000	0.235496	0.203429	0.000000	0.317451	0.282645	0.135242	0.294847
aod1-1	0.315118	0.000000	0.314054	0.262185	0.450840	0.159444	0.591297	0.238152	0.000000	0.428557	0.299633	0.000000	0.000000	0.345785	0.214559	0.000000	0.361366	0.351982	0.205897	0.361969
aod1	0.019738	0.000000	0.010716	0.056288	0.066494	0.010929	0.026540	0.027884	0.000000	0.042312	0.013840	0.000000	0.000000	0.055144	0.005565	0.000000	0.021957	0.034668	0.035328	0.033561
eod1-0	0.250000	0.000000	0.263636	0.137931	0.289474	0.130233	0.465753	0.165919	0.000000	0.304933	0.246809	0.000000	0.000000	0.213710	0.189427	0.000000	0.289157	0.255814	0.121622	0.268722
eod1-1	0.282686	0.000000	0.284746	0.243740	0.401051	0.150171	0.508803	0.219224	0.000000	0.382504	0.273050	0.000000	0.000000	0.315517	0.200000	0.000000	0.327759	0.318261	0.191489	0.326633
eod1	0.032686	0.000000	0.021109	0.105809	0.111577	0.019938	0.043049	0.053305	0.000000	0.077572	0.026241	0.000000	0.000000	0.101808	0.010573	0.000000	0.038603	0.062447	0.069868	0.057911
wcspd-00	0.014686	0.000000	0.026212	0.009563	0.049020	0.014885	0.067606	0.022310	0.000000	0.046512	0.028571	0.000000	0.000000	0.015957	0.017287	0.000000	0.029412	0.030626	0.010512	0.035813
wcspd-01	0.052425	0.000000	0.057990	0.037234	0.094050	0.021222	0.112323	0.036208	0.000000	0.076478	0.041860	0.000000	0.000000	0.051370	0.038779	0.000000	0.056916	0.047310	0.025524	0.049432
wcspd-10	0.095972	0.000000	0.093190	0.047126	0.080891	0.032297	0.173228	0.050117	0.000000	0.102233	0.082847	0.000000	0.000000	0.081329	0.058894	0.000000	0.101367	0.081851	0.044393	0.080774
wcspd-11	0.100613	0.000000	0.095805	0.083384	0.130945	0.048796	0.205402	0.076398	0.000000	0.138423	0.098330	0.000000	0.000000	0.111178	0.055276	0.000000	0.119077	0.122208	0.066085	0.128112
wcspd	0.085927	0.000000	0.069592	0.073821	0.081925	0.033911	0.137796	0.054088	0.000000	0.091912	0.069759	0.000000	0.000000	0.095220	0.041607	0.000000	0.089665	0.091583	0.055572	0.092299
wcaod-00	0.127954	0.000000	0.163728	0.067989	0.269806	0.107419	0.415570	0.133736	0.000000	0.248735	0.205906	0.000000	0.000000	0.081295	0.103444	0.000000	0.158556	0.171597	0.070169	0.223201
wcaod-01	0.274688	0.000000	0.279172	0.204080	0.435981	0.116599	0.517892	0.183338	0.000000	0.372008	0.231008	0.000000	0.000000	0.270707	0.224952	0.000000	0.288193	0.236263	0.149022	0.247398
wcaod-10	0.355657	0.000000	0.364655	0.193774	0.341731	0.152531	0.602599	0.212487	0.000000	0.387311	0.308844	0.000000	0.000000	0.335376	0.254440	0.000000	0.394311	0.356157	0.173220	0.335665
wcaod-11	0.347220	0.000000	0.339632	0.301018	0.463740	0.190940	0.646282	0.276400	0.000000	0.473304	0.347600	0.000000	0.000000	0.395495	0.209584	0.000000	0.411725	0.426453	0.241742	0.438736
wcaod	0.113852	0.000000	0.100464	0.116515	0.096967	0.041760	0.115356	0.071332	0.000000	0.112285	0.070847	0.000000	0.000000	0.157100	0.075498	0.000000	0.126584	0.127428	0.085787	0.107768
wceod-00	0.125000	0.000000	0.150685	0.064935	0.243243	0.101449	0.377049	0.123457	0.000000	0.218750	0.194444	0.000000	0.000000	0.073684	0.094595	0.000000	0.142857	0.156627	0.065789	0.207792
wceod-01	0.257778	0.000000	0.256410	0.194690	0.393939	0.112033	0.459330	0.171674	0.000000	0.343220	0.218605	0.000000	0.000000	0.254630	0.214612	0.000000	0.268722	0.215962	0.141463	0.230088
wceod-10	0.307692	0.000000	0.319728	0.174194	0.311688	0.143836	0.500000	0.190141	0.000000	0.339623	0.269939	0.000000	0.000000	0.300654	0.235294	0.000000	0.354651	0.318182	0.150685	0.300000
wceod-11	0.299120	0.000000	0.303371	0.273458	0.405882	0.176812	0.537604	0.250000	0.000000	0.409222	0.306590	0.000000	0.000000	0.351648	0.190476	0.000000	0.363881	0.378453	0.220056	0.385445
wceod	0.182692	0.000000	0.169043	0.208523	0.162639	0.075362	0.160555	0.126543	0.000000	0.190472	0.112146	0.000000	0.000000	0.277964	0.140700	0.000000	0.221024	0.221827	0.154266	0.177653
