accuracy	0.861655	0.861445	0.858286	0.852390	0.861445	0.860813	0.858918	0.851969	0.855338	0.857444	0.859760	0.857865	0.856812	0.854285	0.866919	0.857444	0.855759	0.860813	0.859339	0.857023
recall	0.639622	0.650077	0.644881	0.627522	0.644645	0.645109	0.638992	0.634798	0.642459	0.642704	0.636144	0.642124	0.642646	0.635000	0.653403	0.629819	0.651093	0.647506	0.637279	0.655582
precision	0.785524	0.793497	0.776439	0.778482	0.783863	0.781829	0.766826	0.758712	0.793037	0.771217	0.782798	0.788256	0.780043	0.778814	0.790839	0.783199	0.785759	0.772010	0.769262	0.772655
f1score	0.673281	0.684836	0.677420	0.658089	0.678352	0.678544	0.670540	0.664485	0.675813	0.674568	0.669055	0.675529	0.675230	0.666637	0.688763	0.661801	0.684260	0.679949	0.669059	0.687451
mcc	0.399326	0.419749	0.400253	0.376896	0.405262	0.404455	0.385158	0.373491	0.408635	0.393466	0.392435	0.404811	0.399734	0.388020	0.422447	0.383482	0.415578	0.400615	0.384521	0.411923
spd0-0	0.057582	0.057130	0.061771	0.055456	0.072025	0.063208	0.058201	0.066199	0.063365	0.065588	0.055385	0.057939	0.067496	0.059675	0.063226	0.057435	0.063820	0.061901	0.061599	0.069726
spd0-1	0.088116	0.099157	0.098603	0.085157	0.082120	0.092464	0.096332	0.094003	0.089713	0.094639	0.088521	0.093650	0.089708	0.089082	0.093647	0.080304	0.103011	0.100611	0.089837	0.107680
spd0	0.030534	0.042027	0.036832	0.029701	0.010095	0.029256	0.038131	0.027804	0.026348	0.029050	0.033136	0.035711	0.022212	0.029407	0.030421	0.022868	0.039191	0.038710	0.028238	0.037955
aod0-0	0.340927	0.354215	0.341629	0.303487	0.388039	0.347984	0.319119	0.336370	0.351862	0.358497	0.343623	0.326115	0.363658	0.322240	0.367348	0.322034	0.336966	0.332958	0.345683	0.355899
aod0-1	0.331688	0.360809	0.362461	0.313552	0.321326	0.352342	0.356827	0.341997	0.332012	0.347666	0.320920	0.349617	0.335508	0.332077	0.363352	0.305641	0.381233	0.380367	0.333347	0.401319
aod0	0.004620	0.003297	0.010416	0.005033	0.033357	0.002179	0.018854	0.002814	0.009925	0.005415	0.011351	0.011751	0.014075	0.004918	0.001998	0.008197	0.022133	0.023704	0.006168	0.022710
eod0-0	0.323232	0.337979	0.319218	0.283828	0.360656	0.325806	0.292593	0.308917	0.331169	0.333333	0.327526	0.307190	0.335640	0.302251	0.344710	0.302013	0.312500	0.307432	0.320285	0.326733
eod0-1	0.295775	0.322034	0.322068	0.280303	0.291498	0.315682	0.319149	0.300797	0.300000	0.308300	0.283203	0.314066	0.303940	0.295938	0.329243	0.275049	0.344383	0.340081	0.297030	0.358925
eod0	0.027458	0.015945	0.002849	0.003525	0.069158	0.010124	0.026556	0.008120	0.031169	0.025033	0.044323	0.006876	0.031700	0.006313	0.015467	0.026964	0.031883	0.032649	0.023255	0.032192
spd1-0	0.069680	0.069738	0.078125	0.066167	0.066369	0.065397	0.077548	0.069136	0.066336	0.071429	0.073141	0.066163	0.074796	0.064615	0.069444	0.065056	0.076005	0.079046	0.061224	0.087850
spd1-1	0.075412	0.083996	0.081931	0.073721	0.082652	0.084751	0.078413	0.086609	0.082908	0.085254	0.072389	0.081910	0.081381	0.080986	0.083412	0.071770	0.089009	0.083360	0.083972	0.090967
spd1	0.005732	0.014258	0.003806	0.007554	0.016284	0.019354	0.000864	0.017473	0.016572	0.013826	0.000751	0.015748	0.006585	0.016371	0.013968	0.006715	0.013004	0.004313	0.022747	0.003116
aod1-0	0.344361	0.353547	0.373320	0.306519	0.321492	0.322435	0.389498	0.321355	0.322053	0.319303	0.357832	0.347169	0.353768	0.310982	0.359857	0.318342	0.348542	0.393673	0.294440	0.415088
aod1-1	0.327989	0.355687	0.343390	0.308139	0.356603	0.358718	0.323625	0.344593	0.343937	0.360845	0.312254	0.336018	0.341058	0.333716	0.365020	0.307012	0.369946	0.347917	0.352853	0.370056
aod1	0.008186	0.001070	0.014965	0.000810	0.017556	0.018141	0.032937	0.011619	0.010942	0.020771	0.022789	0.005576	0.006355	0.011367	0.002582	0.005665	0.010702	0.022878	0.029207	0.022516
eod1-0	0.315789	0.325991	0.336364	0.275862	0.293860	0.293023	0.356164	0.286996	0.295833	0.282511	0.327660	0.320930	0.322034	0.286290	0.334802	0.292887	0.317269	0.358140	0.265766	0.374449
eod1-1	0.302120	0.328257	0.315254	0.283806	0.327496	0.329352	0.292254	0.310287	0.317434	0.331046	0.287234	0.308197	0.312287	0.303448	0.335135	0.281690	0.339465	0.316522	0.320922	0.336683
eod1	0.013669	0.002266	0.021109	0.007944	0.033636	0.036328	0.063911	0.023291	0.021601	0.048535	0.040426	0.012734	0.009747	0.017158	0.000333	0.011197	0.022196	0.041618	0.055156	0.037766
wcspd-00	0.040053	0.053262	0.049803	0.045082	0.054622	0.046008	0.052113	0.057743	0.042177	0.049248	0.044156	0.039894	0.058108	0.041223	0.042553	0.041265	0.044818	0.066578	0.049934	0.070248
wcspd-01	0.066186	0.059058	0.067655	0.060505	0.079974	0.071383	0.060976	0.070441	0.073705	0.073265	0.061130	0.066932	0.072090	0.069178	0.073109	0.065174	0.072799	0.059624	0.067408	0.069472
wcspd-10	0.095972	0.084211	0.103943	0.083908	0.076202	0.082536	0.097863	0.079254	0.086560	0.090482	0.099183	0.089820	0.089307	0.084765	0.093750	0.084555	0.101367	0.090154	0.071262	0.102389
wcspd-11	0.084049	0.106968	0.095805	0.085819	0.085238	0.097591	0.095477	0.101863	0.091411	0.096834	0.082870	0.095584	0.089915	0.091346	0.093593	0.077970	0.103888	0.106079	0.099751	0.110504
wcspd	0.055918	0.053706	0.054139	0.040737	0.030616	0.051583	0.045750	0.044121	0.049234	0.047587	0.055027	0.055690	0.031807	0.050123	0.051197	0.043289	0.059070	0.046455	0.049816	0.041032
wcaod-00	0.267725	0.361117	0.324558	0.256667	0.311909	0.297750	0.354063	0.347419	0.258799	0.279985	0.360116	0.326572	0.298849	0.254282	0.287969	0.301762	0.244327	0.380835	0.301133	0.410522
wcaod-01	0.364345	0.351165	0.346789	0.318882	0.412308	0.362319	0.308983	0.332715	0.384372	0.378659	0.338760	0.327487	0.392439	0.352819	0.394974	0.330208	0.368534	0.313636	0.362285	0.336485
wcaod-10	0.385398	0.352928	0.404466	0.334536	0.325883	0.337602	0.406760	0.309505	0.356454	0.338950	0.366569	0.363626	0.387832	0.349837	0.398414	0.331771	0.398709	0.403018	0.292668	0.419973
wcaod-11	0.306862	0.364462	0.343638	0.304167	0.319510	0.358631	0.334546	0.354689	0.321413	0.351305	0.298810	0.343514	0.315133	0.324615	0.347532	0.292668	0.373006	0.372292	0.350532	0.393068
wcaod	0.058836	0.006649	0.039954	0.038935	0.050200	0.032284	0.048889	0.022592	0.062786	0.049337	0.033879	0.018527	0.046795	0.049269	0.055222	0.019552	0.077191	0.044691	0.034808	0.041744
wceod-00	0.250000	0.341772	0.301370	0.233766	0.283784	0.275362	0.327869	0.320988	0.240506	0.250000	0.347222	0.313433	0.269663	0.242105	0.270270	0.289474	0.220779	0.349398	0.276316	0.376623
wceod-01	0.346667	0.336538	0.324786	0.300885	0.385281	0.340249	0.282297	0.304721	0.362445	0.355932	0.320930	0.305439	0.365000	0.328704	0.369863	0.306306	0.343612	0.291080	0.336585	0.309735
wceod-10	0.346154	0.317568	0.353741	0.296774	0.298701	0.301370	0.367089	0.267606	0.322981	0.295597	0.319018	0.324324	0.353741	0.313725	0.366013	0.294479	0.360465	0.363636	0.260274	0.373333
wceod-11	0.272727	0.323760	0.308989	0.273458	0.288235	0.321739	0.298050	0.313889	0.290237	0.314121	0.266476	0.309973	0.284974	0.288462	0.312500	0.265896	0.336927	0.331492	0.311978	0.353100
wceod	0.096667	0.024205	0.052372	0.067119	0.101498	0.064887	0.084792	0.053382	0.121939	0.105932	0.080747	0.018885	0.095337	0.086598	0.099593	0.040410	0.139686	0.072557	0.076311	0.066889
