accuracy	0.857325	0.826919	0.853923	0.860940	0.857112	0.852222	0.857325	0.823304	0.849670	0.856475	0.863917	0.848607	0.856262	0.852860	0.846906	0.873060	0.853498	0.860089	0.849245	0.858601
recall	0.665619	0.500000	0.662165	0.648224	0.679927	0.699637	0.663825	0.500000	0.645524	0.693114	0.669232	0.626488	0.678649	0.700092	0.674025	0.689489	0.685212	0.629445	0.637844	0.667702
precision	0.754710	0.413459	0.763271	0.769088	0.757049	0.737680	0.759054	0.411652	0.737180	0.751174	0.759832	0.750025	0.746107	0.743762	0.742794	0.773637	0.753545	0.761368	0.745145	0.752689
f1score	0.693980	0.452630	0.691999	0.680340	0.706501	0.715543	0.693162	0.451545	0.672302	0.715260	0.698614	0.654526	0.702892	0.717890	0.697891	0.719059	0.709699	0.660227	0.665888	0.695498
mcc	0.410778	0.000000	0.413248	0.399427	0.430116	0.435659	0.412016	0.000000	0.371566	0.440478	0.419390	0.355670	0.419365	0.441701	0.411107	0.455417	0.433403	0.367873	0.367651	0.411711
spd0-0	0.080491	0.000000	0.084083	0.072534	0.085584	0.103825	0.079749	0.000000	0.079008	0.090131	0.073149	0.052818	0.094160	0.102359	0.096527	0.076156	0.103050	0.057195	0.067890	0.081642
spd0-1	0.119409	0.000000	0.112545	0.092547	0.135028	0.166334	0.116147	0.000000	0.109264	0.155395	0.120276	0.101633	0.131917	0.166124	0.139582	0.125350	0.135093	0.085200	0.104637	0.121461
spd0	0.038918	0.000000	0.028463	0.020013	0.049444	0.062509	0.036398	0.000000	0.030256	0.065264	0.047127	0.048814	0.037756	0.063765	0.043055	0.049194	0.032043	0.028005	0.036747	0.039819
aod0-0	0.431141	0.000000	0.411067	0.364517	0.426168	0.515851	0.392217	0.000000	0.397627	0.450637	0.398015	0.280061	0.467770	0.486055	0.459489	0.460032	0.487783	0.305770	0.332909	0.449089
aod0-1	0.421743	0.000000	0.406521	0.363157	0.482842	0.557410	0.427097	0.000000	0.378710	0.536024	0.443037	0.350157	0.467983	0.567957	0.467503	0.470505	0.477461	0.328148	0.370505	0.422713
aod0	0.004699	0.000000	0.002273	0.000680	0.028337	0.020780	0.017440	0.000000	0.009459	0.042694	0.022511	0.035048	0.000106	0.040951	0.004007	0.005236	0.005161	0.011189	0.018798	0.013188
eod0-0	0.394834	0.000000	0.367857	0.328622	0.385159	0.463768	0.351254	0.000000	0.359712	0.404412	0.363636	0.256228	0.419708	0.435644	0.409722	0.425532	0.432727	0.277992	0.297794	0.410646
eod0-1	0.367308	0.000000	0.365631	0.331313	0.423664	0.471264	0.381503	0.000000	0.324952	0.465291	0.391129	0.304348	0.407407	0.485265	0.402904	0.419802	0.422101	0.295181	0.325234	0.367505
eod0	0.027526	0.000000	0.002226	0.002691	0.038505	0.007496	0.030248	0.000000	0.034761	0.060879	0.027493	0.048120	0.012301	0.049622	0.006818	0.005730	0.010626	0.017188	0.027440	0.043142
spd1-0	0.081855	0.000000	0.080189	0.061761	0.091087	0.095788	0.080081	0.000000	0.066532	0.090969	0.076873	0.049598	0.077441	0.095111	0.080243	0.064935	0.099730	0.048748	0.070059	0.074949
spd1-1	0.109978	0.000000	0.107797	0.093052	0.122236	0.155989	0.107554	0.000000	0.108554	0.140615	0.107828	0.091560	0.131137	0.154517	0.137267	0.120455	0.129854	0.083203	0.095925	0.114836
spd1	0.028123	0.000000	0.027609	0.031292	0.031150	0.060201	0.027473	0.000000	0.042021	0.049646	0.030955	0.041962	0.053696	0.059407	0.057024	0.055520	0.030124	0.034454	0.025865	0.039886
aod1-0	0.378647	0.000000	0.404389	0.307373	0.435947	0.488085	0.412670	0.000000	0.321790	0.445036	0.385388	0.265561	0.402564	0.441017	0.366555	0.365714	0.490610	0.287943	0.319669	0.411599
aod1-1	0.438044	0.000000	0.410487	0.384836	0.468104	0.559000	0.415854	0.000000	0.403899	0.524030	0.440394	0.342621	0.490413	0.565816	0.494177	0.498939	0.479418	0.332051	0.369667	0.436203
aod1	0.029698	0.000000	0.003049	0.038731	0.016079	0.035458	0.001592	0.000000	0.041054	0.039497	0.027503	0.038530	0.043924	0.062399	0.063811	0.066613	0.005596	0.022054	0.024999	0.012302
eod1-0	0.338235	0.000000	0.366492	0.278607	0.386243	0.447236	0.375661	0.000000	0.286486	0.398964	0.351220	0.244792	0.369231	0.390863	0.323077	0.337017	0.446078	0.269231	0.283654	0.377143
eod1-1	0.390119	0.000000	0.366352	0.348354	0.417476	0.475793	0.369458	0.000000	0.352459	0.459150	0.392793	0.300971	0.425676	0.491057	0.430124	0.449016	0.418941	0.295652	0.327212	0.383471
eod1	0.051884	0.000000	0.000140	0.069747	0.031232	0.028557	0.006203	0.000000	0.065973	0.060187	0.041573	0.056179	0.056445	0.100194	0.107047	0.112000	0.027138	0.026421	0.043558	0.006328
wcspd-00	0.059249	0.000000	0.066667	0.051502	0.068713	0.069733	0.073463	0.000000	0.055641	0.065826	0.049062	0.027221	0.054978	0.073381	0.058993	0.050633	0.083841	0.033566	0.051622	0.053085
wcspd-01	0.090246	0.000000	0.092166	0.081946	0.093271	0.118922	0.082428	0.000000	0.088889	0.101661	0.083925	0.064309	0.111328	0.115335	0.113666	0.088294	0.111406	0.068548	0.075233	0.094328
wcspd-10	0.102067	0.000000	0.092426	0.070474	0.109027	0.117794	0.085470	0.000000	0.074911	0.113325	0.100121	0.069270	0.096059	0.114035	0.098985	0.077201	0.112319	0.062267	0.085030	0.094388
wcspd-11	0.127168	0.000000	0.121765	0.103768	0.148348	0.188999	0.131356	0.000000	0.126409	0.175491	0.130515	0.117150	0.149227	0.191194	0.158422	0.149281	0.146113	0.096052	0.114336	0.134301
wcspd	0.067919	0.000000	0.055098	0.052266	0.079635	0.119266	0.057893	0.000000	0.070768	0.109664	0.081453	0.089929	0.094249	0.117813	0.099429	0.098648	0.062272	0.062485	0.062714	0.081217
wcaod-00	0.312415	0.000000	0.348846	0.293385	0.424074	0.475722	0.422565	0.000000	0.338549	0.428019	0.376863	0.237357	0.395024	0.413523	0.350565	0.400750	0.471651	0.224387	0.288075	0.403756
wcaod-01	0.476914	0.000000	0.434046	0.392487	0.427584	0.532477	0.382486	0.000000	0.418873	0.460668	0.407254	0.295097	0.495754	0.510564	0.501780	0.481649	0.494800	0.336034	0.351041	0.463198
wcaod-10	0.420155	0.000000	0.439474	0.317410	0.446433	0.500046	0.406891	0.000000	0.313642	0.460472	0.396936	0.285091	0.411727	0.460921	0.381735	0.352484	0.501959	0.326150	0.340974	0.419345
wcaod-11	0.423235	0.000000	0.398334	0.378049	0.494128	0.582098	0.435319	0.000000	0.400032	0.561492	0.461701	0.374072	0.489142	0.607212	0.492136	0.511978	0.471548	0.331241	0.380124	0.426560
wcaod	0.082250	0.000000	0.045314	0.049551	0.035027	0.053188	0.026417	0.000000	0.052615	0.066737	0.042419	0.068357	0.050365	0.096845	0.075608	0.079747	0.015205	0.055823	0.046024	0.029721
wceod-00	0.280000	0.000000	0.310811	0.269231	0.387097	0.449275	0.385714	0.000000	0.314286	0.397059	0.359375	0.229508	0.376812	0.375000	0.324675	0.379310	0.430556	0.208955	0.263158	0.377358
wceod-01	0.438776	0.000000	0.388350	0.351220	0.384615	0.468599	0.339713	0.000000	0.375000	0.406863	0.365000	0.263636	0.434146	0.454545	0.440758	0.440678	0.433498	0.302083	0.311224	0.419048
wceod-10	0.372093	0.000000	0.401709	0.284553	0.385827	0.446154	0.369748	0.000000	0.269565	0.400000	0.347518	0.251908	0.365079	0.400000	0.322034	0.317073	0.454545	0.304348	0.295455	0.377049
wceod-11	0.365729	0.000000	0.355814	0.346774	0.435768	0.479592	0.385000	0.000000	0.340796	0.485294	0.408451	0.321608	0.421189	0.513021	0.424942	0.452880	0.411905	0.292428	0.334988	0.364557
wceod	0.158776	0.000000	0.090899	0.081989	0.051153	0.033438	0.046001	0.000000	0.105435	0.088235	0.060933	0.092100	0.069067	0.138021	0.118724	0.135806	0.042641	0.095393	0.071830	0.054491
