accuracy	0.680370	0.686836	0.690069	0.673903	0.671594	0.678522	0.671132	0.690531	0.668822	0.669746	0.678522	0.680370	0.684065	0.675751	0.683603	0.674365	0.686374	0.699769	0.684065	0.659584
recall	0.668163	0.678291	0.687522	0.665148	0.671158	0.673347	0.658044	0.682039	0.666255	0.663153	0.666471	0.674305	0.682560	0.673003	0.681212	0.666668	0.682252	0.691528	0.671412	0.655914
precision	0.684499	0.687117	0.687296	0.672643	0.668179	0.674447	0.670616	0.688753	0.665519	0.663619	0.677264	0.677094	0.682741	0.671798	0.680815	0.673292	0.684842	0.696186	0.684903	0.655762
f1score	0.667307	0.678773	0.687402	0.665607	0.668353	0.673781	0.658079	0.683032	0.665796	0.663368	0.667101	0.675050	0.682641	0.672210	0.680988	0.667092	0.682794	0.692760	0.671771	0.655834
mcc	0.352283	0.365301	0.374818	0.337708	0.339324	0.347792	0.328420	0.370731	0.331773	0.326772	0.343566	0.351388	0.365301	0.344798	0.362026	0.339895	0.367084	0.387686	0.356059	0.311675
spd0-0	0.627854	0.600575	0.528637	0.586819	0.504657	0.532147	0.620790	0.576726	0.512293	0.544934	0.600000	0.537415	0.522241	0.515169	0.516445	0.582235	0.538157	0.566667	0.611175	0.503729
spd0-1	0.767554	0.680000	0.610979	0.721429	0.615213	0.709220	0.735892	0.728155	0.665865	0.681818	0.761798	0.763092	0.587558	0.651885	0.645833	0.704762	0.709596	0.710588	0.773893	0.746445
spd0	0.139701	0.079425	0.082342	0.134609	0.110556	0.177073	0.115102	0.151430	0.153573	0.136884	0.161798	0.225677	0.065316	0.136716	0.129388	0.122527	0.171439	0.143922	0.162718	0.242716
aod0-0	1.238969	1.190912	1.043988	1.162161	0.974516	1.040999	1.226367	1.133627	1.003998	1.065988	1.183657	1.054297	1.044268	1.007237	1.011308	1.147877	1.062231	1.107402	1.201792	0.989226
aod0-1	1.465641	1.235110	1.095460	1.336552	1.126703	1.328864	1.370692	1.361628	1.252410	1.246137	1.428530	1.451176	1.070882	1.193122	1.200068	1.347115	1.342774	1.319394	1.476419	1.400294
aod0	0.113336	0.022099	0.025736	0.087195	0.076094	0.143932	0.072162	0.114001	0.124206	0.090074	0.122437	0.198439	0.013307	0.092942	0.094380	0.099619	0.140271	0.105996	0.137314	0.205534
eod0-0	0.789989	0.766741	0.709071	0.740044	0.653319	0.689581	0.765487	0.745946	0.670259	0.692226	0.755260	0.701285	0.707852	0.671397	0.680435	0.744262	0.711643	0.744887	0.775843	0.640389
eod0-1	0.872093	0.820144	0.730496	0.840000	0.743056	0.832090	0.851211	0.854962	0.759259	0.780488	0.866438	0.866142	0.701754	0.771044	0.794007	0.810078	0.839506	0.832727	0.871324	0.860294
eod0	0.082104	0.053403	0.021426	0.099956	0.089736	0.142508	0.085724	0.109016	0.089001	0.088262	0.111178	0.164857	0.006098	0.099646	0.113573	0.065815	0.127863	0.087840	0.095480	0.219905
spd1-0	0.630694	0.596059	0.507597	0.587651	0.483416	0.540254	0.624912	0.552743	0.515834	0.538194	0.594406	0.523639	0.507493	0.506294	0.518098	0.585674	0.525694	0.558222	0.620377	0.530856
spd1-1	0.700542	0.654570	0.619247	0.660053	0.610963	0.616822	0.680851	0.706595	0.591398	0.637241	0.708844	0.680104	0.593974	0.616327	0.587302	0.645074	0.656552	0.664439	0.688525	0.589986
spd1	0.069848	0.058511	0.111650	0.072402	0.127547	0.076568	0.055940	0.153852	0.075564	0.099047	0.114438	0.156465	0.086481	0.110033	0.069204	0.059400	0.130857	0.106217	0.068148	0.059131
aod1-0	1.254899	1.186782	0.994285	1.166046	0.941777	1.066040	1.234923	1.098157	1.011040	1.058958	1.172708	1.042926	1.019667	0.993540	1.023612	1.167238	1.045585	1.088234	1.224170	1.046761
aod1-1	1.322840	1.234815	1.185101	1.250999	1.133403	1.158378	1.304163	1.337131	1.119954	1.183573	1.353306	1.276796	1.118176	1.157352	1.099557	1.214747	1.254692	1.261469	1.310181	1.121019
aod1	0.033970	0.024016	0.095408	0.042477	0.095813	0.046169	0.034620	0.119487	0.054457	0.062308	0.090299	0.116935	0.049255	0.081906	0.037973	0.023754	0.104553	0.086617	0.043005	0.037129
eod1-0	0.787088	0.773925	0.701708	0.742069	0.639947	0.709634	0.784553	0.735172	0.670199	0.690382	0.755674	0.690240	0.700690	0.675963	0.692730	0.746186	0.712722	0.738158	0.784288	0.689933
eod1-1	0.841871	0.788079	0.736471	0.797357	0.728992	0.740260	0.789011	0.824675	0.724605	0.749465	0.827354	0.804574	0.715962	0.728261	0.727074	0.778761	0.781903	0.810811	0.820455	0.690949
eod1	0.054783	0.014154	0.034762	0.055288	0.089044	0.030626	0.004458	0.089503	0.054406	0.059083	0.071680	0.114333	0.015273	0.052298	0.034344	0.032575	0.069180	0.072653	0.036167	0.001016
wcspd-00	0.598465	0.578947	0.489487	0.560034	0.461207	0.511149	0.596690	0.530201	0.483761	0.505863	0.561538	0.481034	0.491694	0.480720	0.495690	0.566296	0.496253	0.524761	0.582906	0.482642
wcspd-01	0.687392	0.645907	0.612208	0.640760	0.594982	0.574653	0.668990	0.675579	0.569948	0.629295	0.681818	0.645695	0.592030	0.588665	0.558464	0.614583	0.626761	0.648557	0.669611	0.548043
wcspd-10	0.779528	0.679012	0.590734	0.720165	0.583658	0.676000	0.747170	0.669565	0.665339	0.695122	0.742308	0.733051	0.579545	0.619772	0.622490	0.674510	0.673640	0.703008	0.787072	0.763265
wcspd-11	0.748428	0.681319	0.643750	0.723164	0.657895	0.757225	0.719101	0.802198	0.666667	0.662791	0.789189	0.806061	0.600000	0.696809	0.677596	0.751515	0.764331	0.723270	0.753012	0.723164
wcspd	0.181062	0.102371	0.154263	0.163130	0.196688	0.246076	0.150480	0.271996	0.182906	0.189259	0.227651	0.325026	0.108306	0.216089	0.181906	0.185219	0.268078	0.198509	0.204166	0.280623
wcaod-00	1.205002	1.175121	0.982010	1.128403	0.913973	1.024630	1.198455	1.070002	0.966387	1.010704	1.127063	0.968499	1.013167	0.962889	0.994292	1.143797	1.002201	1.041257	1.164598	0.965023
wcaod-01	1.304109	1.229562	1.186483	1.226696	1.106098	1.076705	1.292010	1.276852	1.080694	1.184866	1.311111	1.223041	1.129493	1.108406	1.042067	1.154083	1.200215	1.239003	1.282849	1.048642
wcaod-10	1.508242	1.228299	1.043660	1.341325	1.062492	1.255779	1.393880	1.232454	1.250072	1.289244	1.392667	1.422212	1.066646	1.113276	1.139576	1.294483	1.270585	1.299480	1.518416	1.434565
wcaod-11	1.391125	1.244444	1.190108	1.329487	1.213356	1.435065	1.336207	1.528205	1.260504	1.184602	1.478951	1.488388	1.077267	1.307810	1.282174	1.428105	1.453265	1.352809	1.404853	1.355932
wcaod	0.151620	0.034662	0.104049	0.106461	0.149691	0.205218	0.097713	0.229101	0.147058	0.139270	0.175944	0.259945	0.058163	0.172460	0.143941	0.142154	0.225532	0.155776	0.176909	0.234771
wceod-00	0.765734	0.762500	0.691525	0.716049	0.620168	0.682211	0.761062	0.713793	0.649063	0.657763	0.730104	0.653779	0.701439	0.650602	0.666087	0.739823	0.688889	0.710884	0.759796	0.636210
wceod-01	0.829971	0.773810	0.742038	0.780415	0.709040	0.701705	0.772861	0.800000	0.706745	0.752941	0.800000	0.775342	0.719355	0.707463	0.704348	0.751429	0.751497	0.803519	0.804217	0.647761
wceod-10	0.865385	0.813665	0.736842	0.835443	0.710843	0.810127	0.861272	0.820690	0.744048	0.812500	0.842105	0.840580	0.698225	0.761628	0.792208	0.769231	0.808219	0.831395	0.871951	0.896104
wceod-11	0.882353	0.829060	0.720721	0.846154	0.786885	0.863636	0.836207	0.897436	0.784314	0.740157	0.900826	0.896552	0.706897	0.784000	0.796460	0.872549	0.886598	0.834951	0.870370	0.813559
wceod	0.116619	0.066560	0.050513	0.130104	0.166717	0.181426	0.100210	0.183643	0.135251	0.154737	0.170723	0.242773	0.021130	0.133398	0.130373	0.132726	0.197709	0.124067	0.112156	0.259894
