accuracy	0.806111	0.796111	0.798778	0.808222	0.791444	0.792333	0.795444	0.800000	0.797222	0.801000	0.797000	0.795111	0.793889	0.796111	0.792333	0.797333	0.797222	0.803333	0.789667	0.806556
recall	0.565584	0.559821	0.563826	0.565668	0.554833	0.556692	0.563763	0.568873	0.561788	0.568847	0.562121	0.564562	0.554387	0.558167	0.562780	0.561428	0.559183	0.569401	0.562550	0.569988
precision	0.789567	0.760265	0.770171	0.783963	0.757766	0.768545	0.769146	0.755918	0.771390	0.761709	0.782152	0.767009	0.760717	0.759180	0.782773	0.766380	0.777683	0.782712	0.767084	0.773473
f1score	0.564917	0.554646	0.561098	0.565942	0.545427	0.548009	0.560085	0.570033	0.557389	0.569926	0.557221	0.561360	0.545231	0.552082	0.556797	0.557158	0.552910	0.570268	0.556610	0.572559
mcc	0.275616	0.249555	0.262633	0.273110	0.237773	0.246774	0.262004	0.265524	0.258988	0.268461	0.264784	0.262592	0.238156	0.245566	0.266477	0.255837	0.256392	0.280147	0.258505	0.276694
spd0-0	0.034913	0.038447	0.040560	0.038074	0.034579	0.031546	0.038925	0.044987	0.037889	0.041581	0.036629	0.040721	0.031552	0.036428	0.037627	0.037729	0.035609	0.039284	0.039934	0.040236
spd0-1	0.047811	0.046016	0.045582	0.043822	0.044739	0.048740	0.049887	0.054024	0.046029	0.055815	0.044670	0.049420	0.046512	0.046214	0.046047	0.047314	0.042458	0.051146	0.049139	0.052764
spd0	0.012898	0.007568	0.005021	0.005748	0.010160	0.017194	0.010961	0.009036	0.008140	0.014234	0.008041	0.008699	0.014960	0.009786	0.008420	0.009585	0.006849	0.011861	0.009205	0.012528
aod0-0	0.138125	0.148377	0.160661	0.162022	0.129157	0.122746	0.155525	0.177619	0.143608	0.164548	0.140494	0.154471	0.121957	0.138846	0.144685	0.152130	0.142408	0.155698	0.150947	0.162141
aod0-1	0.178057	0.151084	0.150895	0.149430	0.149289	0.160213	0.158977	0.170868	0.160435	0.182366	0.158385	0.165883	0.153195	0.154503	0.156906	0.151633	0.142774	0.180198	0.159548	0.181708
aod0	0.019966	0.001353	0.004883	0.006296	0.010066	0.018734	0.001726	0.003375	0.008414	0.008909	0.008946	0.005706	0.015619	0.007828	0.006110	0.000248	0.000183	0.012250	0.004300	0.009784
eod0-0	0.127400	0.134942	0.148768	0.151769	0.117747	0.112875	0.145314	0.163717	0.130548	0.151842	0.128634	0.140992	0.111408	0.125998	0.134012	0.141187	0.131720	0.144483	0.139188	0.149864
eod0-1	0.164987	0.133939	0.132867	0.133492	0.131548	0.142857	0.137572	0.145711	0.146028	0.158565	0.146093	0.148358	0.135593	0.137255	0.142536	0.132054	0.128668	0.163070	0.140411	0.162065
eod0	0.037588	0.001003	0.015900	0.018277	0.013801	0.029982	0.007742	0.018006	0.015480	0.006723	0.017459	0.007366	0.024185	0.011257	0.008525	0.009133	0.003052	0.018586	0.001223	0.012201
spd1-0	0.039149	0.039863	0.041560	0.040034	0.038584	0.038410	0.042899	0.048284	0.040769	0.047163	0.039556	0.042198	0.038086	0.039335	0.041270	0.040697	0.037344	0.043521	0.043526	0.044778
spd1-1	0.047215	0.057178	0.052503	0.043269	0.039506	0.038778	0.046455	0.051190	0.044471	0.049202	0.043263	0.063679	0.032178	0.050369	0.038272	0.050441	0.048387	0.049096	0.043860	0.049751
spd1	0.008067	0.017315	0.010943	0.003235	0.000923	0.000368	0.003556	0.002906	0.003702	0.002039	0.003708	0.021481	0.005908	0.011033	0.002998	0.009744	0.011043	0.005575	0.000334	0.004973
aod1-0	0.156798	0.145720	0.154894	0.157442	0.140975	0.141754	0.159164	0.175319	0.151386	0.176190	0.150799	0.153435	0.141260	0.145872	0.154375	0.150493	0.142443	0.167629	0.156515	0.172044
aod1-1	0.138196	0.179109	0.167352	0.145419	0.111752	0.117983	0.136883	0.164779	0.144749	0.137774	0.129769	0.208708	0.090079	0.144493	0.112404	0.158782	0.143988	0.151340	0.135607	0.156513
aod1	0.009301	0.016694	0.006229	0.006012	0.014611	0.011885	0.011141	0.005270	0.003318	0.019208	0.010515	0.027637	0.025591	0.000690	0.020985	0.004145	0.000772	0.008145	0.010454	0.007766
eod1-0	0.146257	0.131194	0.140845	0.144635	0.127364	0.128707	0.144774	0.157600	0.137465	0.159683	0.138936	0.138920	0.128162	0.132011	0.142703	0.136185	0.131358	0.153890	0.141703	0.157068
eod1-1	0.115207	0.160714	0.150685	0.137168	0.094421	0.108000	0.121339	0.141414	0.134783	0.113744	0.115880	0.188073	0.074561	0.122271	0.095455	0.144796	0.122066	0.140351	0.123348	0.139535
eod1	0.031049	0.029521	0.009840	0.007467	0.032943	0.020707	0.023435	0.016185	0.002682	0.045939	0.023056	0.049154	0.053600	0.009741	0.047248	0.008612	0.009293	0.013539	0.018355	0.017533
wcspd-00	0.033971	0.036739	0.039130	0.037790	0.035476	0.031935	0.038895	0.043829	0.037505	0.040829	0.036253	0.037558	0.031789	0.035514	0.038014	0.036862	0.034689	0.038525	0.040106	0.040833
wcspd-01	0.042484	0.052453	0.052189	0.040404	0.027257	0.028428	0.039182	0.054187	0.040917	0.048327	0.039724	0.065359	0.029565	0.043845	0.034423	0.045372	0.043328	0.046125	0.038462	0.035149
wcspd-10	0.046961	0.044404	0.045061	0.043346	0.042966	0.047647	0.048832	0.054770	0.045482	0.056091	0.044165	0.048730	0.047055	0.044794	0.045912	0.046255	0.041182	0.050807	0.048567	0.050493
wcspd-11	0.060748	0.069264	0.053333	0.050420	0.071749	0.063241	0.064935	0.043290	0.054299	0.051402	0.052174	0.059322	0.038627	0.067873	0.048035	0.061983	0.061135	0.056034	0.057522	0.085106
wcspd	0.026777	0.032525	0.014203	0.012630	0.044492	0.034813	0.026040	0.011480	0.016793	0.015262	0.015921	0.027802	0.017490	0.032359	0.013612	0.025122	0.026446	0.017510	0.019061	0.049957
wcaod-00	0.140840	0.146339	0.158359	0.164335	0.139435	0.127851	0.162690	0.176796	0.146409	0.167459	0.144792	0.143746	0.126786	0.141994	0.151628	0.152763	0.142890	0.156910	0.155137	0.169086
wcaod-01	0.123199	0.162311	0.176804	0.146840	0.070001	0.091777	0.115555	0.184488	0.127286	0.147155	0.116125	0.227492	0.091263	0.123095	0.100303	0.148431	0.140567	0.147538	0.122351	0.116906
wcaod-10	0.178857	0.145610	0.151196	0.149774	0.143458	0.159132	0.156225	0.174785	0.157797	0.187875	0.158153	0.165756	0.159441	0.151186	0.158185	0.149003	0.142308	0.182085	0.158983	0.176362
wcaod-11	0.171785	0.221089	0.147926	0.142172	0.221993	0.170798	0.193327	0.116455	0.190476	0.118125	0.159107	0.168880	0.090576	0.193650	0.141370	0.180019	0.153880	0.159406	0.163757	0.247624
wcaod	0.027829	0.037740	0.014439	0.011082	0.075996	0.039511	0.038886	0.034017	0.031595	0.034875	0.021491	0.041873	0.034432	0.035278	0.028941	0.015794	0.006656	0.017274	0.020703	0.065359
wceod-00	0.131658	0.133472	0.146910	0.153929	0.128614	0.117647	0.152679	0.163802	0.133401	0.155280	0.133470	0.131000	0.116375	0.130300	0.141602	0.141969	0.133060	0.145602	0.143400	0.156513
wceod-01	0.099338	0.143750	0.161074	0.137931	0.053254	0.084848	0.103448	0.163121	0.113772	0.129252	0.099379	0.208054	0.079470	0.100000	0.083871	0.136054	0.122302	0.137255	0.110390	0.107383
wceod-10	0.166209	0.128519	0.133249	0.133245	0.125786	0.141809	0.135000	0.149874	0.142497	0.165000	0.145499	0.148649	0.142327	0.134085	0.144068	0.129310	0.129310	0.164690	0.139477	0.157757
wceod-11	0.151515	0.203125	0.128571	0.135802	0.203125	0.152941	0.169231	0.087719	0.190476	0.078125	0.152778	0.144928	0.064935	0.173913	0.123077	0.162162	0.121622	0.146667	0.150685	0.212121
wceod	0.066871	0.074606	0.032502	0.020684	0.149871	0.068093	0.065782	0.076083	0.076704	0.086875	0.053399	0.077054	0.077392	0.073913	0.060197	0.032852	0.011439	0.027435	0.040295	0.104739
