accuracy	0.817444	0.829796	0.829113	0.828636	0.831980	0.838054	0.819559	0.829455	0.821061	0.829728	0.826861	0.827885	0.825428	0.827817	0.829182	0.823654	0.829182	0.826452	0.822289	0.828568
recall	0.735651	0.715048	0.705035	0.703194	0.707962	0.716072	0.743786	0.726782	0.667494	0.689997	0.684373	0.713743	0.723452	0.718166	0.724791	0.733377	0.693742	0.716898	0.722007	0.689680
precision	0.746783	0.779830	0.790298	0.784661	0.789547	0.801840	0.753555	0.777849	0.812551	0.796306	0.800940	0.769447	0.765923	0.772105	0.775012	0.759335	0.800125	0.775401	0.761348	0.797525
f1score	0.740853	0.737424	0.731015	0.728532	0.733725	0.743249	0.748392	0.745856	0.696059	0.718609	0.713303	0.733943	0.740008	0.737916	0.743649	0.744523	0.722321	0.737620	0.737525	0.718246
mcc	0.482305	0.490620	0.487940	0.481005	0.490774	0.510761	0.497245	0.502040	0.457605	0.474542	0.471106	0.479969	0.487529	0.487294	0.497274	0.492028	0.482273	0.488811	0.481752	0.475119
spd0-0	0.079212	0.040630	0.050759	0.032291	0.051044	0.043009	0.107699	0.062410	0.038033	0.043146	0.050165	0.060116	0.058482	0.059161	0.068196	0.104577	0.036367	0.064927	0.081628	0.044376
spd0-1	0.291207	0.230441	0.203433	0.213666	0.205013	0.207825	0.286150	0.243632	0.147766	0.179019	0.167805	0.226473	0.251653	0.235156	0.239406	0.254988	0.187615	0.230533	0.246800	0.178732
spd0	0.211995	0.189810	0.152674	0.181374	0.153970	0.164817	0.178451	0.181222	0.109733	0.135873	0.117640	0.166357	0.193171	0.175995	0.171211	0.150411	0.151248	0.165606	0.165171	0.134356
aod0-0	0.435758	0.272871	0.331551	0.235935	0.335910	0.294358	0.517064	0.378140	0.270761	0.301225	0.321166	0.342183	0.325804	0.339147	0.397358	0.534976	0.272989	0.368058	0.437747	0.303679
aod0-1	0.766058	0.636964	0.566097	0.593004	0.576415	0.591126	0.761654	0.660777	0.424794	0.512494	0.479891	0.630933	0.686010	0.643611	0.655057	0.690645	0.524922	0.630605	0.664746	0.508774
aod0	0.165150	0.182047	0.117273	0.178535	0.120253	0.148384	0.122295	0.141318	0.077016	0.105635	0.079363	0.144375	0.180103	0.152232	0.128849	0.077834	0.125966	0.131273	0.113499	0.102548
eod0-0	0.393346	0.260474	0.313093	0.228519	0.317580	0.279923	0.451796	0.350575	0.261510	0.289134	0.301708	0.313093	0.298182	0.309198	0.366483	0.473054	0.263566	0.338156	0.393939	0.290203
eod0-1	0.613528	0.538957	0.490099	0.505914	0.498313	0.517959	0.623416	0.557680	0.382736	0.448757	0.427197	0.532897	0.571235	0.543376	0.552791	0.575829	0.459459	0.534644	0.553028	0.446723
eod0	0.220182	0.278483	0.177006	0.277395	0.180733	0.238036	0.171620	0.207105	0.121226	0.159623	0.125490	0.219804	0.273053	0.234178	0.186308	0.102775	0.195894	0.196488	0.159088	0.156519
spd1-0	0.208394	0.125523	0.113571	0.125527	0.123209	0.133270	0.201709	0.130885	0.101302	0.107159	0.111475	0.131739	0.183388	0.183616	0.143262	0.177747	0.123069	0.159550	0.155039	0.130958
spd1-1	0.222734	0.175252	0.159920	0.158252	0.159328	0.157135	0.231787	0.192753	0.113911	0.138773	0.131890	0.178514	0.188889	0.175273	0.188946	0.210219	0.139735	0.178246	0.197712	0.134886
spd1	0.014341	0.049729	0.046350	0.032725	0.036119	0.023865	0.030078	0.061868	0.012609	0.031614	0.020415	0.046775	0.005501	0.008342	0.045683	0.032472	0.016665	0.018697	0.042674	0.003928
aod1-0	0.806980	0.567173	0.519435	0.536913	0.553458	0.614163	0.786386	0.575775	0.464578	0.515247	0.532877	0.588665	0.730184	0.718904	0.626589	0.729809	0.566385	0.656570	0.677093	0.568160
aod1-1	0.677736	0.560594	0.517905	0.516577	0.523451	0.524453	0.699070	0.605419	0.386002	0.462822	0.439401	0.569463	0.595236	0.564667	0.595956	0.647478	0.464678	0.564710	0.608955	0.453433
aod1	0.064622	0.003289	0.000765	0.010168	0.015003	0.044855	0.043658	0.014822	0.039288	0.026213	0.046738	0.009601	0.067474	0.077119	0.015316	0.041165	0.050853	0.045930	0.034069	0.057363
eod1-0	0.684543	0.510703	0.470032	0.475904	0.504399	0.557276	0.664516	0.522727	0.422840	0.469841	0.489231	0.521452	0.623824	0.611801	0.554487	0.634441	0.515528	0.572727	0.598684	0.508721
eod1-1	0.570472	0.493699	0.463272	0.461248	0.467322	0.475110	0.591234	0.527778	0.358772	0.419273	0.400373	0.496962	0.518717	0.498577	0.521061	0.553373	0.422553	0.497054	0.522565	0.413304
eod1	0.114071	0.017005	0.006760	0.014656	0.037076	0.082165	0.073282	0.005051	0.064068	0.050568	0.088858	0.024490	0.105108	0.113224	0.033426	0.081068	0.092975	0.075673	0.076120	0.095417
wcspd-00	0.038419	0.020704	0.026853	0.011482	0.029412	0.025559	0.061957	0.016094	0.017418	0.024641	0.029058	0.026767	0.037076	0.073684	0.037353	0.042373	0.020768	0.017970	0.037815	0.022412
wcspd-01	0.088592	0.045619	0.056502	0.037398	0.056108	0.047238	0.118492	0.073458	0.043352	0.047804	0.055642	0.068123	0.063693	0.055654	0.075520	0.119691	0.040215	0.076256	0.092226	0.049642
wcspd-10	0.341652	0.210970	0.183958	0.218352	0.196429	0.219201	0.310025	0.220638	0.175934	0.174643	0.183817	0.213511	0.298582	0.272572	0.227504	0.282324	0.211903	0.272574	0.255396	0.214052
wcspd-11	0.284405	0.233110	0.206001	0.213025	0.206182	0.206280	0.282873	0.246810	0.144254	0.179624	0.165706	0.228273	0.245134	0.230044	0.241038	0.251104	0.184511	0.224741	0.245695	0.173695
wcspd	0.303233	0.212406	0.179148	0.206869	0.176770	0.193642	0.248069	0.230716	0.158516	0.154983	0.154759	0.201507	0.261506	0.216918	0.203685	0.239951	0.191134	0.254603	0.217581	0.191640
wcaod-00	0.291249	0.209633	0.282323	0.135802	0.330111	0.267766	0.440522	0.188034	0.204819	0.267612	0.289660	0.266792	0.283928	0.413397	0.387688	0.409885	0.236160	0.170111	0.343311	0.274418
wcaod-01	0.455840	0.284106	0.340135	0.253943	0.337927	0.299201	0.530505	0.409970	0.283476	0.307467	0.327790	0.355162	0.333425	0.325526	0.400653	0.558681	0.278280	0.400619	0.455109	0.308630
wcaod-10	0.990373	0.712195	0.614294	0.704448	0.635990	0.741804	0.928987	0.707482	0.583206	0.619598	0.635555	0.714479	0.921041	0.840537	0.723324	0.862574	0.680253	0.846044	0.821856	0.672564
wcaod-11	0.740744	0.629526	0.560915	0.580643	0.569774	0.575162	0.742358	0.656096	0.408781	0.501540	0.464265	0.621949	0.659653	0.621442	0.647145	0.670413	0.508697	0.606455	0.649442	0.488999
wcaod	0.349562	0.251281	0.165985	0.284323	0.152940	0.237019	0.244232	0.259724	0.189193	0.175993	0.172947	0.223843	0.318557	0.257506	0.167818	0.226344	0.222046	0.337966	0.239273	0.199073
wceod-00	0.267857	0.205128	0.275362	0.135802	0.323077	0.260870	0.403226	0.185714	0.204819	0.263158	0.282051	0.257576	0.266667	0.362319	0.372881	0.393939	0.229508	0.164384	0.328571	0.269841
wceod-01	0.408791	0.269639	0.318777	0.244635	0.316810	0.282851	0.458244	0.376106	0.271739	0.293362	0.305122	0.321041	0.303158	0.300905	0.365702	0.485057	0.268132	0.364583	0.403930	0.292887
wceod-10	0.773946	0.606426	0.524194	0.585657	0.547101	0.637795	0.729839	0.606383	0.497925	0.535565	0.554656	0.594937	0.733607	0.679842	0.596838	0.694340	0.582375	0.688716	0.679487	0.562278
wceod-11	0.597911	0.532741	0.487060	0.498523	0.493304	0.506789	0.613818	0.552689	0.372923	0.441067	0.415824	0.527382	0.556583	0.530687	0.548695	0.564291	0.447890	0.520219	0.542287	0.434670
wceod	0.506089	0.401297	0.248831	0.449855	0.230291	0.376926	0.326613	0.420669	0.293106	0.272407	0.272605	0.337361	0.466940	0.378937	0.231135	0.300400	0.352867	0.524332	0.350916	0.292436
