accuracy	0.864182	0.865656	0.857865	0.854075	0.858497	0.862708	0.859760	0.853443	0.858918	0.858707	0.863340	0.861234	0.856812	0.856601	0.869025	0.857233	0.859760	0.863971	0.861655	0.858707
recall	0.660768	0.670047	0.655415	0.645610	0.657350	0.660679	0.652225	0.646857	0.660327	0.659259	0.659762	0.663786	0.656112	0.654028	0.673657	0.644967	0.672015	0.666119	0.655496	0.666669
precision	0.780691	0.795663	0.767560	0.771294	0.762463	0.778868	0.762754	0.758113	0.792964	0.766410	0.780949	0.785502	0.770212	0.774446	0.785305	0.769389	0.786486	0.774032	0.768128	0.772687
f1score	0.694344	0.705323	0.686738	0.677054	0.687917	0.693833	0.683272	0.676771	0.694692	0.690293	0.693314	0.697477	0.687626	0.686104	0.707513	0.676647	0.705132	0.698332	0.687330	0.698061
mcc	0.424858	0.448449	0.407837	0.397507	0.406440	0.423359	0.399989	0.389389	0.433451	0.411961	0.423721	0.432488	0.410772	0.411204	0.445175	0.395234	0.443982	0.426717	0.408376	0.426373
spd0-0	0.064176	0.060673	0.065227	0.061270	0.080808	0.070183	0.065697	0.071460	0.069612	0.073896	0.062418	0.067227	0.071492	0.066004	0.071828	0.063224	0.071011	0.066696	0.067715	0.070625
spd0-1	0.108731	0.116821	0.114215	0.105452	0.103155	0.105906	0.108021	0.104943	0.104466	0.110479	0.109943	0.111736	0.108530	0.108396	0.111799	0.100280	0.120840	0.116904	0.106504	0.120348
spd0	0.044555	0.056147	0.048989	0.044182	0.022347	0.035723	0.042324	0.033483	0.034854	0.036583	0.047526	0.044509	0.037038	0.042392	0.039971	0.037056	0.049829	0.050209	0.038789	0.049723
aod0-0	0.379986	0.379112	0.356650	0.335259	0.414811	0.380544	0.359660	0.358529	0.386399	0.387869	0.375521	0.369935	0.385948	0.353809	0.403478	0.345762	0.372985	0.358609	0.377141	0.359721
aod0-1	0.399659	0.423076	0.408604	0.376779	0.382546	0.399695	0.392969	0.380948	0.383062	0.404231	0.398453	0.413619	0.389513	0.396631	0.428880	0.367294	0.444054	0.440137	0.391036	0.445692
aod0	0.009837	0.021982	0.025977	0.020760	0.016132	0.009575	0.016655	0.011210	0.001668	0.008181	0.011466	0.021842	0.001783	0.021411	0.012701	0.010766	0.035535	0.040764	0.006948	0.042986
eod0-0	0.360269	0.362369	0.332248	0.313531	0.380328	0.354839	0.329630	0.328025	0.363636	0.356667	0.355401	0.346405	0.356401	0.331190	0.375427	0.322148	0.345395	0.331081	0.348754	0.330033
eod0-1	0.352113	0.376648	0.357853	0.331439	0.338057	0.356415	0.348162	0.334661	0.344444	0.357708	0.351562	0.369942	0.345216	0.350097	0.386503	0.324165	0.399632	0.392713	0.346535	0.397313
eod0	0.008157	0.014278	0.025605	0.017908	0.042271	0.001577	0.018533	0.006636	0.019192	0.001041	0.003838	0.023537	0.011186	0.018907	0.011076	0.002017	0.054237	0.061631	0.002220	0.067280
spd1-0	0.080352	0.077833	0.084375	0.069913	0.076579	0.073016	0.083802	0.072840	0.070056	0.079014	0.082975	0.073724	0.081081	0.069538	0.078283	0.069393	0.082286	0.085320	0.069882	0.091589
spd1-1	0.090938	0.096405	0.093363	0.092151	0.100251	0.096408	0.089841	0.097156	0.097258	0.099779	0.089366	0.098988	0.095947	0.098592	0.099210	0.089633	0.105163	0.096355	0.097063	0.099873
spd1	0.010586	0.018572	0.008988	0.022239	0.023672	0.023392	0.006039	0.024316	0.027202	0.020765	0.006391	0.025264	0.014866	0.029053	0.020927	0.020240	0.022877	0.011035	0.027180	0.008284
aod1-0	0.386042	0.396096	0.395850	0.318059	0.358915	0.354754	0.423635	0.340724	0.340177	0.354372	0.401159	0.391216	0.371646	0.330016	0.392184	0.330346	0.375617	0.420554	0.342352	0.434160
aod1-1	0.389709	0.406074	0.380933	0.374320	0.408154	0.403377	0.362286	0.382154	0.399213	0.411854	0.379965	0.397098	0.391885	0.399260	0.428156	0.368586	0.433445	0.401651	0.400643	0.402851
aod1	0.001833	0.004989	0.007459	0.028130	0.024619	0.024311	0.030675	0.020715	0.029518	0.028741	0.010597	0.002941	0.010119	0.034622	0.017986	0.019120	0.028914	0.009451	0.029145	0.015655
eod1-0	0.350877	0.365639	0.354545	0.284483	0.324561	0.320930	0.388128	0.304933	0.312500	0.313901	0.365957	0.362791	0.334746	0.302419	0.361233	0.301255	0.341365	0.381395	0.310811	0.392070
eod1-1	0.356890	0.373942	0.345763	0.340568	0.366025	0.368601	0.323944	0.342327	0.366776	0.373928	0.347518	0.360656	0.354949	0.360345	0.390991	0.332746	0.396321	0.365217	0.361702	0.365159
eod1	0.006013	0.008304	0.008783	0.056085	0.041463	0.047670	0.064184	0.037394	0.054276	0.060027	0.018440	0.002135	0.020203	0.057925	0.029758	0.031491	0.054956	0.016178	0.050891	0.026911
wcspd-00	0.045394	0.054594	0.051114	0.045082	0.060224	0.052774	0.056338	0.059055	0.043537	0.056088	0.049351	0.041223	0.059459	0.041223	0.049202	0.044017	0.044818	0.066578	0.055191	0.070248
wcspd-01	0.073394	0.063703	0.072165	0.069149	0.090211	0.078457	0.069961	0.077683	0.082337	0.082262	0.069103	0.080186	0.077381	0.078767	0.082645	0.072416	0.083388	0.066753	0.073953	0.070808
wcspd-10	0.111374	0.098246	0.114695	0.090805	0.090270	0.090909	0.105737	0.085082	0.092255	0.098707	0.113186	0.102994	0.099882	0.093929	0.104567	0.090192	0.112756	0.102017	0.082944	0.109215
wcspd-11	0.107362	0.126528	0.113964	0.113208	0.109944	0.113650	0.109296	0.115528	0.111043	0.116698	0.108225	0.116152	0.113001	0.115986	0.115578	0.105817	0.125152	0.124690	0.119077	0.126290
wcspd	0.065981	0.071934	0.063581	0.068126	0.049720	0.060876	0.052958	0.056473	0.067506	0.060610	0.063835	0.074929	0.053542	0.074762	0.066376	0.061800	0.080334	0.058112	0.063887	0.056042
wcaod-00	0.310869	0.373776	0.338257	0.256667	0.330110	0.331213	0.388391	0.348888	0.271457	0.315733	0.403216	0.341497	0.310085	0.254282	0.295344	0.304835	0.244327	0.380835	0.342067	0.410522
wcaod-01	0.402207	0.380781	0.362645	0.361835	0.442212	0.394409	0.351708	0.362354	0.426805	0.406664	0.367442	0.380598	0.419726	0.398505	0.440501	0.361090	0.417260	0.349508	0.390454	0.341697
wcaod-10	0.429077	0.412640	0.433570	0.353034	0.373428	0.369347	0.441142	0.339071	0.377877	0.373287	0.412024	0.422047	0.411381	0.381536	0.442048	0.348185	0.439258	0.447929	0.344839	0.449383
wcaod-11	0.385948	0.428071	0.397054	0.386939	0.387493	0.412857	0.372134	0.398000	0.385614	0.418435	0.391368	0.410259	0.381232	0.403626	0.423358	0.376464	0.446323	0.437503	0.411113	0.444032
wcaod	0.059104	0.027148	0.047657	0.065136	0.056051	0.040822	0.044717	0.029465	0.077674	0.051351	0.022291	0.040275	0.054820	0.074672	0.073352	0.035815	0.100998	0.049211	0.034523	0.053843
wceod-00	0.291667	0.354430	0.315068	0.233766	0.297297	0.304348	0.360656	0.320988	0.253165	0.281250	0.388889	0.328358	0.280899	0.242105	0.270270	0.289474	0.220779	0.349398	0.315789	0.376623
wceod-01	0.382222	0.365385	0.337607	0.340708	0.406926	0.369295	0.320574	0.330472	0.401747	0.377119	0.344186	0.351464	0.390000	0.370370	0.410959	0.333333	0.387665	0.323944	0.360976	0.314159
wceod-10	0.378205	0.371622	0.374150	0.309677	0.337662	0.328767	0.398734	0.295775	0.341615	0.327044	0.355828	0.378378	0.367347	0.339869	0.405229	0.306748	0.395349	0.401515	0.308219	0.400000
wceod-11	0.340176	0.378590	0.351124	0.340483	0.338235	0.368116	0.325905	0.350000	0.345646	0.371758	0.349570	0.366577	0.336788	0.354396	0.377976	0.332370	0.401617	0.389503	0.362117	0.396226
wceod	0.090556	0.024160	0.059081	0.106942	0.109629	0.064947	0.078160	0.054225	0.148582	0.095869	0.044703	0.050020	0.109101	0.128265	0.140689	0.043860	0.180838	0.077571	0.053898	0.085841
