accuracy	0.819764	0.819764	0.816829	0.815464	0.817034	0.822016	0.817444	0.813963	0.811506	0.817307	0.818331	0.817307	0.816420	0.817444	0.818877	0.821402	0.816761	0.820924	0.817171	0.816966
recall	0.698407	0.701109	0.698453	0.692484	0.696872	0.704067	0.698726	0.693335	0.691876	0.695900	0.702404	0.694590	0.696931	0.693792	0.704978	0.702231	0.694457	0.701395	0.695199	0.695672
precision	0.758679	0.761947	0.761217	0.755806	0.756525	0.765677	0.759819	0.756521	0.756578	0.756364	0.761680	0.752280	0.755524	0.758043	0.759719	0.764197	0.762311	0.769745	0.759797	0.758991
f1score	0.719020	0.721843	0.719307	0.713302	0.717134	0.725147	0.719312	0.713996	0.712564	0.716345	0.722700	0.714462	0.716929	0.714967	0.724341	0.723331	0.716214	0.723668	0.716419	0.716638
mcc	0.453095	0.459042	0.455365	0.443795	0.449456	0.465686	0.454457	0.445397	0.443762	0.448205	0.460283	0.443131	0.448645	0.447242	0.461461	0.462293	0.451700	0.466155	0.450386	0.450232
spd0-0	0.066489	0.064677	0.062201	0.068902	0.075222	0.067941	0.065159	0.068816	0.069342	0.064410	0.069158	0.064677	0.060348	0.067144	0.069629	0.061503	0.066160	0.064105	0.067921	0.065222
spd0-1	0.214928	0.218334	0.219378	0.210908	0.212757	0.216463	0.218426	0.214082	0.213564	0.216026	0.221327	0.215383	0.221442	0.210278	0.226714	0.218241	0.210403	0.213877	0.211982	0.214315
spd0	0.148440	0.153657	0.157177	0.142006	0.137535	0.148522	0.153267	0.145266	0.144221	0.151617	0.152170	0.150706	0.161094	0.143134	0.157085	0.156738	0.144243	0.149772	0.144060	0.149093
aod0-0	0.345526	0.339695	0.327763	0.350621	0.384614	0.357949	0.335040	0.349956	0.349422	0.358964	0.362468	0.325660	0.308901	0.346335	0.376414	0.340426	0.340478	0.348213	0.364119	0.325530
aod0-1	0.590535	0.600326	0.593897	0.576216	0.582534	0.596678	0.594939	0.577577	0.574487	0.588908	0.600335	0.593586	0.604463	0.574381	0.614119	0.596746	0.571198	0.585779	0.576051	0.586610
aod0	0.122505	0.130316	0.133067	0.112798	0.098960	0.119364	0.129949	0.113811	0.112533	0.114972	0.118934	0.133963	0.147781	0.114023	0.118852	0.128160	0.115360	0.118783	0.105966	0.130540
eod0-0	0.307241	0.306011	0.294118	0.312614	0.342155	0.320463	0.298677	0.310345	0.311234	0.327808	0.324478	0.288425	0.276364	0.307241	0.340700	0.307385	0.302326	0.316456	0.327652	0.288355
eod0-1	0.496941	0.505081	0.498680	0.483271	0.489541	0.505874	0.500000	0.484509	0.481433	0.489956	0.504809	0.495694	0.504071	0.483860	0.512441	0.502846	0.483520	0.497335	0.484108	0.494118
eod0	0.189700	0.199070	0.204562	0.170657	0.147386	0.185411	0.201323	0.174164	0.170199	0.162147	0.180331	0.207269	0.227707	0.176619	0.171741	0.195460	0.181195	0.180879	0.156457	0.205763
spd1-0	0.126387	0.125988	0.123677	0.121780	0.125597	0.134216	0.125297	0.126648	0.127834	0.119630	0.130211	0.125645	0.120392	0.116290	0.139007	0.128809	0.123069	0.121539	0.118217	0.123091
spd1-1	0.172019	0.174932	0.175109	0.170954	0.174297	0.173327	0.175195	0.172799	0.173132	0.173927	0.177984	0.172604	0.176659	0.170405	0.180332	0.173140	0.168985	0.171378	0.171419	0.172270
spd1	0.045632	0.048944	0.051433	0.049174	0.048700	0.039111	0.049899	0.046151	0.045298	0.054296	0.047773	0.046959	0.056267	0.054115	0.041325	0.044331	0.045915	0.049839	0.053202	0.049179
aod1-0	0.539553	0.520034	0.500320	0.485785	0.494895	0.549284	0.517947	0.513781	0.521171	0.506135	0.549928	0.515468	0.500978	0.481408	0.595093	0.550710	0.520770	0.517542	0.514175	0.502245
aod1-1	0.541810	0.548525	0.544008	0.533177	0.546178	0.548425	0.544759	0.533947	0.529040	0.541422	0.551864	0.540891	0.547730	0.533866	0.558981	0.545041	0.526543	0.538044	0.533350	0.537646
aod1	0.001129	0.014246	0.021844	0.023696	0.025642	0.000430	0.013406	0.010083	0.003934	0.017644	0.000968	0.012711	0.023376	0.026229	0.018056	0.002835	0.002886	0.010251	0.009588	0.017701
eod1-0	0.476341	0.452599	0.432177	0.418675	0.428152	0.476780	0.448387	0.451705	0.453704	0.441270	0.483077	0.442244	0.435737	0.419255	0.522436	0.486405	0.459627	0.457576	0.453947	0.438953
eod1-1	0.468112	0.476055	0.471914	0.460618	0.471447	0.478576	0.471868	0.459738	0.456066	0.466983	0.477463	0.465942	0.471532	0.461903	0.482371	0.473551	0.456939	0.470388	0.461251	0.465006
eod1	0.008228	0.023456	0.039737	0.041943	0.043294	0.001796	0.023481	0.008033	0.002362	0.025713	0.005613	0.023698	0.035795	0.042649	0.040065	0.012854	0.002688	0.012812	0.007304	0.026053
wcspd-00	0.077936	0.084886	0.090226	0.092902	0.088235	0.103301	0.081522	0.076180	0.090164	0.087269	0.089178	0.092077	0.081568	0.080000	0.089648	0.079449	0.069574	0.081395	0.086134	0.073639
wcspd-01	0.063857	0.059616	0.055470	0.063012	0.072175	0.059370	0.061298	0.067059	0.063970	0.058656	0.063963	0.058098	0.055183	0.064041	0.064876	0.057143	0.065318	0.059934	0.063516	0.063204
wcspd-10	0.164372	0.159494	0.150828	0.145285	0.154762	0.158879	0.159225	0.166107	0.161349	0.146096	0.166227	0.151793	0.150959	0.145656	0.178268	0.166939	0.169522	0.153586	0.145683	0.160948
wcspd-11	0.221745	0.226400	0.228417	0.219875	0.220653	0.224287	0.226553	0.220714	0.220075	0.225690	0.228552	0.224218	0.231233	0.219106	0.233357	0.225529	0.215628	0.222183	0.220502	0.221925
wcspd	0.157889	0.166783	0.172948	0.156862	0.148477	0.164917	0.165255	0.153655	0.156105	0.167034	0.164589	0.166120	0.176050	0.155066	0.168481	0.168386	0.150310	0.162250	0.156985	0.158721
wcaod-00	0.466855	0.419785	0.484095	0.516083	0.535540	0.618541	0.476464	0.384256	0.459181	0.516206	0.530881	0.519062	0.429720	0.406850	0.585788	0.491786	0.410545	0.477349	0.513832	0.432440
wcaod-01	0.328438	0.323812	0.301148	0.320131	0.361749	0.314859	0.313832	0.343123	0.327551	0.330894	0.331411	0.294972	0.287500	0.334973	0.347645	0.315472	0.329588	0.326446	0.339200	0.309678
wcaod-10	0.560344	0.555646	0.507786	0.480889	0.491111	0.533616	0.536582	0.550401	0.546627	0.508676	0.563358	0.519900	0.528216	0.503882	0.606063	0.573348	0.555872	0.533736	0.516773	0.526188
wcaod-11	0.594763	0.605851	0.603012	0.586234	0.592822	0.603419	0.601168	0.581672	0.577994	0.597852	0.604741	0.601354	0.613263	0.582556	0.615988	0.600245	0.573361	0.592054	0.582886	0.593931
wcaod	0.133163	0.141019	0.150932	0.133051	0.115537	0.151841	0.143668	0.119275	0.125221	0.133479	0.136665	0.153191	0.162882	0.123792	0.134172	0.142386	0.121887	0.132804	0.121843	0.142126
wceod-00	0.410714	0.358974	0.420290	0.456790	0.476923	0.550725	0.419355	0.328571	0.397590	0.460526	0.474359	0.454545	0.373333	0.347826	0.525424	0.439394	0.360656	0.424658	0.457143	0.380952
wceod-01	0.294505	0.297240	0.275109	0.287554	0.323276	0.285078	0.282655	0.307522	0.295652	0.306210	0.298441	0.264642	0.261053	0.300905	0.318182	0.287356	0.294505	0.300000	0.307860	0.276151
wceod-10	0.490421	0.481928	0.435484	0.406375	0.416667	0.456693	0.455645	0.482270	0.473029	0.435146	0.485830	0.438819	0.454918	0.438735	0.521739	0.498113	0.482759	0.466926	0.452991	0.451957
wceod-11	0.497576	0.507214	0.504313	0.490399	0.497024	0.510459	0.504000	0.484738	0.482149	0.494811	0.506503	0.500750	0.508506	0.488056	0.511577	0.503306	0.483592	0.500182	0.486751	0.498515
wceod	0.203070	0.209974	0.229204	0.202845	0.173748	0.265647	0.221345	0.177216	0.186497	0.188601	0.208062	0.236108	0.247453	0.187151	0.207242	0.215950	0.189086	0.200182	0.178891	0.222365
