accuracy	0.861655	0.865445	0.860181	0.855338	0.861023	0.858286	0.864182	0.855338	0.860602	0.856601	0.861655	0.860392	0.863129	0.861023	0.865024	0.863129	0.855338	0.860181	0.863761	0.856601
recall	0.662774	0.678149	0.656811	0.657279	0.670350	0.658517	0.672185	0.662084	0.666890	0.657497	0.665738	0.674764	0.674841	0.664327	0.672802	0.670692	0.664702	0.670938	0.662367	0.674983
precision	0.769053	0.788673	0.776365	0.768991	0.765820	0.762258	0.770033	0.758163	0.794802	0.759250	0.770387	0.775084	0.783863	0.786069	0.770138	0.777927	0.773780	0.758047	0.772900	0.761325
f1score	0.694253	0.711703	0.689497	0.688402	0.700449	0.688946	0.703101	0.691266	0.701522	0.687377	0.697167	0.705894	0.707702	0.698037	0.703736	0.703011	0.696030	0.699432	0.694689	0.703231
mcc	0.418544	0.453549	0.416351	0.411372	0.425593	0.407786	0.431257	0.409117	0.443619	0.404134	0.423383	0.438520	0.445560	0.433630	0.432113	0.435614	0.424698	0.420048	0.420999	0.427679
spd0-0	0.070769	0.070416	0.070410	0.067531	0.098814	0.082389	0.078042	0.083297	0.077644	0.077394	0.079121	0.077842	0.085702	0.074141	0.082581	0.078807	0.077753	0.082825	0.076016	0.084570
spd0-1	0.113177	0.122039	0.104766	0.115798	0.100324	0.103870	0.115679	0.113857	0.103668	0.110479	0.109135	0.122990	0.108530	0.105637	0.111799	0.111067	0.115293	0.120570	0.103659	0.127870
spd0	0.042408	0.051623	0.034355	0.048267	0.001509	0.021481	0.037637	0.030561	0.026024	0.033085	0.030014	0.045149	0.022829	0.031496	0.029218	0.032260	0.037540	0.037746	0.027643	0.043300
aod0-0	0.396154	0.402182	0.384701	0.359200	0.485490	0.413710	0.421722	0.407047	0.414817	0.386236	0.439356	0.412532	0.452413	0.379414	0.433306	0.414891	0.386331	0.426051	0.414149	0.420338
aod0-1	0.411248	0.447559	0.384931	0.413510	0.386601	0.387984	0.429719	0.415873	0.388765	0.405696	0.395991	0.446285	0.408651	0.407558	0.424296	0.420340	0.420945	0.440184	0.390393	0.460851
aod0	0.007547	0.022688	0.000115	0.027155	0.049445	0.012863	0.003999	0.004413	0.013026	0.009730	0.021683	0.016877	0.021881	0.014072	0.004505	0.002724	0.017307	0.007066	0.011878	0.020256
eod0-0	0.370370	0.376307	0.358306	0.333333	0.439344	0.377419	0.385185	0.369427	0.386364	0.350000	0.407666	0.382353	0.415225	0.350482	0.395904	0.382550	0.351974	0.388514	0.380783	0.382838
eod0-1	0.360161	0.401130	0.341948	0.363636	0.348178	0.344196	0.384913	0.366534	0.353704	0.359684	0.349609	0.394990	0.371482	0.369439	0.380368	0.377210	0.377532	0.386640	0.350495	0.404990
eod0	0.010209	0.024823	0.016358	0.030303	0.091166	0.033224	0.000272	0.002893	0.032660	0.009684	0.058056	0.012637	0.043743	0.018957	0.015536	0.005340	0.025559	0.001874	0.030288	0.022152
spd1-0	0.078468	0.086550	0.075625	0.073658	0.079132	0.074921	0.092558	0.082716	0.066956	0.077750	0.086048	0.076875	0.090509	0.071385	0.082702	0.081784	0.084171	0.088457	0.074212	0.097196
spd1-1	0.100127	0.103086	0.094316	0.102955	0.109679	0.102710	0.100317	0.107702	0.103954	0.102937	0.099295	0.113852	0.101330	0.101152	0.104897	0.103030	0.104530	0.109350	0.098659	0.112913
spd1	0.021658	0.016536	0.018691	0.029297	0.030547	0.027789	0.007760	0.024986	0.036998	0.025187	0.013247	0.036977	0.010821	0.029768	0.022195	0.021246	0.020359	0.020894	0.024448	0.015717
aod1-0	0.380191	0.424649	0.378063	0.354663	0.383738	0.364791	0.468354	0.386093	0.309028	0.352901	0.411824	0.402705	0.410710	0.355337	0.408348	0.393287	0.354951	0.416328	0.373884	0.444371
aod1-1	0.411951	0.429905	0.384713	0.405541	0.442905	0.409784	0.409398	0.421007	0.432503	0.414395	0.408669	0.442960	0.428801	0.414384	0.435052	0.427449	0.428819	0.439168	0.408125	0.443314
aod1	0.015880	0.002628	0.003325	0.025439	0.029584	0.022497	0.029478	0.017457	0.061738	0.030747	0.001578	0.020127	0.009045	0.029524	0.013352	0.017081	0.036934	0.011420	0.017120	0.000529
eod1-0	0.346491	0.387665	0.345455	0.323276	0.350877	0.330233	0.429224	0.345291	0.279167	0.313901	0.374468	0.372093	0.368644	0.330645	0.374449	0.359833	0.313253	0.372093	0.342342	0.396476
eod1-1	0.371025	0.394247	0.349153	0.363940	0.395797	0.366894	0.367958	0.376054	0.399671	0.372213	0.368794	0.396721	0.394198	0.375862	0.390991	0.387324	0.391304	0.393043	0.368794	0.396985
eod1	0.024534	0.006582	0.003698	0.040664	0.044920	0.036662	0.061266	0.030762	0.120504	0.058311	0.005674	0.024628	0.025554	0.045217	0.016542	0.027491	0.078051	0.020950	0.026452	0.000509
wcspd-00	0.042724	0.059920	0.047182	0.043716	0.064426	0.060893	0.061972	0.064304	0.047619	0.053352	0.062338	0.045213	0.070270	0.047872	0.054521	0.053645	0.049020	0.081225	0.052562	0.082645
wcspd-01	0.084535	0.075647	0.081830	0.079122	0.114523	0.092605	0.085366	0.092824	0.092297	0.088689	0.087708	0.094102	0.093254	0.087671	0.095995	0.090849	0.091330	0.083603	0.087696	0.085504
wcspd-10	0.110190	0.109942	0.101553	0.098851	0.091442	0.087321	0.116985	0.099068	0.083144	0.098707	0.107351	0.105389	0.108108	0.091638	0.108173	0.104848	0.112756	0.094899	0.093458	0.109215
wcspd-11	0.114724	0.128362	0.106450	0.124772	0.105003	0.112415	0.114950	0.121739	0.114724	0.116698	0.110080	0.131881	0.108748	0.112981	0.113693	0.114480	0.116646	0.133995	0.109102	0.137826
wcspd	0.072000	0.068442	0.059267	0.081056	0.050098	0.051522	0.055014	0.057435	0.067105	0.063346	0.047743	0.086669	0.038478	0.065108	0.059172	0.060835	0.067627	0.052770	0.056540	0.055182
wcaod-00	0.307915	0.379728	0.321660	0.255140	0.334797	0.353169	0.439112	0.354762	0.287164	0.298609	0.454911	0.332411	0.361173	0.288905	0.313282	0.362075	0.214785	0.428955	0.327449	0.458728
wcaod-01	0.426301	0.410789	0.405659	0.395426	0.535149	0.431482	0.418020	0.425924	0.460054	0.410760	0.435659	0.437894	0.493110	0.420433	0.475149	0.434947	0.444738	0.424258	0.447549	0.406300
wcaod-10	0.422667	0.453496	0.412274	0.408301	0.405236	0.370399	0.484588	0.406641	0.323371	0.378131	0.400126	0.440861	0.442853	0.399346	0.456592	0.413678	0.421668	0.408643	0.401042	0.438793
wcaod-11	0.406041	0.444969	0.373362	0.417048	0.379078	0.396492	0.405102	0.419844	0.416159	0.418435	0.393734	0.449693	0.393647	0.411648	0.410070	0.423235	0.420054	0.453428	0.386368	0.470393
wcaod	0.059193	0.036884	0.045307	0.080954	0.100176	0.039156	0.039743	0.035581	0.086445	0.059913	0.030588	0.058641	0.065968	0.065764	0.080933	0.036436	0.114977	0.022392	0.060050	0.032046
wceod-00	0.291667	0.354430	0.301370	0.233766	0.297297	0.318841	0.409836	0.320988	0.265823	0.265625	0.430556	0.313433	0.325843	0.273684	0.283784	0.342105	0.181818	0.385542	0.302632	0.415584
wceod-01	0.395556	0.384615	0.376068	0.367257	0.484848	0.394191	0.377990	0.386266	0.427948	0.372881	0.400000	0.401674	0.455000	0.384259	0.433790	0.396396	0.409692	0.389671	0.409756	0.371681
wceod-10	0.371795	0.405405	0.367347	0.367742	0.376623	0.335616	0.436709	0.359155	0.285714	0.333333	0.349693	0.398649	0.394558	0.366013	0.418301	0.368098	0.372093	0.363636	0.363014	0.386667
wceod-11	0.354839	0.399478	0.331461	0.361930	0.335294	0.347826	0.362117	0.369444	0.382586	0.371758	0.349570	0.393531	0.362694	0.370879	0.363095	0.381503	0.380054	0.395028	0.345404	0.412399
wceod	0.103889	0.050975	0.074699	0.133976	0.187551	0.075350	0.074592	0.065278	0.162125	0.107256	0.080985	0.088241	0.129157	0.110575	0.150006	0.054291	0.227873	0.031391	0.107125	0.043903
