accuracy	0.864603	0.864393	0.857654	0.853653	0.859760	0.862287	0.859760	0.852601	0.857023	0.857865	0.862287	0.861023	0.857654	0.856180	0.868604	0.856601	0.859549	0.862287	0.861023	0.858707
recall	0.658001	0.665411	0.653326	0.642510	0.654115	0.659928	0.650188	0.643921	0.653174	0.654309	0.654636	0.660309	0.654217	0.650914	0.668271	0.640152	0.668652	0.661055	0.652568	0.665230
precision	0.784572	0.793804	0.767909	0.771667	0.769256	0.777565	0.763823	0.756245	0.790619	0.765731	0.779911	0.787287	0.774979	0.774806	0.787106	0.769847	0.788125	0.770098	0.767138	0.773516
f1score	0.692241	0.700509	0.684759	0.673869	0.685944	0.692894	0.681461	0.673567	0.687026	0.685443	0.688093	0.694329	0.686489	0.683026	0.702824	0.671698	0.702202	0.692894	0.684331	0.696866
mcc	0.424088	0.440901	0.405352	0.393524	0.407414	0.421380	0.398111	0.384078	0.421974	0.404993	0.416098	0.429206	0.411856	0.407295	0.439599	0.388945	0.440875	0.417137	0.403766	0.425174
spd0-0	0.065055	0.061559	0.066523	0.061717	0.080808	0.071927	0.065697	0.072775	0.070058	0.073896	0.062418	0.067669	0.071936	0.070072	0.072258	0.064559	0.071910	0.068875	0.069026	0.071525
spd0-1	0.102264	0.112003	0.110107	0.101074	0.094256	0.104277	0.104796	0.101297	0.097289	0.104793	0.104689	0.106109	0.102523	0.100907	0.103960	0.093088	0.114897	0.111609	0.102439	0.117181
spd0	0.037209	0.050444	0.043584	0.039357	0.013448	0.032350	0.039100	0.028521	0.027231	0.030897	0.042271	0.038440	0.030587	0.030834	0.031702	0.028529	0.042987	0.042734	0.033413	0.045656
aod0-0	0.386720	0.383104	0.360903	0.335777	0.414811	0.385282	0.359660	0.362730	0.386916	0.387869	0.375521	0.370446	0.389408	0.369301	0.403970	0.352986	0.376795	0.366867	0.384756	0.363542
aod0-1	0.379516	0.404597	0.396074	0.362897	0.359274	0.394603	0.383195	0.367470	0.356448	0.383888	0.378837	0.396577	0.373674	0.372834	0.403779	0.342173	0.425787	0.418365	0.375640	0.436019
aod0	0.003602	0.010746	0.017585	0.013560	0.027768	0.004660	0.011768	0.002370	0.015234	0.001991	0.001658	0.013065	0.007867	0.001766	0.000095	0.005407	0.024496	0.025749	0.004558	0.036239
eod0-0	0.367003	0.365854	0.335505	0.313531	0.380328	0.358065	0.329630	0.331210	0.363636	0.356667	0.355401	0.346405	0.359862	0.344051	0.375427	0.328859	0.348684	0.337838	0.355872	0.333333
eod0-1	0.336016	0.359699	0.347913	0.320076	0.321862	0.352342	0.340426	0.322709	0.320370	0.339921	0.333984	0.356455	0.333959	0.330754	0.366053	0.302554	0.384899	0.372470	0.332673	0.389635
eod0	0.030987	0.006155	0.012408	0.006544	0.058466	0.005722	0.010796	0.008501	0.043266	0.016746	0.021416	0.010049	0.025903	0.013297	0.009373	0.026305	0.036215	0.034632	0.023199	0.056302
spd1-0	0.081607	0.079078	0.086250	0.070537	0.076579	0.075556	0.083802	0.074691	0.070676	0.079014	0.082975	0.074354	0.081710	0.075077	0.078914	0.071252	0.083543	0.088457	0.071738	0.092835
spd1-1	0.085868	0.092587	0.090187	0.088656	0.093338	0.095148	0.087302	0.094279	0.091518	0.095358	0.085202	0.094560	0.091197	0.092510	0.093207	0.083892	0.100412	0.092235	0.093870	0.097328
spd1	0.004261	0.013508	0.003937	0.018119	0.016758	0.019593	0.003499	0.019588	0.020842	0.016344	0.002227	0.020206	0.009487	0.017433	0.014293	0.012640	0.016869	0.003778	0.022132	0.004493
aod1-0	0.394814	0.401226	0.401845	0.318789	0.358915	0.361611	0.423635	0.346640	0.340905	0.354372	0.401159	0.391945	0.375883	0.349776	0.392921	0.339442	0.380378	0.432032	0.352078	0.439291
aod1-1	0.372486	0.389670	0.370504	0.362341	0.388782	0.399191	0.353695	0.370853	0.375854	0.394481	0.362444	0.382879	0.378147	0.378481	0.406689	0.346493	0.417332	0.383097	0.387063	0.394580
aod1	0.011164	0.005778	0.015670	0.021776	0.014933	0.018790	0.034970	0.012106	0.017474	0.020054	0.019357	0.004533	0.001132	0.014353	0.006884	0.003526	0.018477	0.024467	0.017493	0.022356
eod1-0	0.359649	0.370044	0.359091	0.284483	0.324561	0.325581	0.388128	0.309417	0.312500	0.313901	0.365957	0.362791	0.338983	0.318548	0.361233	0.309623	0.345382	0.390698	0.319820	0.396476
eod1-1	0.342756	0.358714	0.337288	0.330551	0.352014	0.365188	0.316901	0.332209	0.345395	0.358491	0.331560	0.349180	0.344710	0.343103	0.372973	0.313380	0.382943	0.347826	0.349291	0.358459
eod1	0.016893	0.011330	0.021803	0.046068	0.027453	0.039606	0.071226	0.022792	0.032895	0.044589	0.034397	0.013610	0.005727	0.024555	0.011739	0.003757	0.037562	0.042872	0.029471	0.038017
wcspd-00	0.048064	0.057257	0.055046	0.046448	0.060224	0.058187	0.056338	0.062992	0.044898	0.056088	0.049351	0.042553	0.060811	0.053191	0.050532	0.048143	0.047619	0.073236	0.059133	0.073003
wcspd-01	0.073394	0.063703	0.072165	0.069149	0.090211	0.078457	0.069961	0.077683	0.082337	0.082262	0.069103	0.080186	0.077381	0.078767	0.082645	0.072416	0.083388	0.066753	0.073953	0.070808
wcspd-10	0.111374	0.098246	0.114695	0.090805	0.090270	0.090909	0.105737	0.085082	0.092255	0.098707	0.113186	0.102994	0.099882	0.093929	0.104567	0.090192	0.112756	0.102017	0.082944	0.109215
wcspd-11	0.097546	0.119193	0.107702	0.106512	0.096356	0.111180	0.104271	0.109938	0.100000	0.108007	0.100186	0.107683	0.103888	0.104567	0.103643	0.094678	0.116039	0.116625	0.112843	0.121433
wcspd	0.063310	0.061936	0.059649	0.060064	0.036132	0.052993	0.049399	0.046946	0.055102	0.051920	0.063835	0.065130	0.043077	0.051376	0.054035	0.046535	0.068420	0.049872	0.053710	0.050625
wcaod-00	0.338647	0.387922	0.354854	0.258194	0.330110	0.350184	0.388391	0.364170	0.272982	0.315733	0.403216	0.342957	0.321321	0.303997	0.296819	0.332687	0.258884	0.409422	0.369842	0.425050
wcaod-01	0.402207	0.380781	0.362645	0.361835	0.442212	0.394409	0.351708	0.362354	0.426805	0.406664	0.367442	0.380598	0.419726	0.398505	0.440501	0.361090	0.417260	0.349508	0.390454	0.341697
wcaod-10	0.429077	0.412640	0.433570	0.353034	0.373428	0.369347	0.441142	0.339071	0.377877	0.373287	0.412024	0.422047	0.411381	0.381536	0.442048	0.348185	0.439258	0.447929	0.344839	0.449383
wcaod-11	0.356281	0.402178	0.378980	0.366916	0.353017	0.405490	0.357748	0.378933	0.347317	0.388543	0.362426	0.385930	0.358545	0.369231	0.386431	0.339161	0.419270	0.407478	0.389205	0.430116
wcaod	0.045215	0.015929	0.039358	0.054361	0.056051	0.027653	0.044717	0.019931	0.076912	0.045466	0.024799	0.039545	0.049202	0.047254	0.072614	0.014202	0.090187	0.049211	0.022808	0.053843
wceod-00	0.319444	0.367089	0.328767	0.233766	0.297297	0.318841	0.360656	0.333333	0.253165	0.281250	0.388889	0.328358	0.292135	0.284211	0.270270	0.315789	0.233766	0.373494	0.342105	0.389610
wceod-01	0.382222	0.365385	0.337607	0.340708	0.406926	0.369295	0.320574	0.330472	0.401747	0.377119	0.344186	0.351464	0.390000	0.370370	0.410959	0.333333	0.387665	0.323944	0.360976	0.314159
wceod-10	0.378205	0.371622	0.374150	0.309677	0.337662	0.328767	0.398734	0.295775	0.341615	0.327044	0.355828	0.378378	0.367347	0.339869	0.405229	0.306748	0.395349	0.401515	0.308219	0.400000
wceod-11	0.316716	0.355091	0.337079	0.324397	0.314706	0.362319	0.314763	0.333333	0.311346	0.345821	0.323782	0.347709	0.321244	0.326923	0.348214	0.300578	0.380054	0.361878	0.342618	0.385445
wceod	0.065507	0.016530	0.045383	0.106942	0.109629	0.050454	0.083971	0.037559	0.148582	0.095869	0.065107	0.050020	0.097865	0.086160	0.140689	0.032755	0.161583	0.077571	0.052756	0.085841
