accuracy	0.862497	0.851337	0.861866	0.855127	0.856812	0.862076	0.861655	0.847336	0.858918	0.858707	0.865445	0.857023	0.861655	0.853653	0.866288	0.861655	0.860602	0.861023	0.860392	0.853022
recall	0.650194	0.710287	0.663220	0.639611	0.683793	0.683685	0.648269	0.705815	0.650636	0.651855	0.662026	0.644486	0.661445	0.620803	0.675098	0.677688	0.672990	0.660804	0.683807	0.678091
precision	0.780720	0.739140	0.779241	0.781244	0.748425	0.765039	0.773226	0.730602	0.803064	0.770683	0.788721	0.781736	0.787248	0.791135	0.773727	0.768919	0.789225	0.765265	0.753132	0.749402
f1score	0.683823	0.722926	0.696181	0.671878	0.707504	0.711664	0.680957	0.716829	0.685819	0.683808	0.696758	0.677319	0.695510	0.651218	0.706509	0.707426	0.706527	0.691794	0.708883	0.703038
mcc	0.410669	0.448500	0.426979	0.396306	0.427359	0.441287	0.402547	0.435713	0.427329	0.405486	0.432575	0.403519	0.430696	0.375074	0.437855	0.437190	0.447361	0.413065	0.431404	0.421503
spd0-0	0.066813	0.123118	0.079914	0.059928	0.102767	0.092415	0.063492	0.144673	0.075413	0.067337	0.064176	0.074746	0.067496	0.052893	0.079570	0.082814	0.074607	0.068875	0.091306	0.098516
spd0-1	0.094179	0.168607	0.101479	0.093514	0.130663	0.124644	0.098347	0.153566	0.082536	0.104387	0.105901	0.084807	0.106928	0.073315	0.114686	0.123052	0.116878	0.114868	0.133333	0.131037
spd0	0.027366	0.045489	0.021565	0.033585	0.027897	0.032229	0.034855	0.008892	0.007123	0.037050	0.041726	0.010061	0.039433	0.020422	0.035117	0.040238	0.042271	0.045992	0.042027	0.032522
aod0-0	0.371574	0.575682	0.431528	0.342056	0.495597	0.463407	0.357157	0.625420	0.420418	0.357680	0.389459	0.389656	0.372511	0.290145	0.429861	0.447935	0.399300	0.358233	0.477490	0.455941
aod0-1	0.358856	0.569902	0.377848	0.338033	0.470080	0.462831	0.366498	0.532472	0.313460	0.386307	0.390470	0.324254	0.398413	0.283491	0.432498	0.444164	0.429648	0.428502	0.473262	0.470523
aod0	0.006359	0.002890	0.026840	0.002011	0.012759	0.000288	0.004671	0.046474	0.053479	0.014314	0.000506	0.032701	0.012951	0.003327	0.001318	0.001886	0.015174	0.035134	0.002114	0.007291
eod0-0	0.346801	0.508711	0.400651	0.323432	0.445902	0.422581	0.329630	0.544586	0.396104	0.330000	0.369338	0.359477	0.346021	0.273312	0.395904	0.416107	0.371711	0.327703	0.434164	0.405941
eod0-1	0.321932	0.487759	0.337972	0.299242	0.408907	0.409369	0.328820	0.456175	0.287037	0.343874	0.347656	0.294798	0.360225	0.257253	0.386503	0.388998	0.386740	0.380567	0.411881	0.412668
eod0	0.024870	0.020952	0.062679	0.024190	0.036995	0.013212	0.000810	0.088411	0.109067	0.013874	0.021682	0.064679	0.014204	0.016059	0.009401	0.027109	0.015030	0.052864	0.022283	0.006727
spd1-0	0.069680	0.134496	0.080000	0.069288	0.101468	0.088254	0.077548	0.116667	0.059516	0.080910	0.081131	0.055451	0.083595	0.049231	0.085227	0.096654	0.081030	0.080928	0.090291	0.105296
spd1-1	0.086819	0.153357	0.096539	0.081983	0.125079	0.119408	0.083810	0.166187	0.089286	0.089359	0.088405	0.092347	0.090564	0.071383	0.103633	0.107815	0.105163	0.098574	0.124840	0.121183
spd1	0.017139	0.018861	0.016539	0.012694	0.023611	0.031154	0.006261	0.049521	0.029769	0.008449	0.007274	0.036896	0.006968	0.022152	0.018406	0.011161	0.024133	0.017645	0.034550	0.015887
aod1-0	0.333401	0.576169	0.394598	0.310169	0.428072	0.399812	0.385656	0.508370	0.283097	0.364077	0.391930	0.299478	0.392095	0.233318	0.407627	0.441853	0.374128	0.387996	0.430398	0.472203
aod1-1	0.373644	0.567229	0.397882	0.346437	0.498617	0.484387	0.352181	0.593945	0.379330	0.376502	0.384321	0.367661	0.385275	0.307282	0.439194	0.442889	0.434726	0.404365	0.489867	0.461217
aod1	0.020122	0.004470	0.001642	0.018134	0.035272	0.042288	0.016738	0.042788	0.048117	0.006213	0.003804	0.034092	0.003410	0.036982	0.015784	0.000518	0.030299	0.008184	0.029734	0.005493
eod1-0	0.302632	0.502203	0.359091	0.275862	0.372807	0.353488	0.351598	0.443946	0.258333	0.322870	0.357447	0.279070	0.355932	0.213710	0.370044	0.397490	0.341365	0.348837	0.387387	0.418502
eod1-1	0.342756	0.492386	0.362712	0.320534	0.443082	0.436860	0.320423	0.507589	0.353618	0.344768	0.354610	0.332787	0.354949	0.284483	0.398198	0.399648	0.397993	0.365217	0.432624	0.407035
eod1	0.040125	0.009817	0.003621	0.044672	0.070275	0.083372	0.031176	0.063642	0.095285	0.021898	0.002837	0.053717	0.000983	0.070773	0.028154	0.002158	0.056628	0.016380	0.045237	0.011467
wcspd-00	0.037383	0.106525	0.049803	0.042350	0.075630	0.073072	0.049296	0.094488	0.036735	0.056088	0.050649	0.031915	0.058108	0.030585	0.051862	0.063274	0.046218	0.065246	0.067017	0.082645
wcspd-01	0.081258	0.131387	0.094716	0.068484	0.115163	0.101608	0.069961	0.169849	0.094290	0.072622	0.071096	0.096090	0.072090	0.064384	0.092816	0.092166	0.088021	0.070642	0.103403	0.106212
wcspd-10	0.098341	0.159064	0.107527	0.091954	0.123095	0.101675	0.100112	0.136364	0.078588	0.102233	0.108518	0.076647	0.105758	0.065292	0.115385	0.124014	0.109339	0.094899	0.110981	0.124005
wcspd-11	0.092025	0.173594	0.098309	0.094340	0.134651	0.136504	0.097362	0.162733	0.084663	0.105525	0.104515	0.088929	0.107533	0.077524	0.114322	0.122525	0.120899	0.125310	0.145262	0.134791
wcspd	0.060958	0.067069	0.057723	0.051990	0.059021	0.063432	0.050817	0.075360	0.057555	0.049437	0.057869	0.064175	0.049425	0.046939	0.063523	0.060740	0.074681	0.060064	0.078245	0.052146
wcaod-00	0.252359	0.577023	0.336808	0.230693	0.359248	0.392602	0.321276	0.508185	0.219300	0.287481	0.392192	0.263950	0.308549	0.179076	0.286255	0.419314	0.245897	0.358235	0.437092	0.435835
wcaod-01	0.411431	0.576401	0.463011	0.379264	0.539478	0.482796	0.367882	0.671530	0.491073	0.374422	0.389147	0.430066	0.400915	0.339541	0.479111	0.458890	0.451724	0.357962	0.494545	0.463432
wcaod-10	0.378391	0.582352	0.430228	0.354433	0.464114	0.403990	0.414457	0.513435	0.317792	0.396999	0.401566	0.321108	0.445395	0.269608	0.470492	0.460928	0.435009	0.408643	0.433050	0.493690
wcaod-11	0.349299	0.563852	0.354874	0.330339	0.472750	0.488399	0.344878	0.539889	0.310780	0.381197	0.384560	0.325357	0.379480	0.289121	0.415226	0.435574	0.427455	0.436340	0.490441	0.460739
wcaod	0.079536	0.009250	0.063101	0.074285	0.090115	0.047898	0.046591	0.081673	0.135887	0.054759	0.008503	0.083058	0.068423	0.080233	0.096428	0.020807	0.102913	0.039189	0.030747	0.028927
wceod-00	0.236111	0.518987	0.315068	0.207792	0.310811	0.347826	0.295082	0.456790	0.202532	0.250000	0.375000	0.253731	0.280899	0.168421	0.256757	0.394737	0.220779	0.325301	0.407895	0.389610
wceod-01	0.382222	0.504808	0.427350	0.362832	0.489177	0.443983	0.339713	0.575107	0.462882	0.351695	0.367442	0.389121	0.375000	0.319444	0.442922	0.423423	0.422907	0.328638	0.443902	0.411504
wceod-10	0.333333	0.493243	0.380952	0.309677	0.402597	0.356164	0.373418	0.436620	0.285714	0.352201	0.349693	0.290541	0.401361	0.241830	0.424837	0.398773	0.395349	0.363636	0.376712	0.433333
wceod-11	0.316716	0.485640	0.320225	0.294906	0.411765	0.431884	0.309192	0.463889	0.287599	0.340058	0.346705	0.296496	0.344560	0.263736	0.369048	0.384393	0.382749	0.386740	0.426184	0.404313
wceod	0.146111	0.033348	0.112282	0.155040	0.178367	0.096157	0.078336	0.138488	0.260350	0.102201	0.028295	0.135390	0.120462	0.151023	0.186166	0.039030	0.202128	0.061439	0.067190	0.043723
