accuracy	0.861445	0.863340	0.857654	0.854285	0.859339	0.862287	0.860602	0.853443	0.859549	0.857444	0.862497	0.857865	0.859760	0.855549	0.867130	0.857444	0.859549	0.862076	0.860392	0.857233
recall	0.657111	0.666712	0.658720	0.647159	0.656857	0.663411	0.657821	0.648800	0.660711	0.658991	0.656759	0.658397	0.659819	0.653866	0.673036	0.646080	0.672811	0.664475	0.652189	0.669612
precision	0.771354	0.788046	0.764939	0.771125	0.766005	0.775373	0.763320	0.757137	0.795584	0.761710	0.779336	0.774957	0.780134	0.770111	0.778029	0.769585	0.785070	0.767507	0.764723	0.765741
f1score	0.689280	0.700854	0.689463	0.678628	0.688059	0.695858	0.688703	0.678535	0.695448	0.689214	0.690115	0.690550	0.692809	0.685295	0.705541	0.677812	0.705633	0.695602	0.683575	0.699434
mcc	0.412954	0.438272	0.410128	0.399492	0.408533	0.424259	0.407713	0.391213	0.435907	0.407969	0.418515	0.417384	0.423181	0.407730	0.438675	0.396892	0.443907	0.419515	0.401437	0.424608
spd0-0	0.066813	0.062002	0.069546	0.061717	0.086517	0.075850	0.069224	0.073214	0.071843	0.078268	0.064615	0.068111	0.071492	0.070524	0.076559	0.065895	0.073258	0.067568	0.067278	0.076473
spd0-1	0.108327	0.116821	0.116270	0.107043	0.094660	0.106314	0.111245	0.106564	0.101276	0.109667	0.105497	0.111736	0.106127	0.107213	0.111799	0.099081	0.120840	0.118941	0.105285	0.124307
spd0	0.041513	0.054819	0.046723	0.045326	0.008143	0.030464	0.042021	0.033351	0.029433	0.031398	0.040882	0.043625	0.034635	0.036689	0.035240	0.033186	0.047582	0.051373	0.038006	0.047834
aod0-0	0.377297	0.383611	0.372667	0.338560	0.438032	0.403427	0.389289	0.365915	0.399903	0.409883	0.386980	0.365445	0.397751	0.364449	0.423495	0.357369	0.383894	0.353854	0.373582	0.388727
aod0-1	0.396141	0.416211	0.415604	0.381575	0.359779	0.400204	0.399892	0.385950	0.373622	0.395883	0.381299	0.406525	0.386458	0.393707	0.422768	0.364327	0.442717	0.444201	0.383627	0.450679
aod0	0.009422	0.016300	0.021468	0.021508	0.039127	0.001612	0.005302	0.010017	0.013140	0.007000	0.002841	0.020540	0.005647	0.014629	0.000364	0.003479	0.029411	0.045174	0.005022	0.030976
eod0-0	0.353535	0.365854	0.345277	0.316832	0.400000	0.374194	0.359259	0.334395	0.376623	0.376667	0.365854	0.339869	0.370242	0.337621	0.392491	0.332215	0.355263	0.324324	0.345196	0.356436
eod0-1	0.348089	0.367232	0.363817	0.335227	0.321862	0.356415	0.352031	0.338645	0.337037	0.347826	0.335938	0.360308	0.345216	0.348162	0.378323	0.322200	0.397790	0.394737	0.338614	0.397313
eod0	0.005447	0.001378	0.018540	0.018396	0.078138	0.017778	0.007228	0.004251	0.039586	0.028841	0.029916	0.020439	0.025026	0.010542	0.014168	0.010014	0.042527	0.070413	0.006582	0.040877
spd1-0	0.081607	0.080324	0.089375	0.076779	0.076579	0.076825	0.088180	0.073457	0.070676	0.082174	0.081131	0.075614	0.086109	0.074462	0.081439	0.073730	0.084171	0.084065	0.070501	0.094704
spd1-1	0.091888	0.096087	0.095586	0.090245	0.097737	0.098929	0.092698	0.099393	0.095982	0.100726	0.088405	0.098672	0.091514	0.098271	0.101106	0.088357	0.105797	0.099208	0.095466	0.105598
spd1	0.010281	0.015763	0.006211	0.013466	0.021158	0.022103	0.004518	0.025936	0.025306	0.018552	0.007274	0.023057	0.005404	0.023810	0.019666	0.014627	0.021626	0.015142	0.024965	0.010894
aod1-0	0.391161	0.402676	0.428393	0.347571	0.351637	0.363081	0.432549	0.345208	0.334028	0.365548	0.391930	0.381636	0.395047	0.352356	0.399537	0.349264	0.377851	0.411252	0.343069	0.441469
aod1-1	0.383964	0.399181	0.383668	0.368134	0.405090	0.413068	0.378131	0.388790	0.400129	0.411686	0.374646	0.391716	0.385124	0.393543	0.430455	0.364286	0.436789	0.406491	0.391778	0.418895
aod1	0.003598	0.001748	0.022362	0.010281	0.026726	0.024993	0.027209	0.021791	0.033050	0.023069	0.008642	0.005040	0.004961	0.020594	0.015459	0.007511	0.029469	0.002380	0.024354	0.011287
eod1-0	0.355263	0.370044	0.386364	0.310345	0.315789	0.325581	0.392694	0.309417	0.304167	0.322870	0.357447	0.348837	0.355932	0.322581	0.365639	0.317992	0.341365	0.372093	0.310811	0.396476
eod1-1	0.348057	0.365482	0.345763	0.335559	0.366025	0.377133	0.339789	0.347386	0.370066	0.372213	0.342199	0.354098	0.353242	0.353448	0.390991	0.329225	0.399666	0.366957	0.352837	0.376884
eod1	0.007207	0.004562	0.040601	0.025214	0.050235	0.051552	0.052905	0.037969	0.065899	0.049343	0.015248	0.005261	0.002690	0.030868	0.025352	0.011234	0.058300	0.005137	0.042026	0.019591
wcspd-00	0.044059	0.059920	0.049803	0.043716	0.063025	0.059540	0.054930	0.059055	0.044898	0.054720	0.049351	0.041223	0.060811	0.049202	0.049202	0.046768	0.046218	0.062583	0.049934	0.071625
wcspd-01	0.077982	0.063039	0.079253	0.070479	0.097249	0.083601	0.075738	0.080316	0.084993	0.089332	0.072425	0.081511	0.076720	0.081507	0.089638	0.075049	0.086036	0.069994	0.075916	0.078824
wcspd-10	0.114929	0.098246	0.125448	0.104598	0.087925	0.092105	0.114736	0.086247	0.092255	0.105758	0.109685	0.106587	0.108108	0.096220	0.110577	0.095829	0.115034	0.103203	0.088785	0.113766
wcspd-11	0.104908	0.126528	0.111459	0.108338	0.098209	0.113650	0.109296	0.117391	0.106135	0.111732	0.103278	0.114338	0.105103	0.112981	0.112437	0.100866	0.123937	0.127171	0.114090	0.129933
wcspd	0.070870	0.066608	0.075645	0.064623	0.035184	0.054110	0.059806	0.058336	0.061237	0.057012	0.060334	0.073114	0.047297	0.063779	0.063235	0.054099	0.077718	0.064588	0.064155	0.058308
wcaod-00	0.309392	0.413238	0.349057	0.255140	0.333235	0.351676	0.386850	0.338011	0.272982	0.314234	0.415672	0.328031	0.331021	0.290427	0.283305	0.319529	0.245897	0.355241	0.312831	0.423509
wcaod-01	0.400236	0.371936	0.381535	0.367042	0.471939	0.417439	0.390727	0.376007	0.444273	0.435876	0.379070	0.378776	0.427439	0.397895	0.471591	0.371641	0.431255	0.353267	0.396844	0.376604
wcaod-10	0.438394	0.401955	0.478734	0.400135	0.360441	0.370796	0.457047	0.351759	0.368244	0.391646	0.393619	0.415811	0.437471	0.394608	0.459538	0.369352	0.442091	0.449335	0.362763	0.454870
wcaod-11	0.376374	0.422633	0.387822	0.373066	0.359681	0.412857	0.374108	0.400400	0.375541	0.397471	0.374676	0.402172	0.365523	0.393846	0.406297	0.361754	0.442843	0.442665	0.392793	0.448734
wcaod	0.064501	0.025349	0.064839	0.072498	0.069352	0.032881	0.041469	0.031195	0.085646	0.060821	0.020498	0.043890	0.053225	0.053734	0.094143	0.026056	0.098473	0.048034	0.042006	0.039133
wceod-00	0.291667	0.392405	0.328767	0.233766	0.297297	0.318841	0.360656	0.308642	0.253165	0.281250	0.402778	0.313433	0.303371	0.273684	0.256757	0.302632	0.220779	0.325301	0.289474	0.389610
wceod-01	0.373333	0.355769	0.350427	0.345133	0.432900	0.390041	0.358852	0.343348	0.419214	0.402542	0.353488	0.347280	0.400000	0.365741	0.438356	0.342342	0.400881	0.323944	0.365854	0.345133
wceod-10	0.384615	0.358108	0.414966	0.348387	0.324675	0.328767	0.405063	0.309859	0.329193	0.339623	0.337423	0.364865	0.387755	0.352941	0.418301	0.325153	0.395349	0.401515	0.321918	0.400000
wceod-11	0.331378	0.370757	0.342697	0.329759	0.320588	0.368116	0.328691	0.350000	0.340369	0.351585	0.335244	0.358491	0.329016	0.346154	0.360119	0.320809	0.398922	0.392265	0.345404	0.396226
wceod	0.092949	0.036636	0.086199	0.114621	0.135603	0.071201	0.076372	0.041358	0.166049	0.121292	0.067534	0.051432	0.096629	0.092057	0.181599	0.039711	0.180102	0.077571	0.076380	0.054867
