accuracy	0.804556	0.795444	0.797333	0.807444	0.788222	0.788778	0.792667	0.798889	0.795333	0.798556	0.795333	0.794778	0.793444	0.795333	0.790889	0.795000	0.796556	0.800333	0.787000	0.804111
recall	0.561415	0.557607	0.558414	0.561358	0.544728	0.546927	0.554277	0.565987	0.556303	0.561284	0.556467	0.562952	0.550904	0.554080	0.558624	0.553848	0.556615	0.560751	0.554441	0.562423
precision	0.786494	0.759984	0.772532	0.790747	0.754887	0.761764	0.771397	0.752894	0.768948	0.758467	0.784722	0.768737	0.768546	0.764056	0.782423	0.765623	0.779673	0.779275	0.766401	0.770655
f1score	0.558141	0.550941	0.552019	0.558696	0.527752	0.531231	0.544022	0.565516	0.548255	0.557770	0.547598	0.558651	0.538888	0.544948	0.549816	0.544374	0.548493	0.556228	0.542883	0.560430
mcc	0.265294	0.244760	0.252346	0.267130	0.213547	0.221665	0.242740	0.258361	0.246111	0.251713	0.253593	0.260135	0.233837	0.238998	0.257345	0.239192	0.251664	0.260509	0.240857	0.259962
spd0-0	0.031295	0.035872	0.033739	0.031851	0.022867	0.021525	0.027412	0.042233	0.032187	0.033377	0.029714	0.038304	0.025612	0.030325	0.032994	0.028851	0.032288	0.030616	0.030408	0.032669
spd0-1	0.047811	0.046016	0.045582	0.044105	0.044739	0.048740	0.049887	0.054305	0.046029	0.055815	0.044670	0.049420	0.046512	0.046214	0.046047	0.047593	0.042458	0.051146	0.049139	0.052485
spd0	0.016516	0.010144	0.011843	0.012255	0.021872	0.027215	0.022474	0.012072	0.013842	0.022438	0.014956	0.011116	0.020899	0.015888	0.013054	0.018741	0.010170	0.020530	0.018730	0.019816
aod0-0	0.122607	0.138514	0.135856	0.139507	0.085867	0.082241	0.113282	0.166304	0.121088	0.132310	0.114977	0.146326	0.102632	0.118063	0.127147	0.118295	0.130261	0.120963	0.116172	0.131668
aod0-1	0.178057	0.151084	0.150895	0.150622	0.149289	0.160213	0.158977	0.171238	0.160435	0.182366	0.158385	0.165883	0.153195	0.154503	0.156906	0.152002	0.142774	0.180198	0.159548	0.180508
aod0	0.027725	0.006285	0.007520	0.005557	0.031711	0.038986	0.022847	0.002467	0.019674	0.025028	0.021704	0.009778	0.025281	0.018220	0.014880	0.016854	0.006256	0.029618	0.021688	0.024420
eod0-0	0.112565	0.126005	0.126761	0.132216	0.078498	0.074956	0.107481	0.153097	0.109661	0.122192	0.105727	0.134030	0.095365	0.108252	0.117897	0.110612	0.120968	0.112084	0.107705	0.121708
eod0-1	0.164987	0.133939	0.132867	0.134684	0.131548	0.142857	0.137572	0.145711	0.146028	0.158565	0.146093	0.148358	0.135593	0.137255	0.142536	0.132054	0.128668	0.163070	0.140411	0.160864
eod0	0.052422	0.007933	0.006107	0.002468	0.053050	0.067901	0.030092	0.007386	0.036367	0.036373	0.040366	0.014328	0.040228	0.029003	0.024640	0.021443	0.007700	0.050985	0.032706	0.039157
spd1-0	0.036702	0.038151	0.037037	0.035872	0.030891	0.031783	0.035199	0.046446	0.036974	0.041828	0.035038	0.040604	0.034180	0.035304	0.038217	0.034848	0.035148	0.037807	0.037186	0.039776
spd1-1	0.047215	0.057178	0.052503	0.044471	0.039506	0.038778	0.046455	0.052381	0.044471	0.049202	0.043263	0.063679	0.032178	0.050369	0.038272	0.051702	0.048387	0.049096	0.043860	0.048507
spd1	0.010514	0.019026	0.015466	0.008599	0.008615	0.006995	0.011256	0.005935	0.007498	0.007374	0.008225	0.023076	0.002001	0.015064	0.000054	0.016854	0.013239	0.011289	0.006674	0.008732
aod1-0	0.146466	0.139465	0.138937	0.142988	0.112731	0.115962	0.131598	0.168119	0.136770	0.155807	0.134516	0.148236	0.128959	0.132516	0.143158	0.129182	0.134799	0.144918	0.133835	0.152466
aod1-1	0.138196	0.179109	0.167352	0.149844	0.111752	0.117983	0.136883	0.166336	0.144749	0.137774	0.129769	0.208708	0.090079	0.144493	0.112404	0.160531	0.143988	0.151340	0.135607	0.151862
aod1	0.004135	0.019822	0.014207	0.003428	0.000490	0.001011	0.002643	0.000891	0.003990	0.009017	0.002374	0.030236	0.019440	0.005988	0.015377	0.015674	0.004595	0.003211	0.000886	0.000302
eod1-0	0.136390	0.125563	0.126761	0.132187	0.101780	0.104645	0.120179	0.150869	0.123944	0.140997	0.124370	0.134509	0.118044	0.120680	0.132432	0.117051	0.124651	0.132723	0.121228	0.139034
eod1-1	0.115207	0.160714	0.150685	0.141593	0.094421	0.108000	0.121339	0.141414	0.134783	0.113744	0.115880	0.188073	0.074561	0.122271	0.095455	0.144796	0.122066	0.140351	0.123348	0.134884
eod1	0.021183	0.035151	0.023924	0.009406	0.007359	0.003355	0.001160	0.009455	0.010839	0.027253	0.008490	0.053564	0.043482	0.001591	0.036978	0.027745	0.002585	0.007628	0.002120	0.004151
wcspd-00	0.029902	0.033849	0.031470	0.030807	0.022329	0.020664	0.025998	0.040728	0.031082	0.031710	0.028500	0.034830	0.025140	0.028660	0.032821	0.026977	0.030973	0.028893	0.029466	0.032378
wcspd-01	0.042484	0.052453	0.052189	0.040404	0.027257	0.028428	0.039182	0.054187	0.040917	0.048327	0.039724	0.065359	0.029565	0.043845	0.034423	0.045372	0.043328	0.046125	0.038462	0.035149
wcspd-10	0.046961	0.044404	0.045061	0.043346	0.042966	0.047647	0.048832	0.054770	0.045482	0.056091	0.044165	0.048730	0.047055	0.044794	0.045912	0.046255	0.041182	0.050807	0.048567	0.050493
wcspd-11	0.060748	0.069264	0.053333	0.054622	0.071749	0.063241	0.064935	0.047619	0.054299	0.051402	0.052174	0.059322	0.038627	0.067873	0.048035	0.066116	0.061135	0.056034	0.057522	0.080851
wcspd	0.030845	0.035415	0.021863	0.023815	0.049420	0.042577	0.038937	0.014042	0.023217	0.024381	0.023674	0.030529	0.021915	0.039213	0.015214	0.039139	0.030163	0.027141	0.028056	0.048473
wcaod-00	0.122989	0.134882	0.129907	0.138431	0.089086	0.080597	0.113324	0.163882	0.120148	0.130447	0.115202	0.134418	0.104605	0.117933	0.131490	0.113932	0.129055	0.116928	0.115398	0.133957
wcaod-01	0.123199	0.162311	0.176804	0.146840	0.070001	0.091777	0.115555	0.184488	0.127286	0.147155	0.116125	0.227492	0.091263	0.123095	0.100303	0.148431	0.140567	0.147538	0.122351	0.116906
wcaod-10	0.178857	0.145610	0.151196	0.149774	0.143458	0.159132	0.156225	0.174785	0.157797	0.187875	0.158153	0.165756	0.159441	0.151186	0.158185	0.149003	0.142308	0.182085	0.158983	0.176362
wcaod-11	0.171785	0.221089	0.147926	0.154518	0.221993	0.170798	0.193327	0.122202	0.190476	0.118125	0.159107	0.168880	0.090576	0.193650	0.141370	0.185972	0.153880	0.159406	0.163757	0.232473
wcaod	0.027934	0.043103	0.023448	0.008043	0.075996	0.045100	0.040002	0.031143	0.035164	0.034875	0.021953	0.046537	0.034432	0.037858	0.028941	0.036020	0.012412	0.032578	0.024179	0.057783
wceod-00	0.114573	0.123045	0.121581	0.131324	0.082752	0.073271	0.108190	0.151668	0.108961	0.121118	0.106776	0.123000	0.097837	0.109617	0.123047	0.106736	0.120778	0.108190	0.107312	0.123950
wceod-01	0.099338	0.143750	0.161074	0.137931	0.053254	0.084848	0.103448	0.163121	0.113772	0.129252	0.099379	0.208054	0.079470	0.100000	0.083871	0.136054	0.122302	0.137255	0.110390	0.107383
wceod-10	0.166209	0.128519	0.133249	0.133245	0.125786	0.141809	0.135000	0.149874	0.142497	0.165000	0.145499	0.148649	0.142327	0.134085	0.144068	0.129310	0.129310	0.164690	0.139477	0.157757
wceod-11	0.151515	0.203125	0.128571	0.148148	0.203125	0.152941	0.169231	0.087719	0.190476	0.078125	0.152778	0.144928	0.064935	0.173913	0.123077	0.162162	0.121622	0.146667	0.150685	0.196970
wceod	0.066871	0.080080	0.039493	0.016824	0.149871	0.079670	0.065782	0.075401	0.081515	0.086875	0.053399	0.085054	0.077392	0.073913	0.060197	0.055426	0.008532	0.056500	0.043372	0.089587
